160856.604519221,40,2260.8,2461.2,2363.6,0,0,738601.735105376,0,0,0
160856.644518287,40,2256.4,2463.2,2368.6,0,0,738601.735105839,0,0,0
160856.684517354,40,2261.4,2464,2375.8,0,0,738601.735106302,0,0,0
160856.72451642,40,2257,2467.4,2376.4,0,0,738601.735106765,0,0,0
160856.764515487,40,2257.6,2465.6,2378.6,0,0,738601.735107228,0,0,0
160856.804514553,40,2257.6,2472.2,2386.2,0,0,738601.735107691,0,0,0
160856.844513619,40,2263.4,2469.8,2385,0,0,738601.735108154,0,0,0
160856.884512686,40,2263.8,2469,2384.6,0,0,738601.735108617,0,0,0
160856.924511752,40,2262,2468.2,2381.8,0,0,738601.73510908,0,0,0
160856.964510819,40,2258.4,2472.8,2383.6,0,0,738601.735109543,0,0,0
160857.004509885,40,2258.2,2467.8,2380.8,0,0,738601.735110006,0,0,0
160857.044508951,40,2256.2,2465,2373.6,0,0,738601.735110469,0,0,0
160857.084508018,40,2262.8,2466,2378.4,0,0,738601.735110931,0,0,0
160857.124507084,40,2262.2,2457,2368,0,0,738601.735111394,0,0,0
160857.164506151,40,2259.8,2455.8,2359.4,0,0,738601.735111857,0,0,0
160857.204505217,40,2263.4,2446.4,2343.2,0,0,738601.73511232,0,0,0
160857.244504283,40,2266.8,2436.4,2329.2,0,0,738601.735112783,0,0,0
160857.28450335,40,2267.8,2427.6,2311.8,0,0,738601.735113246,0,0,0
160857.324502416,40,2269,2414.4,2293.6,0,0,738601.735113709,0,0,0
160857.364501483,40,2269.6,2395.8,2278.2,0,0,738601.735114172,0,0,0
160857.404500549,40,2272,2383.6,2263.8,0,0,738601.735114635,0,0,0
160857.444499615,40,2264.2,2366.2,2241.4,0,0,738601.735115098,0,0,0
160857.484498682,40,2266.2,2348.2,2223.8,0,0,738601.735115561,0,0,0
160857.524497748,40,2264.6,2334.2,2215.4,0,0,738601.735116024,0,0,0
160857.564496815,40,2261.6,2322.8,2206.6,0,0,738601.735116487,0,0,0
160857.604495881,40,2258.2,2311.6,2193.6,0,0,738601.73511695,0,0,0
160857.644494947,40,2253.6,2302.4,2182,0,0,738601.735117413,0,0,0
160857.684494014,40,2254.4,2294.6,2180,0,0,738601.735117876,0,0,0
160857.72449308,40,2247.4,2286,2170.6,0,0,738601.735118339,0,0,0
160857.764492147,40,2245.8,2279.4,2168.6,0,0,738601.735118802,0,0,0
160857.804491213,40,2246.8,2273.2,2162.8,0,0,738601.735119265,0,0,0
160857.844490279,40,2241.6,2267.8,2156.4,0,0,738601.735119728,0,0,0
160857.884489346,40,2242.6,2266,2155.6,0,0,738601.735120191,0,0,0
160857.924488412,40,2243,2264.8,2156.6,0,0,738601.735120654,0,0,0
160857.964487479,40,2244.4,2266,2159.2,0,0,738601.735121116,0,0,0
160858.004486545,40,2243.6,2266.8,2161,0,0,738601.735121579,0,0,0
160858.044485611,40,2243.6,2263.8,2157.2,0,0,738601.735122042,0,0,0
160858.084484678,40,2243.2,2264.4,2156.8,0,0,738601.735122505,0,0,0
160858.124483744,40,2238.4,2267.4,2156.2,0,0,738601.735122968,0,0,0
160858.164482811,40,2245.2,2264.6,2156,0,0,738601.735123431,0,0,0
160858.204481877,40,2242.8,2273.6,2162.8,0,0,738601.735123894,0,0,0
160858.244480943,40,2243.8,2271.4,2156,0,0,738601.735124357,0,0,0
160858.28448001,40,2250.8,2277.4,2164.8,0,0,738601.73512482,0,0,0
160858.324479076,40,2246.6,2276.2,2165,0,0,738601.735125283,0,0,0
160858.364478143,40,2248,2276.6,2160.6,0,0,738601.735125746,0,0,0
160858.404477209,40,2243.6,2273.2,2164.6,0,0,738601.735126209,0,0,0
160858.444476275,40,2247.4,2275,2163,0,0,738601.735126672,0,0,0
160858.484475342,40,2246,2276.6,2167.8,0,0,738601.735127135,0,0,0
160858.524474408,40,2249.2,2279.6,2161.8,0,0,738601.735127598,0,0,0
160858.564473475,40,2246,2280,2164.4,0,0,738601.735128061,0,0,0
160858.604472541,40,2245.2,2280,2166.2,0,0,738601.735128524,0,0,0
160858.644471607,40,2244.6,2278,2163,0,0,738601.735128987,0,0,0
160858.684470674,40,2245.4,2275.4,2161,0,0,738601.73512945,0,0,0
160858.72446974,40,2247.6,2277,2167.4,0,0,738601.735129913,0,0,0
160858.764468807,40,2249.6,2272.2,2165.6,0,0,738601.735130375,0,0,0
160858.804467873,40,2245.2,2276.4,2166,0,0,738601.735130838,0,0,0
160858.844466939,40,2248,2276.2,2164.4,0,0,738601.735131301,0,0,0
160858.884466006,40,2246.2,2280,2168.6,0,0,738601.735131764,0,0,0
160858.924465072,40,2246,2279,2169.8,0,0,738601.735132227,0,0,0
160858.964464139,40,2248.4,2279.6,2171.2,0,0,738601.73513269,0,0,0
160859.004463205,40,2247.4,2283.6,2170.6,0,0,738601.735133153,0,0,0
160859.044462271,40,2249.8,2281.6,2170.4,0,0,738601.735133616,0,0,0
160859.084461338,40,2250.2,2288,2175.8,0,0,738601.735134079,0,0,0
160859.124460404,40,2251.4,2288.2,2172,0,0,738601.735134542,0,0,0
160859.164459471,40,2255,2290,2173.4,0,0,738601.735135005,0,0,0
160859.204458537,40,2251.8,2287.8,2174.2,0,0,738601.735135468,0,0,0
160859.244457603,40,2252.8,2292.2,2180.2,0,0,738601.735135931,0,0,0
160859.28445667,40,2250.2,2290.8,2175.4,0,0,738601.735136394,0,0,0
160859.324455736,40,2257.8,2294.4,2179.8,0,0,738601.735136857,0,0,0
160859.364454803,40,2252,2291.8,2178.6,0,0,738601.73513732,0,0,0
160859.404453869,40,2253.2,2291,2183.4,0,0,738601.735137783,0,0,0
160859.444452935,40,2257.6,2295.8,2182,0,0,738601.735138246,0,0,0
160859.484452002,40,2254,2300.8,2181,0,0,738601.735138709,0,0,0
160859.524451068,40,2260.6,2300.4,2180.6,0,0,738601.735139172,0,0,0
160859.564450135,40,2257.4,2297.2,2184.2,0,0,738601.735139635,0,0,0
160859.604449201,40,2257,2297.4,2184.6,0,0,738601.735140097,0,0,0
160859.644448267,40,2258.2,2305.8,2189,0,0,738601.73514056,0,0,0
160859.684447334,40,2257.2,2304.2,2189.2,0,0,738601.735141023,0,0,0
160859.7244464,40,2254.4,2307,2188.2,0,0,738601.735141486,0,0,0
160859.764445467,40,2258.6,2306.8,2189.4,0,0,738601.735141949,0,0,0
160859.804444533,40,2258.4,2308.4,2193,0,0,738601.735142412,0,0,0
160859.844443599,40,2259.4,2303.8,2190.4,0,0,738601.735142875,0,0,0
160859.884442666,40,2257.6,2309.8,2191.2,0,0,738601.735143338,0,0,0
160859.924441732,40,2256.4,2310.2,2193.8,0,0,738601.735143801,0,0,0
160859.964440799,40,2262.4,2317.2,2193,0,0,738601.735144264,0,0,0
160860.004439865,40,2265.4,2314.2,2193.4,0,0,738601.735144727,0,0,0
160860.044438931,40,2261.8,2315.4,2199.8,0,0,738601.73514519,0,0,0
160860.084437998,40,2260.6,2317,2197.6,0,0,738601.735145653,0,0,0
160860.124437064,40,2260.8,2315.2,2204.4,0,0,738601.735146116,0,0,0
160860.164436131,40,2263.2,2317.6,2196.4,0,0,738601.735146579,0,0,0
160860.204435197,40,2261.4,2324.2,2199,0,0,738601.735147042,0,0,0
160860.244434263,40,2267.6,2321,2201.8,0,0,738601.735147505,0,0,0
160860.28443333,40,2264.2,2320,2203.8,0,0,738601.735147968,0,0,0
160860.324432396,40,2266.8,2330,2209.4,0,0,738601.735148431,0,0,0
160860.364431463,40,2261,2329.8,2207.8,0,0,738601.735148894,0,0,0
160860.404430529,40,2263.2,2328.4,2210.6,0,0,738601.735149357,0,0,0
160860.444429595,40,2262,2330.2,2213.6,0,0,738601.73514982,0,0,0
160860.484428662,40,2268.8,2337.8,2214.6,0,0,738601.735150282,0,0,0
160860.524427728,40,2262.4,2341.2,2216.6,0,0,738601.735150745,0,0,0
160860.564426795,40,2266.8,2339.2,2219.4,0,0,738601.735151208,0,0,0
160860.604425861,40,2263.8,2341.6,2219.4,0,0,738601.735151671,0,0,0
160860.644424927,40,2268,2344.4,2221,0,0,738601.735152134,0,0,0
160860.684423994,40,2262.4,2341.2,2222.6,0,0,738601.735152597,0,0,0
160860.72442306,40,2265.8,2343.4,2225.2,0,0,738601.73515306,0,0,0
160860.767422057,43,2264.4,2344.4,2220,0,0,738601.735153558,0,0,0
160860.807421123,40,2266.6,2344.4,2224.8,0,0,738601.735154021,0,0,0
160860.847420189,40,2268.2,2341.2,2219.4,0,0,738601.735154484,0,0,0
160860.887419256,40,2261.4,2342.4,2225.4,0,0,738601.735154947,0,0,0
160860.927418322,40,2264.2,2344.4,2219.2,0,0,738601.73515541,0,0,0
160860.969417342,42,2264.8,2346.2,2224,0,0,738601.735155896,0,0,0
160861.009416408,40,2265.2,2342,2221.6,0,0,738601.735156359,0,0,0
160861.049415475,40,2266.6,2347.4,2222.8,0,0,738601.735156822,0,0,0
160861.089414541,40,2262.8,2342.4,2219.2,0,0,738601.735157285,0,0,0
160861.129413607,40,2268,2348.8,2219,0,0,738601.735157748,0,0,0
160861.169412674,40,2268.2,2350.2,2223,0,0,738601.735158211,0,0,0
160861.20941174,40,2267.6,2352.8,2224.8,0,0,738601.735158673,0,0,0
160861.249410807,40,2267.6,2352.6,2227.8,0,0,738601.735159136,0,0,0
160861.289409873,40,2271.2,2353.8,2226.4,0,0,738601.735159599,0,0,0
160861.329408939,40,2266.8,2355.6,2231.6,0,0,738601.735160062,0,0,0
160861.369408006,40,2267,2355.8,2230.6,0,0,738601.735160525,0,0,0
160861.409407072,40,2270,2354.6,2230.8,0,0,738601.735160988,0,0,0
160861.449406139,40,2263.2,2353.6,2235.4,0,0,738601.735161451,0,0,0
160861.489405205,40,2268.8,2358.4,2239.8,0,0,738601.735161914,0,0,0
160861.529404271,40,2266.2,2359.4,2233.2,0,0,738601.735162377,0,0,0
160861.569403338,40,2268.2,2361.8,2236.6,0,0,738601.73516284,0,0,0
160861.609402404,40,2266.2,2358.2,2235,0,0,738601.735163303,0,0,0
160861.649401471,40,2269.4,2365.2,2238,0,0,738601.735163766,0,0,0
160861.689400537,40,2265,2360.6,2236.6,0,0,738601.735164229,0,0,0
160861.729399603,40,2267,2363,2239.2,0,0,738601.735164692,0,0,0
160861.76939867,40,2263.8,2358.8,2237.4,0,0,738601.735165155,0,0,0
160861.809397736,40,2265.8,2360.4,2230.4,0,0,738601.735165618,0,0,0
160861.849396803,40,2267.6,2361.4,2235.6,0,0,738601.735166081,0,0,0
160861.889395869,40,2269.6,2363,2240.6,0,0,738601.735166544,0,0,0
160861.929394935,40,2268.8,2357.6,2237.8,0,0,738601.735167007,0,0,0
160861.969394002,40,2265,2364.2,2240.6,0,0,738601.735167469,0,0,0
160862.009393068,40,2270,2360,2237.6,0,0,738601.735167932,0,0,0
160862.049392135,40,2266.4,2360.2,2237.6,0,0,738601.735168395,0,0,0
160862.089391201,40,2269.4,2363.2,2237.2,0,0,738601.735168858,0,0,0
160862.129390267,40,2266.6,2360.4,2237.6,0,0,738601.735169321,0,0,0
160862.169389334,40,2264.8,2359.8,2239.6,0,0,738601.735169784,0,0,0
160862.2093884,40,2265.8,2363.2,2239.4,0,0,738601.735170247,0,0,0
160862.249387467,40,2268,2359,2240,0,0,738601.73517071,0,0,0
160862.289386533,40,2267.6,2361.2,2241,0,0,738601.735171173,0,0,0
160862.329385599,40,2267,2364,2244,0,0,738601.735171636,0,0,0
160862.369384666,40,2265,2361.8,2239,0,0,738601.735172099,0,0,0
160862.409383732,40,2269.8,2367.4,2243,0,0,738601.735172562,0,0,0
160862.449382799,40,2264.4,2364.8,2246.4,0,0,738601.735173025,0,0,0
160862.489381865,40,2265.2,2361,2243.4,0,0,738601.735173488,0,0,0
160862.529380931,40,2268,2363.8,2245.8,0,0,738601.735173951,0,0,0
160862.569379998,40,2267.6,2358.8,2240.2,0,0,738601.735174414,0,0,0
160862.609379064,40,2272.2,2364.4,2241.4,0,0,738601.735174877,0,0,0
160862.649378131,40,2269.4,2362.6,2242.8,0,0,738601.73517534,0,0,0
160862.689377197,40,2271,2361,2236.8,0,0,738601.735175803,0,0,0
160862.729376263,40,2269.8,2363.4,2244.6,0,0,738601.735176266,0,0,0
160862.76937533,40,2272,2369.8,2243.4,0,0,738601.735176729,0,0,0
160862.809374396,40,2267.2,2363,2242.2,0,0,738601.735177192,0,0,0
160862.849373463,40,2268,2363.2,2238.2,0,0,738601.735177654,0,0,0
160862.889372529,40,2265,2367,2241,0,0,738601.735178117,0,0,0
160862.929371595,40,2274.2,2364,2243.2,0,0,738601.73517858,0,0,0
160862.969370662,40,2265.4,2363.2,2242.4,0,0,738601.735179043,0,0,0
160863.009369728,40,2269.6,2366.4,2243.4,0,0,738601.735179506,0,0,0
160863.049368795,40,2268.8,2369.6,2244.4,0,0,738601.735179969,0,0,0
160863.089367861,40,2270,2370.2,2242.4,0,0,738601.735180432,0,0,0
160863.129366927,40,2269.2,2363.6,2247,0,0,738601.735180895,0,0,0
160863.169365994,40,2270.8,2366,2246,0,0,738601.735181358,0,0,0
160863.20936506,40,2276.6,2372.2,2242.4,0,0,738601.735181821,0,0,0
160863.249364127,40,2270.8,2363.6,2241.6,0,0,738601.735182284,0,0,0
160863.289363193,40,2270.8,2365.2,2241.6,0,0,738601.735182747,0,0,0
160863.329362259,40,2269.6,2365.6,2239.2,0,0,738601.73518321,0,0,0
160863.369361326,40,2271,2363.6,2246.4,0,0,738601.735183673,0,0,0
160863.409360392,40,2267,2363.8,2247.2,0,0,738601.735184136,0,0,0
160863.449359459,40,2270.2,2365.6,2247,0,0,738601.735184599,0,0,0
160863.489358525,40,2272.6,2368.6,2243.4,0,0,738601.735185062,0,0,0
160863.529357591,40,2269.8,2369,2243,0,0,738601.735185525,0,0,0
160863.569356658,40,2273.2,2368.8,2246.2,0,0,738601.735185988,0,0,0
160863.609355724,40,2271.8,2372.6,2244.6,0,0,738601.735186451,0,0,0
160863.649354791,40,2272.8,2367.2,2243.8,0,0,738601.735186914,0,0,0
160863.689353857,40,2271,2370.6,2245,0,0,738601.735187377,0,0,0
160863.729352923,40,2271.2,2366.2,2246.6,0,0,738601.735187839,0,0,0
160863.76935199,40,2269.8,2369.6,2253.4,0,0,738601.735188302,0,0,0
160863.809351056,40,2268.6,2372,2245.4,0,0,738601.735188765,0,0,0
160863.849350123,40,2267.6,2372,2247.4,0,0,738601.735189228,0,0,0
160863.889349189,40,2269,2369.4,2247.2,0,0,738601.735189691,0,0,0
160863.929348255,40,2270.4,2369,2247.2,0,0,738601.735190154,0,0,0
160863.969347322,40,2265.4,2370.8,2247.8,0,0,738601.735190617,0,0,0
160864.009346388,40,2275,2369.4,2247.6,0,0,738601.73519108,0,0,0
160864.049345455,40,2270,2371.2,2246.4,0,0,738601.735191543,0,0,0
160864.089344521,40,2268.8,2370.4,2250.2,0,0,738601.735192006,0,0,0
160864.129343587,40,2267.6,2373,2247.4,0,0,738601.735192469,0,0,0
160864.169342654,40,2272.2,2373.4,2246.2,0,0,738601.735192932,0,0,0
160864.20934172,40,2272.6,2371.4,2245.2,0,0,738601.735193395,0,0,0
160864.249340787,40,2271.6,2373.2,2247.8,0,0,738601.735193858,0,0,0
160864.289339853,40,2269.4,2373.4,2251.2,0,0,738601.735194321,0,0,0
160864.329338919,40,2267.6,2372.8,2251.6,0,0,738601.735194784,0,0,0
160864.369337986,40,2269.4,2376.8,2254,0,0,738601.735195247,0,0,0
160864.409337052,40,2271,2379.4,2260,0,0,738601.73519571,0,0,0
160864.449336119,40,2271.4,2386.2,2266.4,0,0,738601.735196173,0,0,0
160864.489335185,40,2266.4,2394.6,2276.2,0,0,738601.735196635,0,0,0
160864.529334251,40,2271,2403,2287.4,0,0,738601.735197098,0,0,0
160864.569333318,40,2269,2415.8,2299.4,0,0,738601.735197561,0,0,0
160864.609332384,40,2267.6,2423,2309.6,0,0,738601.735198024,0,0,0
160864.649331451,40,2269,2430.4,2323.2,0,0,738601.735198487,0,0,0
160864.689330517,40,2262,2438.4,2333.6,0,0,738601.73519895,0,0,0
160864.729329583,40,2261.2,2445.2,2346.2,0,0,738601.735199413,0,0,0
160864.76932865,40,2253.8,2467.2,2388.4,0,0,738601.735199876,0,0,0
160864.809327716,40,2248,2490.6,2442,0,0,738601.735200339,0,0,0
160864.849326783,40,2222.2,2508.2,2546.4,0,0,738601.735200802,0,0,0
160864.889325849,40,2183.2,2505.4,2674.2,0,0,738601.735201265,0,0,0
160864.929324915,40,2151.8,2458,2774.8,0,0,738601.735201728,0,0,0
160864.969323982,40,2127.2,2396.6,2802.4,0,0,738601.735202191,0,0,0
160865.009323048,40,2106.6,2358,2765.2,0,0,738601.735202654,0,0,0
160865.049322115,40,2115.2,2364.6,2737,0,0,738601.735203117,0,0,0
160865.089321181,40,2124.4,2390.2,2703.2,0,0,738601.73520358,0,0,0
160865.129320247,40,2158.2,2432,2641,0,0,738601.735204043,0,0,0
160865.169319314,40,2198.4,2461.4,2537.2,0,0,738601.735204506,0,0,0
160865.20931838,40,2240.4,2462.4,2422.2,0,0,738601.735204969,0,0,0
160865.249317447,40,2265.8,2426.2,2323.4,0,0,738601.735205432,0,0,0
160865.289316513,40,2270.2,2364.4,2241,0,0,738601.735205895,0,0,0
160865.329315579,40,2260.8,2305.6,2184.6,0,0,738601.735206358,0,0,0
160865.369314646,40,2238.8,2261.4,2154.4,0,0,738601.73520682,0,0,0
160865.409313712,40,2232.2,2263.4,2156.2,0,0,738601.735207283,0,0,0
160865.449312779,40,2244.4,2282.8,2167.2,0,0,738601.735207746,0,0,0
160865.489311845,40,2256.2,2321,2202.4,0,0,738601.735208209,0,0,0
160865.529310911,40,2265.4,2372.4,2250.6,0,0,738601.735208672,0,0,0
160865.569309978,40,2259,2442.6,2340.4,0,0,738601.735209135,0,0,0
160865.609309044,40,2229.6,2508.8,2502.2,0,0,738601.735209598,0,0,0
160865.649308111,40,2181.2,2504.2,2700,0,0,738601.735210061,0,0,0
160865.689307177,40,2120.6,2406.4,2818.8,0,0,738601.735210524,0,0,0
160865.729306243,40,2077.8,2285,2726.8,0,0,738601.735210987,0,0,0
160865.76930531,40,2053.4,2206.4,2526.4,0,0,738601.73521145,0,0,0
160865.809304376,40,2044.8,2163.4,2383.6,0,0,738601.735211913,0,0,0
160865.849303443,40,2037.4,2153.2,2352.4,0,0,738601.735212376,0,0,0
160865.889302509,40,2044.6,2177,2429.6,0,0,738601.735212839,0,0,0
160865.929301575,40,2058.4,2221.2,2567.6,0,0,738601.735213302,0,0,0
160865.969300642,40,2089,2307.6,2730.8,0,0,738601.735213765,0,0,0
160866.009299708,40,2135.8,2421.4,2773.4,0,0,738601.735214228,0,0,0
160866.049298775,40,2192.6,2498.6,2643.2,0,0,738601.735214691,0,0,0
160866.089297841,40,2241.6,2496.6,2455.2,0,0,738601.735215154,0,0,0
160866.129296907,40,2272.8,2429.6,2315.8,0,0,738601.735215617,0,0,0
160866.169295974,40,2272.8,2356.2,2237,0,0,738601.73521608,0,0,0
160866.20929504,40,2256,2302.2,2191,0,0,738601.735216542,0,0,0
160866.249294107,40,2244.6,2275.2,2161.8,0,0,738601.735217005,0,0,0
160866.289293173,40,2243,2279.8,2170.6,0,0,738601.735217468,0,0,0
160866.329292239,40,2255,2320.8,2201,0,0,738601.735217931,0,0,0
160866.369291306,40,2274,2392.8,2270.2,0,0,738601.735218394,0,0,0
160866.409290372,40,2258,2471,2378.6,0,0,738601.735218857,0,0,0
160866.449289439,40,2215,2517.4,2563.8,0,0,738601.73521932,0,0,0
160866.489288505,40,2159.8,2473,2759.4,0,0,738601.735219783,0,0,0
160866.529287571,40,2105.4,2361.4,2820.6,0,0,738601.735220246,0,0,0
160866.569286638,40,2071.2,2255,2659.4,0,0,738601.735220709,0,0,0
160866.609285704,40,2048.6,2190.2,2471.8,0,0,738601.735221172,0,0,0
160866.649284771,40,2039,2159.2,2358,0,0,738601.735221635,0,0,0
160866.689283837,40,2044,2165.2,2375.2,0,0,738601.735222098,0,0,0
160866.729282903,40,2053.6,2199,2476.8,0,0,738601.735222561,0,0,0
160866.76928197,40,2069.4,2261.4,2645.6,0,0,738601.735223024,0,0,0
160866.809281036,40,2114,2365.4,2782.2,0,0,738601.735223487,0,0,0
160866.849280103,40,2163.2,2481,2721.6,0,0,738601.73522395,0,0,0
160866.889279169,40,2229,2506.4,2509.8,0,0,738601.735224413,0,0,0
160866.929278235,40,2265.8,2442.4,2340.4,0,0,738601.735224876,0,0,0
160866.969277302,40,2273.2,2359.2,2231.6,0,0,738601.735225339,0,0,0
160867.009276368,40,2252.8,2289.6,2175.6,0,0,738601.735225801,0,0,0
160867.049275435,40,2234.8,2261.4,2153.2,0,0,738601.735226264,0,0,0
160867.089274501,40,2237.8,2262.8,2158.6,0,0,738601.735226727,0,0,0
160867.129273567,40,2248,2291.2,2178.8,0,0,738601.73522719,0,0,0
160867.169272634,40,2265.2,2337.4,2221.4,0,0,738601.735227653,0,0,0
160867.2092717,40,2265.8,2414.2,2298.8,0,0,738601.735228116,0,0,0
160867.249270767,40,2247.4,2482.4,2436.6,0,0,738601.735228579,0,0,0
160867.289269833,40,2196.6,2517.6,2648.2,0,0,738601.735229042,0,0,0
160867.329268899,40,2138.6,2438.8,2811.6,0,0,738601.735229505,0,0,0
160867.369267966,40,2089.4,2313,2767.2,0,0,738601.735229968,0,0,0
160867.409267032,40,2060.4,2221.8,2576.4,0,0,738601.735230431,0,0,0
160867.449266099,40,2045,2168.4,2408.6,0,0,738601.735230894,0,0,0
160867.489265165,40,2044.4,2146.6,2330.2,0,0,738601.735231357,0,0,0
160867.529264231,40,2044.4,2161.4,2377.4,0,0,738601.73523182,0,0,0
160867.569263298,40,2058,2195,2512.4,0,0,738601.735232283,0,0,0
160867.609262364,40,2079.6,2277.2,2708,0,0,738601.735232746,0,0,0
160867.649261431,40,2121.8,2400.4,2830.2,0,0,738601.735233209,0,0,0
160867.689260497,40,2180.6,2498.4,2694.8,0,0,738601.735233672,0,0,0
160867.729259563,40,2238.6,2506.8,2468.8,0,0,738601.735234135,0,0,0
160867.76925863,40,2265.2,2426,2311.6,0,0,738601.735234598,0,0,0
160867.809257696,40,2270.2,2338.6,2215.8,0,0,738601.735235061,0,0,0
160867.849256763,40,2244,2277.8,2169,0,0,738601.735235524,0,0,0
160867.889255829,40,2232.6,2256,2149.2,0,0,738601.735235986,0,0,0
160867.929254895,40,2244,2275.6,2164.6,0,0,738601.735236449,0,0,0
160867.969253962,40,2256.8,2307,2190,0,0,738601.735236912,0,0,0
160868.009253028,40,2265.8,2355.8,2236,0,0,738601.735237375,0,0,0
160868.049252095,40,2263.8,2431,2322.2,0,0,738601.735237838,0,0,0
160868.089251161,40,2239.2,2505.6,2479.2,0,0,738601.735238301,0,0,0
160868.129250227,40,2183.8,2512.6,2689.4,0,0,738601.735238764,0,0,0
160868.169249294,40,2128,2412.8,2822.4,0,0,738601.735239227,0,0,0
160868.20924836,40,2084.4,2295.2,2742.4,0,0,738601.73523969,0,0,0
160868.249247427,40,2058.4,2211,2543.2,0,0,738601.735240153,0,0,0
160868.289246493,40,2043.6,2160.8,2389.2,0,0,738601.735240616,0,0,0
160868.329245559,40,2038.8,2151,2345.2,0,0,738601.735241079,0,0,0
160868.369244626,40,2044.2,2169.2,2418.6,0,0,738601.735241542,0,0,0
160868.409243692,40,2057,2209.8,2565,0,0,738601.735242005,0,0,0
160868.449242759,40,2081,2298,2769.8,0,0,738601.735242468,0,0,0
160868.489241825,40,2122.2,2416.2,2833.2,0,0,738601.735242931,0,0,0
160868.529240891,40,2186.4,2506.4,2673.2,0,0,738601.735243394,0,0,0
160868.569239958,40,2245.2,2500,2453.4,0,0,738601.735243857,0,0,0
160868.609239024,40,2271,2423.2,2302,0,0,738601.73524432,0,0,0
160868.649238091,40,2269,2345.4,2220.6,0,0,738601.735244783,0,0,0
160868.689237157,40,2253.4,2294.6,2177.4,0,0,738601.735245246,0,0,0
160868.729236223,40,2241.4,2265.2,2155.8,0,0,738601.735245708,0,0,0
160868.76923529,40,2237.2,2267.6,2161,0,0,738601.735246171,0,0,0
160868.809234356,40,2251.6,2305.6,2189.8,0,0,738601.735246634,0,0,0
160868.849233423,40,2271.2,2369,2239.4,0,0,738601.735247097,0,0,0
160868.889232489,40,2267,2447.2,2340.2,0,0,738601.73524756,0,0,0
160868.929231555,40,2235.2,2515,2504.8,0,0,738601.735248023,0,0,0
160868.969230622,40,2178,2497,2714.6,0,0,738601.735248486,0,0,0
160869.009229688,40,2118.6,2396,2806.4,0,0,738601.735248949,0,0,0
160869.049228755,40,2080.6,2280.6,2694.6,0,0,738601.735249412,0,0,0
160869.089227821,40,2055.2,2203,2508,0,0,738601.735249875,0,0,0
160869.129226887,40,2046.4,2166.6,2391.4,0,0,738601.735250338,0,0,0
160869.169225954,40,2041.4,2157,2367.4,0,0,738601.735250801,0,0,0
160869.20922502,40,2045.4,2177.2,2453.2,0,0,738601.735251264,0,0,0
160869.249224087,40,2063.2,2232.6,2609,0,0,738601.735251727,0,0,0
160869.289223153,40,2092.2,2325,2803.4,0,0,738601.73525219,0,0,0
160869.329222219,40,2141.2,2454,2807.4,0,0,738601.735252653,0,0,0
160869.369221286,40,2207.2,2516.6,2597,0,0,738601.735253116,0,0,0
160869.409220352,40,2257.6,2477.2,2396.8,0,0,738601.735253579,0,0,0
160869.449219419,40,2270.2,2385.8,2263.4,0,0,738601.735254042,0,0,0
160869.489218485,40,2263.2,2321.6,2194,0,0,738601.735254504,0,0,0
160869.529217551,40,2246.4,2271.2,2163.4,0,0,738601.735254967,0,0,0
160869.569216618,40,2243,2266.8,2155.8,0,0,738601.73525543,0,0,0
160869.609215684,40,2246.6,2285.2,2175.6,0,0,738601.735255893,0,0,0
160869.649214751,40,2259.8,2330,2213.2,0,0,738601.735256356,0,0,0
160869.689213817,40,2266.2,2396.6,2278.4,0,0,738601.735256819,0,0,0
160869.729212883,40,2247.4,2477.2,2408.2,0,0,738601.735257282,0,0,0
160869.76921195,40,2210.2,2520.8,2594.8,0,0,738601.735257745,0,0,0
160869.809211016,40,2153.8,2466.4,2785.8,0,0,738601.735258208,0,0,0
160869.849210083,40,2103.6,2352,2811,0,0,738601.735258671,0,0,0
160869.889209149,40,2066.2,2256.2,2665.6,0,0,738601.735259134,0,0,0
160869.929208215,40,2049.2,2192.2,2483.6,0,0,738601.735259597,0,0,0
160869.969207282,40,2037.8,2155.8,2373.4,0,0,738601.73526006,0,0,0
160870.009206348,40,2042,2156,2365.8,0,0,738601.735260523,0,0,0
160870.049205415,40,2048.8,2186,2466,0,0,738601.735260986,0,0,0
160870.089204481,40,2069.8,2245.2,2618,0,0,738601.735261449,0,0,0
160870.129203547,40,2101.6,2339.4,2771,0,0,738601.735261912,0,0,0
160870.169202614,40,2151.4,2450.8,2751.2,0,0,738601.735262375,0,0,0
160870.20920168,40,2210.6,2510.2,2569.4,0,0,738601.735262838,0,0,0
160870.249200747,40,2262.6,2469,2390.6,0,0,738601.735263301,0,0,0
160870.289199813,40,2272.6,2389.2,2274.6,0,0,738601.735263764,0,0,0
160870.329198879,40,2268.6,2325.6,2211.4,0,0,738601.735264227,0,0,0
160870.369197946,40,2252,2279.2,2173.8,0,0,738601.735264689,0,0,0
160870.409197012,40,2243.4,2268.6,2157.4,0,0,738601.735265152,0,0,0
160870.449196079,40,2250.2,2280,2169.2,0,0,738601.735265615,0,0,0
160870.489195145,40,2255.2,2306.6,2193.8,0,0,738601.735266078,0,0,0
160870.529194211,40,2261.6,2362.6,2245,0,0,738601.735266541,0,0,0
160870.569193278,40,2260.4,2451.4,2350.6,0,0,738601.735267004,0,0,0
160870.609192344,40,2230,2514.2,2520.4,0,0,738601.735267467,0,0,0
160870.649191411,40,2173.8,2490.8,2726.2,0,0,738601.73526793,0,0,0
160870.689190477,40,2112.6,2395,2832,0,0,738601.735268393,0,0,0
160870.729189543,40,2072.4,2278,2723,0,0,738601.735268856,0,0,0
160870.76918861,40,2061.2,2208.2,2537.2,0,0,738601.735269319,0,0,0
160870.809187676,40,2047.6,2165.6,2404,0,0,738601.735269782,0,0,0
160870.849186743,40,2043.4,2165.4,2378.8,0,0,738601.735270245,0,0,0
160870.889185809,40,2050,2184.2,2466.4,0,0,738601.735270708,0,0,0
160870.929184875,40,2068.4,2244,2629.4,0,0,738601.735271171,0,0,0
160870.969183942,40,2098.2,2335.4,2768.6,0,0,738601.735271634,0,0,0
160871.009183008,40,2150.6,2453.2,2757.4,0,0,738601.735272097,0,0,0
160871.049182075,40,2202.4,2498,2587.2,0,0,738601.73527256,0,0,0
160871.089181141,40,2252.6,2477.4,2409,0,0,738601.735273023,0,0,0
160871.129180207,40,2270.4,2400,2289,0,0,738601.735273486,0,0,0
160871.169179274,40,2269.4,2335.8,2215.6,0,0,738601.735273949,0,0,0
160871.20917834,40,2256,2295.8,2181.8,0,0,738601.735274412,0,0,0
160871.249177407,40,2250,2285,2178.6,0,0,738601.735274874,0,0,0
160871.289176473,40,2256,2300,2186.6,0,0,738601.735275337,0,0,0
160871.329175539,40,2258.8,2329.4,2214.2,0,0,738601.7352758,0,0,0
160871.369174606,40,2264.8,2388.8,2269,0,0,738601.735276263,0,0,0
160871.409173672,40,2255.8,2477.6,2404.2,0,0,738601.735276726,0,0,0
160871.449172739,40,2215.4,2515.8,2582,0,0,738601.735277189,0,0,0
160871.489171805,40,2156.4,2463.8,2771.8,0,0,738601.735277652,0,0,0
160871.529170871,40,2107.4,2362.2,2824.2,0,0,738601.735278115,0,0,0
160871.569169938,40,2069.2,2266.4,2692.6,0,0,738601.735278578,0,0,0
160871.609169004,40,2051,2198.6,2523.4,0,0,738601.735279041,0,0,0
160871.649168071,40,2047.2,2172.8,2415.4,0,0,738601.735279504,0,0,0
160871.689167137,40,2044.8,2174.4,2408.8,0,0,738601.735279967,0,0,0
160871.729166203,40,2050.4,2201.4,2517.8,0,0,738601.73528043,0,0,0
160871.76916527,40,2077.6,2269.4,2683,0,0,738601.735280893,0,0,0
160871.809164336,40,2112.8,2369,2799.6,0,0,738601.735281356,0,0,0
160871.849163403,40,2164.2,2470.8,2724.2,0,0,738601.735281819,0,0,0
160871.889162469,40,2223.2,2505,2527.6,0,0,738601.735282282,0,0,0
160871.929161535,40,2264.6,2460.8,2365,0,0,738601.735282745,0,0,0
160871.969160602,40,2271.6,2379.6,2262.4,0,0,738601.735283208,0,0,0
160872.009159668,40,2266.6,2313.2,2200,0,0,738601.73528367,0,0,0
160872.049158735,40,2249.4,2278.2,2166.6,0,0,738601.735284133,0,0,0
160872.089157801,40,2248,2273.4,2157.4,0,0,738601.735284596,0,0,0
160872.129156867,40,2257.2,2289.2,2175.4,0,0,738601.735285059,0,0,0
160872.169155934,40,2261.2,2310.6,2196.8,0,0,738601.735285522,0,0,0
160872.209155,40,2266.2,2367.8,2247.8,0,0,738601.735285985,0,0,0
160872.249154067,40,2265.8,2451.4,2359.6,0,0,738601.735286448,0,0,0
160872.289153133,40,2229,2522.8,2522.6,0,0,738601.735286911,0,0,0
160872.329152199,40,2172.2,2495.8,2712.4,0,0,738601.735287374,0,0,0
160872.369151266,40,2121.8,2397,2811,0,0,738601.735287837,0,0,0
160872.409150332,40,2081.6,2299.2,2734.2,0,0,738601.7352883,0,0,0
160872.449149399,40,2059.2,2223.2,2571.4,0,0,738601.735288763,0,0,0
160872.489148465,40,2048.2,2175.6,2427.4,0,0,738601.735289226,0,0,0
160872.529147531,40,2042.4,2163.4,2387.4,0,0,738601.735289689,0,0,0
160872.569146598,40,2053,2191.2,2478.4,0,0,738601.735290152,0,0,0
160872.609145664,40,2060.4,2244,2642.2,0,0,738601.735290615,0,0,0
160872.649144731,40,2096,2336.6,2799.6,0,0,738601.735291078,0,0,0
160872.689143797,40,2147.4,2459.8,2794.2,0,0,738601.735291541,0,0,0
160872.729142863,40,2201.6,2511.6,2601.2,0,0,738601.735292004,0,0,0
160872.76914193,40,2253.2,2478.2,2406.6,0,0,738601.735292467,0,0,0
160872.809140996,40,2273.4,2402,2277,0,0,738601.73529293,0,0,0
160872.849140063,40,2267.8,2326.8,2207.6,0,0,738601.735293393,0,0,0
160872.889139129,40,2254.8,2286.4,2169,0,0,738601.735293855,0,0,0
160872.929138195,40,2248.4,2271.8,2157.6,0,0,738601.735294318,0,0,0
160872.969137262,40,2254.2,2292,2180.2,0,0,738601.735294781,0,0,0
160873.009136328,40,2265,2330,2209,0,0,738601.735295244,0,0,0
160873.049135395,40,2267,2381.4,2260.6,0,0,738601.735295707,0,0,0
160873.089134461,40,2258.4,2464.4,2372,0,0,738601.73529617,0,0,0
160873.129133527,40,2222,2518,2559.4,0,0,738601.735296633,0,0,0
160873.169132594,40,2160.6,2478.4,2758,0,0,738601.735297096,0,0,0
160873.20913166,40,2109.6,2364.4,2803,0,0,738601.735297559,0,0,0
160873.249130727,40,2068.8,2263.6,2685.4,0,0,738601.735298022,0,0,0
160873.289129793,40,2051.8,2197,2503,0,0,738601.735298485,0,0,0
160873.329128859,40,2038.6,2158,2381.6,0,0,738601.735298948,0,0,0
160873.369127926,40,2039.6,2160,2375.2,0,0,738601.735299411,0,0,0
160873.409126992,40,2045.2,2188.6,2484,0,0,738601.735299874,0,0,0
160873.449126059,40,2069,2254.6,2651.8,0,0,738601.735300337,0,0,0
160873.489125125,40,2098.8,2352.6,2792.2,0,0,738601.7353008,0,0,0
160873.529124191,40,2156.8,2466,2750.6,0,0,738601.735301263,0,0,0
160873.569123258,40,2213.4,2511.2,2550.2,0,0,738601.735301726,0,0,0
160873.609122324,40,2259.2,2459.8,2370,0,0,738601.735302189,0,0,0
160873.649121391,40,2271.2,2382.4,2259,0,0,738601.735302652,0,0,0
160873.689120457,40,2262.4,2315.8,2197.6,0,0,738601.735303115,0,0,0
160873.729119523,40,2254.2,2281.4,2169.6,0,0,738601.735303578,0,0,0
160873.76911859,40,2249,2278.8,2168.6,0,0,738601.73530404,0,0,0
160873.809117656,40,2261.2,2303.6,2184.4,0,0,738601.735304503,0,0,0
160873.849116723,40,2261.4,2344.8,2220.4,0,0,738601.735304966,0,0,0
160873.889115789,40,2268.4,2419.6,2306.4,0,0,738601.735305429,0,0,0
160873.929114855,40,2239.8,2504.6,2467.4,0,0,738601.735305892,0,0,0
160873.969113922,40,2188.6,2510.2,2678.2,0,0,738601.735306355,0,0,0
160874.009112988,40,2124.2,2425,2838.8,0,0,738601.735306818,0,0,0
160874.049112055,40,2086.4,2307,2774.8,0,0,738601.735307281,0,0,0
160874.089111121,40,2055.8,2218.8,2581.4,0,0,738601.735307744,0,0,0
160874.129110187,40,2045.8,2169.2,2419.2,0,0,738601.735308207,0,0,0
160874.169109254,40,2038.4,2148.6,2352.6,0,0,738601.73530867,0,0,0
160874.20910832,40,2039.4,2164.8,2402.2,0,0,738601.735309133,0,0,0
160874.249107387,40,2055,2206.4,2541.2,0,0,738601.735309596,0,0,0
160874.289106453,40,2075.4,2282.2,2747.2,0,0,738601.735310059,0,0,0
160874.329105519,40,2123.8,2412,2831.8,0,0,738601.735310522,0,0,0
160874.369104586,40,2187,2512.4,2683,0,0,738601.735310985,0,0,0
160874.409103652,40,2247.6,2502.6,2444.6,0,0,738601.735311448,0,0,0
160874.449102719,40,2273.4,2416,2295.6,0,0,738601.735311911,0,0,0
160874.489101785,40,2272,2336.8,2206.6,0,0,738601.735312374,0,0,0
160874.529100851,40,2254,2287.8,2174.2,0,0,738601.735312836,0,0,0
160874.569099918,40,2249.2,2277.4,2165,0,0,738601.735313299,0,0,0
160874.609098984,40,2253.6,2290.4,2177.2,0,0,738601.735313762,0,0,0
160874.649098051,40,2259.8,2324.6,2202.4,0,0,738601.735314225,0,0,0
160874.689097117,40,2266.2,2381,2257.8,0,0,738601.735314688,0,0,0
160874.729096183,40,2258.4,2459.2,2365.4,0,0,738601.735315151,0,0,0
160874.76909525,40,2222.4,2520.8,2538.8,0,0,738601.735315614,0,0,0
160874.809094316,40,2172.2,2497.2,2746,0,0,738601.735316077,0,0,0
160874.849093383,40,2118,2394.4,2831.4,0,0,738601.73531654,0,0,0
160874.889092449,40,2080,2281.8,2737.6,0,0,738601.735317003,0,0,0
160874.929091515,40,2055,2213,2559.4,0,0,738601.735317466,0,0,0
160874.969090582,40,2045,2168.6,2417.6,0,0,738601.735317929,0,0,0
160875.009089648,40,2042,2169.4,2413.2,0,0,738601.735318392,0,0,0
160875.049088715,40,2052.2,2198.8,2534.6,0,0,738601.735318855,0,0,0
160875.089087781,40,2076.2,2267.8,2708.8,0,0,738601.735319318,0,0,0
160875.129086847,40,2111,2367.2,2838.8,0,0,738601.735319781,0,0,0
160875.169085914,40,2162.2,2493.4,2767.6,0,0,738601.735320244,0,0,0
160875.20908498,40,2226.2,2516.4,2542.2,0,0,738601.735320707,0,0,0
160875.249084047,40,2267.8,2464,2360.2,0,0,738601.73532117,0,0,0
160875.289083113,40,2275.2,2381.4,2259.8,0,0,738601.735321633,0,0,0
160875.329082179,40,2265.6,2319.8,2199.6,0,0,738601.735322096,0,0,0
160875.369081246,40,2258.8,2280.6,2169.6,0,0,738601.735322559,0,0,0
160875.409080312,40,2249.8,2269.4,2158.8,0,0,738601.735323021,0,0,0
160875.449079379,40,2256.8,2286.8,2173.4,0,0,738601.735323484,0,0,0
160875.489078445,40,2261.2,2321.4,2199.8,0,0,738601.735323947,0,0,0
160875.529077511,40,2257.6,2371.2,2250,0,0,738601.73532441,0,0,0
160875.569076578,40,2265.6,2452.2,2351.8,0,0,738601.735324873,0,0,0
160875.609075644,40,2231.8,2516.8,2522.8,0,0,738601.735325336,0,0,0
160875.649074711,40,2171.4,2493.6,2729,0,0,738601.735325799,0,0,0
160875.689073777,40,2117,2399,2838.2,0,0,738601.735326262,0,0,0
160875.729072843,40,2078,2288.6,2757.4,0,0,738601.735326725,0,0,0
160875.76907191,40,2060,2215.8,2574.4,0,0,738601.735327188,0,0,0
160875.809070976,40,2047.8,2167,2425.6,0,0,738601.735327651,0,0,0
160875.849070043,40,2039.2,2154.6,2379.8,0,0,738601.735328114,0,0,0
160875.889069109,40,2048.2,2178.4,2449,0,0,738601.735328577,0,0,0
160875.929068175,40,2062.2,2225.2,2603,0,0,738601.73532904,0,0,0
160875.969067242,40,2088.8,2311.8,2785.4,0,0,738601.735329503,0,0,0
160876.009066308,40,2139.8,2438.6,2815.2,0,0,738601.735329966,0,0,0
160876.049065375,40,2199.2,2518.4,2638.6,0,0,738601.735330429,0,0,0
160876.089064441,40,2253.8,2488.4,2425.2,0,0,738601.735330892,0,0,0
160876.129063507,40,2276.8,2403.6,2286.6,0,0,738601.735331355,0,0,0
160876.169062574,40,2271.4,2335.2,2210.8,0,0,738601.735331818,0,0,0
160876.20906164,40,2256.8,2282.6,2174.6,0,0,738601.735332281,0,0,0
160876.249060707,40,2238.2,2260.8,2150.4,0,0,738601.735332743,0,0,0
160876.289059773,40,2239,2273.2,2168,0,0,738601.735333206,0,0,0
160876.329058839,40,2254.6,2314.6,2197.2,0,0,738601.735333669,0,0,0
160876.369057906,40,2272.2,2373.2,2250,0,0,738601.735334132,0,0,0
160876.409056972,40,2266.2,2447.2,2346.4,0,0,738601.735334595,0,0,0
160876.449056039,40,2231.2,2513.8,2517.8,0,0,738601.735335058,0,0,0
160876.489055105,40,2174.2,2496.8,2729.6,0,0,738601.735335521,0,0,0
160876.529054171,40,2121.2,2408.6,2835.2,0,0,738601.735335984,0,0,0
160876.569053238,40,2083.8,2296.2,2764.8,0,0,738601.735336447,0,0,0
160876.609052304,40,2059.8,2215.4,2571.2,0,0,738601.73533691,0,0,0
160876.649051371,40,2042.4,2172.4,2422,0,0,738601.735337373,0,0,0
160876.689050437,40,2042.4,2158.6,2356.8,0,0,738601.735337836,0,0,0
160876.729049503,40,2046.4,2176,2409.8,0,0,738601.735338299,0,0,0
160876.76904857,40,2063.4,2218.2,2506.6,0,0,738601.735338762,0,0,0
160876.809047636,40,2086.6,2286.2,2644,0,0,738601.735339225,0,0,0
160876.849046703,40,2119.6,2379.8,2713.4,0,0,738601.735339688,0,0,0
160876.889045769,40,2170.8,2470.8,2644.2,0,0,738601.735340151,0,0,0
160876.929044835,40,2231.6,2489.4,2482.8,0,0,738601.735340614,0,0,0
160876.969043902,40,2270.6,2440.6,2341.8,0,0,738601.735341077,0,0,0
160877.009042968,40,2272,2368.4,2248,0,0,738601.735341539,0,0,0
160877.049042035,40,2256.4,2302.6,2186.8,0,0,738601.735342002,0,0,0
160877.089041101,40,2244.4,2273.6,2163.8,0,0,738601.735342465,0,0,0
160877.129040167,40,2241.2,2275.6,2165,0,0,738601.735342928,0,0,0
160877.169039234,40,2258.6,2308.4,2194.4,0,0,738601.735343391,0,0,0
160877.2090383,40,2269,2356.8,2235,0,0,738601.735343854,0,0,0
160877.249037367,40,2266,2427.4,2316.8,0,0,738601.735344317,0,0,0
160877.289036433,40,2242.2,2491.4,2446.2,0,0,738601.73534478,0,0,0
160877.329035499,40,2199,2520.6,2641.6,0,0,738601.735345243,0,0,0
160877.369034566,40,2141.4,2453.6,2812,0,0,738601.735345706,0,0,0
160877.409033632,40,2095.6,2336.6,2803.2,0,0,738601.735346169,0,0,0
160877.449032699,40,2068.4,2248.2,2631.4,0,0,738601.735346632,0,0,0
160877.489031765,40,2049.6,2187.8,2466.4,0,0,738601.735347095,0,0,0
160877.529030831,40,2044,2160,2365.6,0,0,738601.735347558,0,0,0
160877.569029898,40,2046.2,2171.6,2385.8,0,0,738601.735348021,0,0,0
160877.609028964,40,2053.2,2193.6,2474,0,0,738601.735348484,0,0,0
160877.649028031,40,2073.2,2254.4,2591.8,0,0,738601.735348947,0,0,0
160877.689027097,40,2104.4,2338,2693.8,0,0,738601.73534941,0,0,0
160877.729026163,40,2150.6,2428.8,2673,0,0,738601.735349873,0,0,0
160877.76902523,40,2206.6,2479.4,2550.6,0,0,738601.735350336,0,0,0
160877.809024296,40,2250.8,2465,2396,0,0,738601.735350799,0,0,0
160877.849023363,40,2272.8,2400.8,2288.6,0,0,738601.735351262,0,0,0
160877.889022429,40,2268.2,2330.8,2212.8,0,0,738601.735351725,0,0,0
160877.929021495,40,2250.8,2279,2169.2,0,0,738601.735352187,0,0,0
160877.969020562,40,2244,2265.2,2155.6,0,0,738601.73535265,0,0,0
160878.009019628,40,2256.2,2296.6,2178.4,0,0,738601.735353113,0,0,0
160878.049018695,40,2261.8,2322.4,2201.8,0,0,738601.735353576,0,0,0
160878.089017761,40,2270.4,2362.8,2243.4,0,0,738601.735354039,0,0,0
160878.129016827,40,2267.2,2429.8,2316.8,0,0,738601.735354502,0,0,0
160878.169015894,40,2249.2,2500.8,2454.8,0,0,738601.735354965,0,0,0
160878.20901496,40,2198.2,2517.4,2632.2,0,0,738601.735355428,0,0,0
160878.249014027,40,2148.6,2453.4,2786,0,0,738601.735355891,0,0,0
160878.289013093,40,2104.2,2347.8,2791.2,0,0,738601.735356354,0,0,0
160878.329012159,40,2074.2,2267.4,2672.6,0,0,738601.735356817,0,0,0
160878.369011226,40,2057.4,2212,2543.8,0,0,738601.73535728,0,0,0
160878.409010292,40,2055.2,2201,2490.6,0,0,738601.735357743,0,0,0
160878.449009359,40,2058,2227.2,2558.8,0,0,738601.735358206,0,0,0
160878.489008425,40,2081,2273.6,2653.8,0,0,738601.735358669,0,0,0
160878.529007491,40,2104.4,2347,2717.8,0,0,738601.735359132,0,0,0
160878.569006558,40,2145.8,2428.2,2684.6,0,0,738601.735359595,0,0,0
160878.609005624,40,2194.8,2465.6,2563.2,0,0,738601.735360058,0,0,0
160878.649004691,40,2235,2462.4,2425.6,0,0,738601.735360521,0,0,0
160878.689003757,40,2260,2416.8,2332.8,0,0,738601.735360984,0,0,0
160878.729002823,40,2276,2384.6,2272.8,0,0,738601.735361447,0,0,0
160878.76900189,40,2269.8,2355.8,2236.2,0,0,738601.735361909,0,0,0
160878.809000956,40,2272.6,2343.4,2222,0,0,738601.735362372,0,0,0
160878.849000023,40,2269,2356.6,2234.2,0,0,738601.735362835,0,0,0
160878.888999089,40,2271.8,2387.4,2270.6,0,0,738601.735363298,0,0,0
160878.928998155,40,2274,2425.2,2311.4,0,0,738601.735363761,0,0,0
160878.968997222,40,2262.6,2472.4,2390,0,0,738601.735364224,0,0,0
160879.008996288,40,2235.4,2516.2,2506.4,0,0,738601.735364687,0,0,0
160879.048995355,40,2188.4,2504.8,2660.8,0,0,738601.73536515,0,0,0
160879.088994421,40,2141.6,2433.6,2749.4,0,0,738601.735365613,0,0,0
160879.128993487,40,2105,2330.8,2690.4,0,0,738601.735366076,0,0,0
160879.168992554,40,2073,2253.2,2569.2,0,0,738601.735366539,0,0,0
160879.20899162,40,2057.2,2209.6,2479.4,0,0,738601.735367002,0,0,0
160879.248990687,40,2056.4,2195.4,2454,0,0,738601.735367465,0,0,0
160879.288989753,40,2061.6,2215.6,2518,0,0,738601.735367928,0,0,0
160879.328988819,40,2079,2265.8,2639.6,0,0,738601.735368391,0,0,0
160879.368987886,40,2101,2344.4,2759.8,0,0,738601.735368854,0,0,0
160879.408986952,40,2145.2,2441,2774,0,0,738601.735369317,0,0,0
160879.448986019,40,2193,2505.4,2651.8,0,0,738601.73536978,0,0,0
160879.488985085,40,2240.4,2507.4,2480.4,0,0,738601.735370243,0,0,0
160879.528984151,40,2264.4,2456.2,2355.4,0,0,738601.735370705,0,0,0
160879.568983218,40,2274.2,2398,2272.6,0,0,738601.735371168,0,0,0
160879.608982284,40,2271.2,2351.4,2230.4,0,0,738601.735371631,0,0,0
160879.648981351,40,2268.8,2343.4,2216.6,0,0,738601.735372094,0,0,0
160879.688980417,40,2268.4,2359.6,2245.2,0,0,738601.735372557,0,0,0
160879.728979483,40,2274,2379,2272,0,0,738601.73537302,0,0,0
160879.76897855,40,2267.2,2411,2308,0,0,738601.735373483,0,0,0
160879.808977616,40,2256.2,2457.2,2390.2,0,0,738601.735373946,0,0,0
160879.848976683,40,2225.8,2494.2,2501.8,0,0,738601.735374409,0,0,0
160879.888975749,40,2186.4,2490.8,2639.4,0,0,738601.735374872,0,0,0
160879.928974815,40,2140.8,2426.6,2740.2,0,0,738601.735375335,0,0,0
160879.968973882,40,2106,2336.2,2712.8,0,0,738601.735375798,0,0,0
160880.008972948,40,2072.2,2258.8,2602.6,0,0,738601.735376261,0,0,0
160880.048972015,40,2062.8,2206.4,2473.4,0,0,738601.735376724,0,0,0
160880.088971081,40,2050.6,2172.4,2388.4,0,0,738601.735377187,0,0,0
160880.128970147,40,2048.6,2172.6,2377.2,0,0,738601.73537765,0,0,0
160880.168969214,40,2059.8,2198.8,2438.2,0,0,738601.735378113,0,0,0
160880.20896828,40,2074.2,2245.6,2554.2,0,0,738601.735378576,0,0,0
160880.248967347,40,2107.6,2335.8,2674.8,0,0,738601.735379039,0,0,0
160880.288966413,40,2154,2442.6,2698.2,0,0,738601.735379502,0,0,0
160880.328965479,40,2213.6,2503.2,2558.4,0,0,738601.735379965,0,0,0
160880.368964546,40,2263.8,2472.6,2388.8,0,0,738601.735380428,0,0,0
160880.408963612,40,2278,2393.8,2276,0,0,738601.73538089,0,0,0
160880.448962679,40,2265.6,2328.2,2206.2,0,0,738601.735381353,0,0,0
160880.488961745,40,2252.6,2286.2,2172.2,0,0,738601.735381816,0,0,0
160880.528960811,40,2248,2279.2,2170.2,0,0,738601.735382279,0,0,0
160880.568959878,40,2261.8,2299.8,2186.6,0,0,738601.735382742,0,0,0
160880.608958944,40,2267.2,2325.6,2206.2,0,0,738601.735383205,0,0,0
160880.648958011,40,2271.2,2359.6,2243.2,0,0,738601.735383668,0,0,0
160880.688957077,40,2268.8,2405.2,2294.2,0,0,738601.735384131,0,0,0
160880.728956143,40,2258,2461.2,2383.6,0,0,738601.735384594,0,0,0
160880.76895521,40,2233.4,2497.2,2502.8,0,0,738601.735385057,0,0,0
160880.808954276,40,2185.4,2481.8,2632.4,0,0,738601.73538552,0,0,0
160880.848953343,40,2137.4,2416,2722.2,0,0,738601.735385983,0,0,0
160880.888952409,40,2099.8,2327.4,2690.4,0,0,738601.735386446,0,0,0
160880.928951475,40,2074.8,2254.2,2587.6,0,0,738601.735386909,0,0,0
160880.968950542,40,2058.2,2207.2,2485.6,0,0,738601.735387372,0,0,0
160881.008949608,40,2048.4,2189.6,2442,0,0,738601.735387835,0,0,0
160881.048948675,40,2056.6,2207.6,2483.8,0,0,738601.735388298,0,0,0
160881.088947741,40,2075.4,2252,2589.6,0,0,738601.735388761,0,0,0
160881.128946807,40,2103.8,2336.2,2696.6,0,0,738601.735389224,0,0,0
160881.168945874,40,2152.2,2434.4,2715.6,0,0,738601.735389687,0,0,0
160881.20894494,40,2204.8,2491,2574.6,0,0,738601.73539015,0,0,0
160881.248944007,40,2248.2,2474.6,2413.2,0,0,738601.735390613,0,0,0
160881.288943073,40,2270.4,2408.8,2291.8,0,0,738601.735391075,0,0,0
160881.328942139,40,2268.8,2338.8,2224.6,0,0,738601.735391538,0,0,0
160881.368941206,40,2257.6,2294.4,2183.4,0,0,738601.735392001,0,0,0
160881.408940272,40,2252.6,2282.4,2171.6,0,0,738601.735392464,0,0,0
160881.448939339,40,2258,2303.4,2189,0,0,738601.735392927,0,0,0
160881.488938405,40,2261,2331.6,2217.8,0,0,738601.73539339,0,0,0
160881.528937471,40,2270.4,2374.4,2267.4,0,0,738601.735393853,0,0,0
160881.568936538,40,2261.4,2437.2,2352.2,0,0,738601.735394316,0,0,0
160881.608935604,40,2233.6,2490,2479.4,0,0,738601.735394779,0,0,0
160881.648934671,40,2186.6,2485.6,2629.8,0,0,738601.735395242,0,0,0
160881.688933737,40,2136.6,2412.4,2721.4,0,0,738601.735395705,0,0,0
160881.728932803,40,2100,2324,2685,0,0,738601.735396168,0,0,0
160881.76893187,40,2073.6,2251.6,2573.6,0,0,738601.735396631,0,0,0
160881.808930936,40,2056.4,2202,2467,0,0,738601.735397094,0,0,0
160881.848930003,40,2053,2190,2432.8,0,0,738601.735397557,0,0,0
160881.888929069,40,2057.2,2211,2477,0,0,738601.73539802,0,0,0
160881.928928135,40,2071.6,2242.8,2562,0,0,738601.735398483,0,0,0
160881.968927202,40,2096.4,2309.4,2671.4,0,0,738601.735398946,0,0,0
160882.008926268,40,2132,2402.2,2720.6,0,0,738601.735399409,0,0,0
160882.048925335,40,2185.6,2480.8,2627,0,0,738601.735399871,0,0,0
160882.088924401,40,2243.6,2492.6,2459.4,0,0,738601.735400334,0,0,0
160882.128923467,40,2268.4,2438.4,2321,0,0,738601.735400797,0,0,0
160882.168922534,40,2275.4,2358.6,2232.2,0,0,738601.73540126,0,0,0
160882.2089216,40,2262.8,2304.2,2183.2,0,0,738601.735401723,0,0,0
160882.248920667,40,2251.8,2287.4,2170.8,0,0,738601.735402186,0,0,0
160882.288919733,40,2259.6,2297.2,2182,0,0,738601.735402649,0,0,0
160882.328918799,40,2268.2,2318.6,2204.8,0,0,738601.735403112,0,0,0
160882.368917866,40,2262.8,2350,2240.8,0,0,738601.735403575,0,0,0
160882.408916932,40,2272.2,2395.6,2296.4,0,0,738601.735404038,0,0,0
160882.448915999,40,2257.6,2455,2378,0,0,738601.735404501,0,0,0
160882.488915065,40,2217.8,2488.6,2510.6,0,0,738601.735404964,0,0,0
160882.528914131,40,2175.6,2469,2639.6,0,0,738601.735405427,0,0,0
160882.568913198,40,2134.2,2397.8,2704.2,0,0,738601.73540589,0,0,0
160882.608912264,40,2101,2320,2675,0,0,738601.735406353,0,0,0
160882.648911331,40,2071.2,2257,2595.6,0,0,738601.735406816,0,0,0
160882.688910397,40,2062.2,2218.6,2511.2,0,0,738601.735407279,0,0,0
160882.728909463,40,2060.6,2215.6,2512.6,0,0,738601.735407742,0,0,0
160882.76890853,40,2066.8,2237.4,2566.2,0,0,738601.735408205,0,0,0
160882.808907596,40,2091.8,2291.4,2622,0,0,738601.735408668,0,0,0
160882.848906663,40,2120.4,2368.8,2677.4,0,0,738601.735409131,0,0,0
160882.888905729,40,2174.4,2449.8,2612.6,0,0,738601.735409594,0,0,0
160882.928904795,40,2231.8,2486.4,2473.2,0,0,738601.735410056,0,0,0
160882.968903862,40,2267.6,2439.6,2342.8,0,0,738601.735410519,0,0,0
160883.008902928,40,2269.8,2374.8,2257,0,0,738601.735410982,0,0,0
160883.048901995,40,2265,2319.8,2199.8,0,0,738601.735411445,0,0,0
160883.088901061,40,2253,2288.4,2171.6,0,0,738601.735411908,0,0,0
160883.128900127,40,2252.2,2288.6,2172.4,0,0,738601.735412371,0,0,0
160883.168899194,40,2269,2321.8,2198.8,0,0,738601.735412834,0,0,0
160883.20889826,40,2274.8,2353,2236.8,0,0,738601.735413297,0,0,0
160883.248897327,40,2271.8,2407.6,2301.8,0,0,738601.73541376,0,0,0
160883.288896393,40,2252,2453.8,2393.4,0,0,738601.735414223,0,0,0
160883.328895459,40,2216.4,2486,2526,0,0,738601.735414686,0,0,0
160883.368894526,40,2164.2,2458.4,2655.4,0,0,738601.735415149,0,0,0
160883.408893592,40,2121.2,2382,2712.4,0,0,738601.735415612,0,0,0
160883.448892659,40,2094.6,2295.6,2660.8,0,0,738601.735416075,0,0,0
160883.488891725,40,2072,2243.2,2567,0,0,738601.735416538,0,0,0
160883.528890791,40,2058.4,2207.4,2481,0,0,738601.735417001,0,0,0
160883.568889858,40,2055.2,2198.4,2467.6,0,0,738601.735417464,0,0,0
160883.608888924,40,2063.4,2221.2,2517,0,0,738601.735417927,0,0,0
160883.648887991,40,2078.8,2264.4,2576.8,0,0,738601.73541839,0,0,0
160883.688887057,40,2105.2,2338.2,2656.8,0,0,738601.735418853,0,0,0
160883.728886123,40,2156.8,2435.8,2654,0,0,738601.735419316,0,0,0
160883.76888519,40,2216.8,2486,2529.2,0,0,738601.735419779,0,0,0
160883.808884256,40,2257.8,2470.2,2393,0,0,738601.735420241,0,0,0
160883.848883323,40,2278.6,2400,2277.6,0,0,738601.735420704,0,0,0
160883.888882389,40,2261.4,2337.8,2218.4,0,0,738601.735421167,0,0,0
160883.928881455,40,2260.6,2296,2180.2,0,0,738601.73542163,0,0,0
160883.968880522,40,2254.2,2290.2,2180,0,0,738601.735422093,0,0,0
160884.008879588,40,2265.2,2318.8,2204.4,0,0,738601.735422556,0,0,0
160884.048878655,40,2270.4,2352.6,2231.8,0,0,738601.735423019,0,0,0
160884.088877721,40,2273,2394.2,2292,0,0,738601.735423482,0,0,0
160884.128876787,40,2256.8,2442.2,2367.6,0,0,738601.735423945,0,0,0
160884.168875854,40,2227.6,2481.6,2493.4,0,0,738601.735424408,0,0,0
160884.20887492,40,2173.6,2470.2,2636.6,0,0,738601.735424871,0,0,0
160884.248873987,40,2132.6,2398.8,2713.4,0,0,738601.735425334,0,0,0
160884.288873053,40,2096.4,2314.6,2675.6,0,0,738601.735425797,0,0,0
160884.328872119,40,2072.4,2248.8,2572.2,0,0,738601.73542626,0,0,0
160884.368871186,40,2062.4,2203.4,2484.6,0,0,738601.735426723,0,0,0
160884.408870252,40,2050.2,2195.8,2464.2,0,0,738601.735427186,0,0,0
160884.448869319,40,2062,2215,2508.2,0,0,738601.735427649,0,0,0
160884.488868385,40,2080.4,2261,2578.6,0,0,738601.735428112,0,0,0
160884.528867451,40,2105,2325.6,2667.4,0,0,738601.735428574,0,0,0
160884.568866518,40,2150,2423.6,2674.2,0,0,738601.735429037,0,0,0
160884.608865584,40,2205.8,2489.2,2560.2,0,0,738601.7354295,0,0,0
160884.648864651,40,2250.6,2476.8,2407,0,0,738601.735429963,0,0,0
160884.688863717,40,2273.6,2404.6,2287.8,0,0,738601.735430426,0,0,0
160884.728862783,40,2267.8,2336,2216.2,0,0,738601.735430889,0,0,0
160884.76886185,40,2256,2294.8,2176.8,0,0,738601.735431352,0,0,0
160884.808860916,40,2247.4,2269.2,2160.4,0,0,738601.735431815,0,0,0
160884.848859983,40,2250.2,2278.2,2167.8,0,0,738601.735432278,0,0,0
160884.888859049,40,2259.2,2301.2,2187,0,0,738601.735432741,0,0,0
160884.928858115,40,2266.6,2331.4,2220,0,0,738601.735433204,0,0,0
160884.968857182,40,2270.8,2376.4,2261.2,0,0,738601.735433667,0,0,0
160885.008856248,40,2264.2,2431,2340.4,0,0,738601.73543413,0,0,0
160885.048855315,40,2234.8,2483.4,2457,0,0,738601.735434593,0,0,0
160885.088854381,40,2190.8,2477,2599,0,0,738601.735435056,0,0,0
160885.128853447,40,2150.2,2427,2684.6,0,0,738601.735435519,0,0,0
160885.168852514,40,2108,2340.8,2685.2,0,0,738601.735435982,0,0,0
160885.20885158,40,2081.6,2278.2,2615.4,0,0,738601.735436445,0,0,0
160885.248850647,40,2066.8,2221.4,2531,0,0,738601.735436908,0,0,0
160885.288849713,40,2056,2202.8,2498.8,0,0,738601.735437371,0,0,0
160885.328848779,40,2062,2217,2522,0,0,738601.735437834,0,0,0
160885.368847846,40,2070,2247,2591.4,0,0,738601.735438297,0,0,0
160885.408846912,40,2099,2312,2649,0,0,738601.73543876,0,0,0
160885.448845979,40,2126.8,2391.4,2694.4,0,0,738601.735439222,0,0,0
160885.488845045,40,2178.4,2470.2,2635.2,0,0,738601.735439685,0,0,0
160885.528844111,40,2230.6,2495.6,2495,0,0,738601.735440148,0,0,0
160885.568843178,40,2259.2,2455,2364.4,0,0,738601.735440611,0,0,0
160885.608842244,40,2280.8,2393.2,2268.2,0,0,738601.735441074,0,0,0
160885.648841311,40,2271,2338.8,2215.6,0,0,738601.735441537,0,0,0
160885.688840377,40,2258.6,2305.6,2188.2,0,0,738601.735442,0,0,0
160885.728839443,40,2259,2303.8,2191.8,0,0,738601.735442463,0,0,0
160885.76883851,40,2262,2324.8,2212.2,0,0,738601.735442926,0,0,0
160885.808837576,40,2267,2351.8,2243.6,0,0,738601.735443389,0,0,0
160885.848836643,40,2265.4,2394.6,2297.4,0,0,738601.735443852,0,0,0
160885.888835709,40,2256.2,2450.4,2382.8,0,0,738601.735444315,0,0,0
160885.928834775,40,2223,2484.2,2505.6,0,0,738601.735444778,0,0,0
160885.968833842,40,2178.4,2465,2629,0,0,738601.735445241,0,0,0
160886.008832908,40,2132.6,2399.6,2692.4,0,0,738601.735445704,0,0,0
160886.048831975,40,2100.2,2323.8,2651.6,0,0,738601.735446167,0,0,0
160886.088831041,40,2076.8,2257.4,2576.8,0,0,738601.73544663,0,0,0
160886.128830107,40,2064.2,2215,2511,0,0,738601.735447093,0,0,0
160886.168829174,40,2058.4,2208,2501.4,0,0,738601.735447556,0,0,0
160886.20882824,40,2069.8,2227.4,2554.6,0,0,738601.735448019,0,0,0
160886.248827307,40,2077.8,2279.6,2653.8,0,0,738601.735448482,0,0,0
160886.288826373,40,2113.4,2368,2750.6,0,0,738601.735448944,0,0,0
160886.328825439,40,2162.6,2468.6,2730.8,0,0,738601.735449407,0,0,0
160886.368824506,40,2211,2516.8,2573,0,0,738601.73544987,0,0,0
160886.408823572,40,2254.8,2472.8,2400.2,0,0,738601.735450333,0,0,0
160886.448822639,40,2272.2,2410.2,2285.6,0,0,738601.735450796,0,0,0
160886.488821705,40,2265.4,2344.4,2222.8,0,0,738601.735451259,0,0,0
160886.528820771,40,2258.4,2311,2193.4,0,0,738601.735451722,0,0,0
160886.568819838,40,2265.8,2316,2195.6,0,0,738601.735452185,0,0,0
160886.608818904,40,2269,2335.6,2218,0,0,738601.735452648,0,0,0
160886.648817971,40,2268.6,2356.4,2243.6,0,0,738601.735453111,0,0,0
160886.688817037,40,2267,2386,2283.8,0,0,738601.735453574,0,0,0
160886.728816103,40,2255.4,2436,2356.8,0,0,738601.735454037,0,0,0
160886.76881517,40,2232,2480.8,2476.6,0,0,738601.7354545,0,0,0
160886.808814236,40,2188,2480.8,2624,0,0,738601.735454963,0,0,0
160886.848813303,40,2135.2,2415.6,2730,0,0,738601.735455426,0,0,0
160886.888812369,40,2103.4,2329.4,2702,0,0,738601.735455889,0,0,0
160886.928811435,40,2073.4,2254.8,2589.6,0,0,738601.735456352,0,0,0
160886.968810502,40,2058.2,2203.6,2473.6,0,0,738601.735456815,0,0,0
160887.008809568,40,2046.4,2173.8,2400.4,0,0,738601.735457278,0,0,0
160887.048808635,40,2049.4,2178,2394.4,0,0,738601.73545774,0,0,0
160887.088807701,40,2057,2197.6,2448.6,0,0,738601.735458203,0,0,0
160887.128806767,40,2073.6,2246.2,2559.6,0,0,738601.735458666,0,0,0
160887.168805834,40,2103.4,2335.6,2688,0,0,738601.735459129,0,0,0
160887.2088049,40,2150,2434.4,2723.6,0,0,738601.735459592,0,0,0
160887.248803967,40,2203.2,2503.8,2588.4,0,0,738601.735460055,0,0,0
160887.288803033,40,2253,2484.6,2416.2,0,0,738601.735460518,0,0,0
160887.328802099,40,2275.4,2411.8,2284.4,0,0,738601.735460981,0,0,0
160887.368801166,40,2269.4,2337.4,2212.6,0,0,738601.735461444,0,0,0
160887.408800232,40,2251.4,2289.4,2177.2,0,0,738601.735461907,0,0,0
160887.448799299,40,2249,2272.2,2162.4,0,0,738601.73546237,0,0,0
160887.488798365,40,2249.2,2284.8,2175.4,0,0,738601.735462833,0,0,0
160887.528797431,40,2257.8,2303.2,2197.4,0,0,738601.735463296,0,0,0
160887.568796498,40,2262.8,2351.4,2231,0,0,738601.735463759,0,0,0
160887.608795564,40,2268.2,2402.6,2298,0,0,738601.735464222,0,0,0
160887.648794631,40,2251.2,2470,2405.4,0,0,738601.735464685,0,0,0
160887.688793697,40,2215.4,2498.4,2543.6,0,0,738601.735465148,0,0,0
160887.728792763,40,2163.2,2458.8,2679.4,0,0,738601.735465611,0,0,0
160887.76879183,40,2123.2,2370,2719.6,0,0,738601.735466074,0,0,0
160887.808790896,40,2089.8,2286.4,2639.6,0,0,738601.735466537,0,0,0
160887.848789963,40,2065,2228.6,2524.6,0,0,738601.735467,0,0,0
160887.888789029,40,2052,2187.6,2428,0,0,738601.735467463,0,0,0
160887.928788095,40,2050.8,2176,2393.6,0,0,738601.735467925,0,0,0
160887.968787162,40,2052.6,2191.6,2426,0,0,738601.735468388,0,0,0
160888.008786228,40,2060.8,2223.8,2496.4,0,0,738601.735468851,0,0,0
160888.048785295,40,2088,2292,2635.8,0,0,738601.735469314,0,0,0
160888.088784361,40,2133.8,2403.2,2724.6,0,0,738601.735469777,0,0,0
160888.128783427,40,2190.8,2492.8,2643.2,0,0,738601.73547024,0,0,0
160888.168782494,40,2238.4,2497.8,2469,0,0,738601.735470703,0,0,0
160888.20878156,40,2266,2435,2327.6,0,0,738601.735471166,0,0,0
160888.248780627,40,2268.6,2370.2,2247.8,0,0,738601.735471629,0,0,0
160888.288779693,40,2261.8,2322.4,2200.8,0,0,738601.735472092,0,0,0
160888.328778759,40,2258.2,2308.4,2186.2,0,0,738601.735472555,0,0,0
160888.368777826,40,2267.2,2321.2,2202.4,0,0,738601.735473018,0,0,0
160888.408776892,40,2267,2349,2229.8,0,0,738601.735473481,0,0,0
160888.448775959,40,2265.4,2375.2,2262.6,0,0,738601.735473944,0,0,0
160888.488775025,40,2262.2,2416.6,2328.8,0,0,738601.735474407,0,0,0
160888.528774091,40,2240.6,2466.6,2439.2,0,0,738601.73547487,0,0,0
160888.568773158,40,2196,2483.8,2585.6,0,0,738601.735475333,0,0,0
160888.608772224,40,2150.8,2436.8,2715.2,0,0,738601.735475796,0,0,0
160888.648771291,40,2108.8,2345.4,2734.4,0,0,738601.735476259,0,0,0
160888.688770357,40,2080.4,2269.2,2625.4,0,0,738601.735476722,0,0,0
160888.728769423,40,2057.2,2210.4,2494,0,0,738601.735477185,0,0,0
160888.76876849,40,2044.4,2177,2399,0,0,738601.735477648,0,0,0
160888.808767556,40,2049.2,2170.2,2374.6,0,0,738601.73547811,0,0,0
160888.848766623,40,2051.4,2184.6,2405.4,0,0,738601.735478573,0,0,0
160888.888765689,40,2061,2225,2510.4,0,0,738601.735479036,0,0,0
160888.928764755,40,2089.8,2296.8,2659.6,0,0,738601.735479499,0,0,0
160888.968763822,40,2130.8,2408,2748.2,0,0,738601.735479962,0,0,0
160889.008762888,40,2185.4,2499.2,2651.4,0,0,738601.735480425,0,0,0
160889.048761955,40,2241.6,2495.8,2459.4,0,0,738601.735480888,0,0,0
160889.088761021,40,2264.2,2427.2,2318.8,0,0,738601.735481351,0,0,0
160889.128760087,40,2266,2355.6,2233.6,0,0,738601.735481814,0,0,0
160889.168759154,40,2254.4,2305.6,2186.2,0,0,738601.735482277,0,0,0
160889.20875822,40,2252.6,2284.8,2169.6,0,0,738601.73548274,0,0,0
160889.248757287,40,2260,2294,2180.6,0,0,738601.735483203,0,0,0
160889.288756353,40,2259.4,2319.8,2200,0,0,738601.735483666,0,0,0
160889.328755419,40,2265.8,2353.8,2240.6,0,0,738601.735484129,0,0,0
160889.368754486,40,2258.8,2403.8,2304.6,0,0,738601.735484592,0,0,0
160889.408753552,40,2244.4,2455.8,2402,0,0,738601.735485055,0,0,0
160889.448752619,40,2206.4,2482.8,2542.6,0,0,738601.735485518,0,0,0
160889.488751685,40,2158.4,2436,2659.6,0,0,738601.735485981,0,0,0
160889.528750751,40,2114.4,2364,2684.2,0,0,738601.735486444,0,0,0
160889.568749818,40,2088.8,2281.8,2613,0,0,738601.735486906,0,0,0
160889.608748884,40,2067.6,2230.8,2524,0,0,738601.735487369,0,0,0
160889.648747951,40,2056.8,2198.2,2451.2,0,0,738601.735487832,0,0,0
160889.688747017,40,2055.4,2202.6,2470.2,0,0,738601.735488295,0,0,0
160889.728746083,40,2068.2,2236.6,2542.2,0,0,738601.735488758,0,0,0
160889.76874515,40,2090.2,2296,2635.6,0,0,738601.735489221,0,0,0
160889.808744216,40,2125.2,2379.8,2683.6,0,0,738601.735489684,0,0,0
160889.848743283,40,2178,2463.8,2606.2,0,0,738601.735490147,0,0,0
160889.888742349,40,2232.4,2482.2,2464.2,0,0,738601.73549061,0,0,0
160889.928741415,40,2267.2,2431.8,2335.2,0,0,738601.735491073,0,0,0
160889.968740482,40,2274.6,2369.4,2248.8,0,0,738601.735491536,0,0,0
160890.008739548,40,2263.2,2322.6,2201.8,0,0,738601.735491999,0,0,0
160890.048738615,40,2249.8,2288,2181,0,0,738601.735492462,0,0,0
160890.088737681,40,2253.8,2292.4,2174.2,0,0,738601.735492925,0,0,0
160890.128736747,40,2262.2,2320.8,2201,0,0,738601.735493388,0,0,0
160890.168735814,40,2268,2343.6,2232.2,0,0,738601.735493851,0,0,0
160890.20873488,40,2267.4,2395.6,2288.4,0,0,738601.735494314,0,0,0
160890.248733947,40,2253.8,2450.8,2377,0,0,738601.735494777,0,0,0
160890.288733013,40,2212.8,2475,2507.6,0,0,738601.73549524,0,0,0
160890.328732079,40,2166.2,2442,2623.2,0,0,738601.735495703,0,0,0
160890.368731146,40,2119.4,2370,2668.4,0,0,738601.735496166,0,0,0
160890.408730212,40,2090.2,2292,2629.4,0,0,738601.735496629,0,0,0
160890.448729279,40,2069.8,2240.4,2546,0,0,738601.735497091,0,0,0
160890.488728345,40,2056.8,2202.6,2469.8,0,0,738601.735497554,0,0,0
160890.528727411,40,2054.2,2192.6,2446.8,0,0,738601.735498017,0,0,0
160890.568726478,40,2061,2211.6,2491.8,0,0,738601.73549848,0,0,0
160890.608725544,40,2070.8,2252.2,2565.8,0,0,738601.735498943,0,0,0
160890.648724611,40,2104.8,2326.6,2649.4,0,0,738601.735499406,0,0,0
160890.688723677,40,2149.6,2415,2652.6,0,0,738601.735499869,0,0,0
160890.728722743,40,2199.6,2474.6,2539.8,0,0,738601.735500332,0,0,0
160890.76872181,40,2249,2466.8,2404.4,0,0,738601.735500795,0,0,0
160890.808720876,40,2270,2404,2296,0,0,738601.735501258,0,0,0
160890.848719943,40,2271.6,2343.8,2220,0,0,738601.735501721,0,0,0
160890.888719009,40,2253.8,2299,2181.8,0,0,738601.735502184,0,0,0
160890.928718075,40,2245.2,2278.6,2167.4,0,0,738601.735502647,0,0,0
160890.968717142,40,2252.4,2287.4,2178,0,0,738601.73550311,0,0,0
160891.008716208,40,2263.6,2317.4,2196,0,0,738601.735503573,0,0,0
160891.048715275,40,2266,2349,2233,0,0,738601.735504036,0,0,0
160891.088714341,40,2265.2,2393.4,2301.4,0,0,738601.735504499,0,0,0
160891.128713407,40,2245.6,2456,2392.2,0,0,738601.735504962,0,0,0
160891.168712474,40,2202.2,2469.6,2524.2,0,0,738601.735505425,0,0,0
160891.20871154,40,2153,2423.4,2636.2,0,0,738601.735505888,0,0,0
160891.248710607,40,2110.2,2344.6,2659.6,0,0,738601.735506351,0,0,0
160891.288709673,40,2081.4,2268.6,2601.8,0,0,738601.735506814,0,0,0
160891.328708739,40,2062.4,2219.8,2494,0,0,738601.735507276,0,0,0
160891.368707806,40,2052.8,2189.8,2434.6,0,0,738601.735507739,0,0,0
160891.408706872,40,2054.6,2191.8,2460.8,0,0,738601.735508202,0,0,0
160891.448705939,40,2066,2229,2528,0,0,738601.735508665,0,0,0
160891.488705005,40,2092.4,2286.8,2604.6,0,0,738601.735509128,0,0,0
160891.528704071,40,2127.2,2371,2651.4,0,0,738601.735509591,0,0,0
160891.568703138,40,2180.2,2452.8,2596.6,0,0,738601.735510054,0,0,0
160891.608702204,40,2231,2476.8,2467.8,0,0,738601.735510517,0,0,0
160891.648701271,40,2260.4,2436.4,2347,0,0,738601.73551098,0,0,0
160891.688700337,40,2275.8,2375,2260,0,0,738601.735511443,0,0,0
160891.728699403,40,2264.8,2320.2,2201.4,0,0,738601.735511906,0,0,0
160891.76869847,40,2256.2,2290.8,2172.6,0,0,738601.735512369,0,0,0
160891.808697536,40,2251.4,2278.4,2169.6,0,0,738601.735512832,0,0,0
160891.848696603,40,2256.2,2302.2,2185.6,0,0,738601.735513295,0,0,0
160891.888695669,40,2267.4,2326.2,2212.2,0,0,738601.735513758,0,0,0
160891.928694735,40,2267,2364.2,2252.4,0,0,738601.735514221,0,0,0
160891.968693802,40,2262.6,2407.8,2317.8,0,0,738601.735514684,0,0,0
160892.008692868,40,2234.8,2459.8,2423.6,0,0,738601.735515147,0,0,0
160892.048691935,40,2196.4,2469.6,2566,0,0,738601.735515609,0,0,0
160892.088691001,40,2146,2416.8,2673.8,0,0,738601.735516072,0,0,0
160892.128690067,40,2107.6,2330.4,2677,0,0,738601.735516535,0,0,0
160892.168689134,40,2075.4,2260,2599.6,0,0,738601.735516998,0,0,0
160892.2086882,40,2063.4,2216,2500,0,0,738601.735517461,0,0,0
160892.248687267,40,2052.8,2202.6,2466.6,0,0,738601.735517924,0,0,0
160892.288686333,40,2059,2217.4,2512.8,0,0,738601.735518387,0,0,0
160892.328685399,40,2077.4,2264.8,2569.4,0,0,738601.73551885,0,0,0
160892.368684466,40,2106.4,2329.4,2632.8,0,0,738601.735519313,0,0,0
160892.408683532,40,2152.2,2411.6,2635.6,0,0,738601.735519776,0,0,0
160892.448682599,40,2199.6,2476,2550,0,0,738601.735520239,0,0,0
160892.488681665,40,2247.8,2472.2,2418.8,0,0,738601.735520702,0,0,0
160892.528680731,40,2269.4,2415.4,2309.8,0,0,738601.735521165,0,0,0
160892.568679798,40,2270.6,2360.4,2241.6,0,0,738601.735521628,0,0,0
160892.608678864,40,2263.8,2319.8,2201.2,0,0,738601.735522091,0,0,0
160892.648677931,40,2258.2,2297.2,2181.4,0,0,738601.735522554,0,0,0
160892.688676997,40,2261.4,2309.2,2188.4,0,0,738601.735523017,0,0,0
160892.728676063,40,2268.8,2333.4,2210.4,0,0,738601.73552348,0,0,0
160892.76867513,40,2268.6,2362.6,2247.2,0,0,738601.735523943,0,0,0
160892.808674196,40,2264.6,2393,2291,0,0,738601.735524406,0,0,0
160892.848673263,40,2251.8,2430.2,2364.8,0,0,738601.735524869,0,0,0
160892.888672329,40,2222.2,2464.8,2481.4,0,0,738601.735525332,0,0,0
160892.928671395,40,2175.6,2454.8,2611.8,0,0,738601.735525795,0,0,0
160892.968670462,40,2131,2388.2,2697.4,0,0,738601.735526257,0,0,0
160893.008669528,40,2095.8,2306.6,2672.6,0,0,738601.73552672,0,0,0
160893.048668595,40,2067.2,2245.2,2573,0,0,738601.735527183,0,0,0
160893.088667661,40,2058.6,2204,2477.4,0,0,738601.735527646,0,0,0
160893.128666727,40,2052.4,2193,2459.2,0,0,738601.735528109,0,0,0
160893.168665794,40,2061.8,2216.4,2509,0,0,738601.735528572,0,0,0
160893.20866486,40,2078.2,2261.8,2575.6,0,0,738601.735529035,0,0,0
160893.248663927,40,2108,2333.6,2639,0,0,738601.735529498,0,0,0
160893.288662993,40,2152.2,2420.4,2638.2,0,0,738601.735529961,0,0,0
160893.328662059,40,2206.8,2483.6,2536.6,0,0,738601.735530424,0,0,0
160893.368661126,40,2251.6,2467.2,2391.4,0,0,738601.735530887,0,0,0
160893.408660192,40,2270.2,2396.8,2284.6,0,0,738601.73553135,0,0,0
160893.448659259,40,2269.2,2341.8,2221.2,0,0,738601.735531813,0,0,0
160893.488658325,40,2257.4,2300.8,2182.4,0,0,738601.735532276,0,0,0
160893.528657391,40,2255,2286.8,2169.6,0,0,738601.735532739,0,0,0
160893.568656458,40,2263,2301.4,2183.8,0,0,738601.735533202,0,0,0
160893.608655524,40,2257,2314.8,2207.2,0,0,738601.735533665,0,0,0
160893.648654591,40,2257.8,2335,2234.8,0,0,738601.735534128,0,0,0
160893.688653657,40,2265.6,2396.4,2295.6,0,0,738601.735534591,0,0,0
160893.728652723,40,2253,2465.4,2397,0,0,738601.735535054,0,0,0
160893.76865179,40,2215.2,2481.8,2531.2,0,0,738601.735535517,0,0,0
160893.808650856,40,2160.6,2444.6,2648.4,0,0,738601.73553598,0,0,0
160893.848649923,40,2122.2,2361.8,2672.6,0,0,738601.735536442,0,0,0
160893.888648989,40,2088.6,2282.8,2605.4,0,0,738601.735536905,0,0,0
160893.928648055,40,2067.8,2226.6,2510,0,0,738601.735537368,0,0,0
160893.968647122,40,2053.6,2192,2443.6,0,0,738601.735537831,0,0,0
160894.008646188,40,2051,2200,2451,0,0,738601.735538294,0,0,0
160894.048645255,40,2067.2,2227.2,2536.8,0,0,738601.735538757,0,0,0
160894.088644321,40,2086.2,2292.2,2635,0,0,738601.73553922,0,0,0
160894.128643387,40,2124.6,2387.8,2690.6,0,0,738601.735539683,0,0,0
160894.168642454,40,2181.4,2468,2614,0,0,738601.735540146,0,0,0
160894.20864152,40,2239.4,2484.6,2455.8,0,0,738601.735540609,0,0,0
160894.248640587,40,2269.6,2432.4,2326,0,0,738601.735541072,0,0,0
160894.288639653,40,2273.6,2359.6,2242.6,0,0,738601.735541535,0,0,0
160894.328638719,40,2264,2306.4,2191.4,0,0,738601.735541998,0,0,0
160894.368637786,40,2248.6,2280.2,2174,0,0,738601.735542461,0,0,0
160894.408636852,40,2251.4,2288.2,2176.8,0,0,738601.735542924,0,0,0
160894.448635919,40,2252.8,2310.8,2207,0,0,738601.735543387,0,0,0
160894.488634985,40,2264.2,2348.2,2236,0,0,738601.73554385,0,0,0
160894.528634051,40,2268.2,2403.8,2296.2,0,0,738601.735544313,0,0,0
160894.568633118,40,2251.2,2456,2396,0,0,738601.735544775,0,0,0
160894.608632184,40,2206.4,2470.8,2532.8,0,0,738601.735545238,0,0,0
160894.648631251,40,2155.2,2431.6,2636.2,0,0,738601.735545701,0,0,0
160894.688630317,40,2114.6,2352.4,2659.4,0,0,738601.735546164,0,0,0
160894.728629383,40,2081,2275.4,2599.4,0,0,738601.735546627,0,0,0
160894.76862845,40,2067.2,2223.2,2509.8,0,0,738601.73554709,0,0,0
160894.808627516,40,2052.4,2191.8,2453,0,0,738601.735547553,0,0,0
160894.848626583,40,2057.4,2209,2480,0,0,738601.735548016,0,0,0
160894.888625649,40,2073.8,2242,2552.2,0,0,738601.735548479,0,0,0
160894.928624715,40,2097,2304.8,2622.6,0,0,738601.735548942,0,0,0
160894.968623782,40,2141.6,2398.2,2649.6,0,0,738601.735549405,0,0,0
160895.008622848,40,2199.2,2471.2,2553.4,0,0,738601.735549868,0,0,0
160895.048621915,40,2243,2462.2,2412.2,0,0,738601.735550331,0,0,0
160895.088620981,40,2274,2404.4,2291.4,0,0,738601.735550794,0,0,0
160895.128620047,40,2270,2333.8,2219.8,0,0,738601.735551257,0,0,0
160895.168619114,40,2257.2,2292.4,2173.8,0,0,738601.73555172,0,0,0
160895.20861818,40,2250.4,2269.6,2162.8,0,0,738601.735552183,0,0,0
160895.248617247,40,2249.4,2283.2,2169.2,0,0,738601.735552646,0,0,0
160895.288616313,40,2263.4,2307.6,2193.8,0,0,738601.735553109,0,0,0
160895.328615379,40,2260.6,2327.6,2227.8,0,0,738601.735553572,0,0,0
160895.368614446,40,2266,2383.2,2274,0,0,738601.735554035,0,0,0
160895.408613512,40,2252.8,2426.6,2352.6,0,0,738601.735554498,0,0,0
160895.448612579,40,2222.6,2462.6,2475.8,0,0,738601.73555496,0,0,0
160895.488611645,40,2181.8,2454.8,2610.8,0,0,738601.735555423,0,0,0
160895.528610711,40,2126,2384.4,2685.4,0,0,738601.735555886,0,0,0
160895.568609778,40,2091,2304.8,2661,0,0,738601.735556349,0,0,0
160895.608608844,40,2066.4,2238.4,2559,0,0,738601.735556812,0,0,0
160895.648607911,40,2054.2,2199.6,2454.4,0,0,738601.735557275,0,0,0
160895.688606977,40,2049.2,2179.8,2418.6,0,0,738601.735557738,0,0,0
160895.728606043,40,2057.6,2200.8,2470.2,0,0,738601.735558201,0,0,0
160895.76860511,40,2074.4,2245.8,2541,0,0,738601.735558664,0,0,0
160895.808604176,40,2100.8,2323,2624.6,0,0,738601.735559127,0,0,0
160895.848603243,40,2147.2,2418,2655,0,0,738601.73555959,0,0,0
160895.888602309,40,2202.6,2492.4,2565,0,0,738601.735560053,0,0,0
160895.928601375,40,2250.4,2472.6,2405.6,0,0,738601.735560516,0,0,0
160895.968600442,40,2275,2414.4,2293.4,0,0,738601.735560979,0,0,0
160896.008599508,40,2267.4,2345.4,2222.8,0,0,738601.735561442,0,0,0
160896.048598575,40,2251.4,2298.4,2181.6,0,0,738601.735561905,0,0,0
160896.088597641,40,2251.6,2289.2,2170.4,0,0,738601.735562368,0,0,0
160896.128596707,40,2266.2,2310,2192.4,0,0,738601.735562831,0,0,0
160896.168595774,40,2263.6,2340.8,2224.6,0,0,738601.735563294,0,0,0
160896.20859484,40,2269.4,2374,2261.4,0,0,738601.735563757,0,0,0
160896.248593907,40,2259.6,2410.8,2328.4,0,0,738601.73556422,0,0,0
160896.288592973,40,2239.4,2458.4,2426.6,0,0,738601.735564683,0,0,0
160896.328592039,40,2193.8,2474.4,2574.8,0,0,738601.735565145,0,0,0
160896.368591106,40,2141.2,2421.4,2700.6,0,0,738601.735565608,0,0,0
160896.408590172,40,2104,2340.8,2724.6,0,0,738601.735566071,0,0,0
160896.448589239,40,2078,2265.6,2634.6,0,0,738601.735566534,0,0,0
160896.488588305,40,2060,2212,2514,0,0,738601.735566997,0,0,0
160896.528587371,40,2047.6,2180.4,2435.8,0,0,738601.73556746,0,0,0
160896.568586438,40,2049.2,2191.6,2438.6,0,0,738601.735567923,0,0,0
160896.608585504,40,2058.2,2214.8,2486.4,0,0,738601.735568386,0,0,0
160896.648584571,40,2081.2,2264.4,2564.8,0,0,738601.735568849,0,0,0
160896.688583637,40,2112.8,2357.6,2690,0,0,738601.735569312,0,0,0
160896.728582703,40,2168.8,2459,2666,0,0,738601.735569775,0,0,0
160896.76858177,40,2225.6,2503.6,2525.8,0,0,738601.735570238,0,0,0
160896.808580836,40,2261.2,2454.8,2370.4,0,0,738601.735570701,0,0,0
160896.848579903,40,2269.6,2384,2267.4,0,0,738601.735571164,0,0,0
160896.888578969,40,2260.6,2321.6,2201.6,0,0,738601.735571627,0,0,0
160896.928578035,40,2251.8,2292.2,2172,0,0,738601.73557209,0,0,0
160896.968577102,40,2248.2,2284.2,2173.4,0,0,738601.735572553,0,0,0
160897.008576168,40,2258.8,2310,2191.8,0,0,738601.735573016,0,0,0
160897.048575235,40,2269,2333.8,2218.8,0,0,738601.735573479,0,0,0
160897.088574301,40,2273.6,2367.8,2259.8,0,0,738601.735573941,0,0,0
160897.128573367,40,2257,2412.4,2321.8,0,0,738601.735574404,0,0,0
160897.168572434,40,2235.4,2460.6,2425.8,0,0,738601.735574867,0,0,0
160897.2085715,40,2193.8,2468.6,2563.6,0,0,738601.73557533,0,0,0
160897.248570567,40,2144.4,2410.8,2678,0,0,738601.735575793,0,0,0
160897.288569633,40,2097.2,2320.4,2684,0,0,738601.735576256,0,0,0
160897.328568699,40,2068,2248.2,2583,0,0,738601.735576719,0,0,0
160897.368567766,40,2057.6,2200.8,2472.8,0,0,738601.735577182,0,0,0
160897.408566832,40,2053.2,2189.2,2442.8,0,0,738601.735577645,0,0,0
160897.448565899,40,2055.8,2207.4,2492.2,0,0,738601.735578108,0,0,0
160897.488564965,40,2076.4,2258.4,2560.8,0,0,738601.735578571,0,0,0
160897.528564031,40,2111.8,2345,2661.6,0,0,738601.735579034,0,0,0
160897.568563098,40,2157,2443.4,2668.4,0,0,738601.735579497,0,0,0
160897.608562164,40,2212.6,2489.6,2528,0,0,738601.73557996,0,0,0
160897.648561231,40,2260.6,2463.4,2370.2,0,0,738601.735580423,0,0,0
160897.688560297,40,2273.6,2393.2,2274.4,0,0,738601.735580886,0,0,0
160897.728559363,40,2264.8,2330.6,2203.8,0,0,738601.735581349,0,0,0
160897.76855843,40,2250,2287.8,2176.2,0,0,738601.735581812,0,0,0
160897.808557496,40,2248,2274.4,2159.6,0,0,738601.735582275,0,0,0
160897.848556563,40,2257.4,2289.8,2180.2,0,0,738601.735582738,0,0,0
160897.888555629,40,2262,2315.2,2203.2,0,0,738601.735583201,0,0,0
160897.928554695,40,2268.8,2352,2243.4,0,0,738601.735583664,0,0,0
160897.968553762,40,2266.2,2405.2,2301.6,0,0,738601.735584126,0,0,0
160898.008552828,40,2247.2,2456,2399.4,0,0,738601.735584589,0,0,0
160898.048551895,40,2208.4,2480.6,2539,0,0,738601.735585052,0,0,0
160898.088550961,40,2162,2440.2,2673.4,0,0,738601.735585515,0,0,0
160898.128550027,40,2116,2366.4,2713.6,0,0,738601.735585978,0,0,0
160898.168549094,40,2084.2,2283.4,2649.4,0,0,738601.735586441,0,0,0
160898.20854816,40,2066,2227.4,2535.8,0,0,738601.735586904,0,0,0
160898.248547227,40,2055.2,2194,2464.2,0,0,738601.735587367,0,0,0
160898.288546293,40,2055.8,2210,2488,0,0,738601.73558783,0,0,0
160898.328545359,40,2075.4,2253.6,2549.4,0,0,738601.735588293,0,0,0
160898.368544426,40,2101.2,2323.6,2663.8,0,0,738601.735588756,0,0,0
160898.408543492,40,2148.2,2422.8,2694,0,0,738601.735589219,0,0,0
160898.448542559,40,2201.4,2491.6,2572,0,0,738601.735589682,0,0,0
160898.488541625,40,2250.2,2476,2422.2,0,0,738601.735590145,0,0,0
160898.528540691,40,2274,2422.6,2304,0,0,738601.735590608,0,0,0
160898.568539758,40,2272.2,2356,2232.8,0,0,738601.735591071,0,0,0
160898.608538824,40,2259.8,2310.8,2197.2,0,0,738601.735591534,0,0,0
160898.648537891,40,2257.4,2291.6,2175,0,0,738601.735591997,0,0,0
160898.688536957,40,2260.4,2297.8,2184.8,0,0,738601.73559246,0,0,0
160898.728536023,40,2274,2332.2,2218.4,0,0,738601.735592923,0,0,0
160898.76853509,40,2265,2359.6,2248.2,0,0,738601.735593386,0,0,0
160898.808534156,40,2261.4,2411.8,2314.6,0,0,738601.735593849,0,0,0
160898.848533223,40,2241.8,2458.4,2407.2,0,0,738601.735594311,0,0,0
160898.888532289,40,2207.4,2483,2543.6,0,0,738601.735594774,0,0,0
160898.928531355,40,2156.2,2444,2667.6,0,0,738601.735595237,0,0,0
160898.968530422,40,2115,2361.8,2712.6,0,0,738601.7355957,0,0,0
160899.008529488,40,2082.2,2281.8,2638.2,0,0,738601.735596163,0,0,0
160899.048528555,40,2057.2,2219.2,2523,0,0,738601.735596626,0,0,0
160899.088527621,40,2054.6,2197.4,2451.8,0,0,738601.735597089,0,0,0
160899.128526687,40,2061.8,2209.6,2480.8,0,0,738601.735597552,0,0,0
160899.168525754,40,2075,2248.6,2549.8,0,0,738601.735598015,0,0,0
160899.20852482,40,2103.6,2324.6,2664.2,0,0,738601.735598478,0,0,0
160899.248523887,40,2146.6,2424.8,2689.8,0,0,738601.735598941,0,0,0
160899.288522953,40,2205.6,2495.8,2571.4,0,0,738601.735599404,0,0,0
160899.328522019,40,2253.4,2475.2,2406.4,0,0,738601.735599867,0,0,0
160899.368521086,40,2270.2,2401.6,2284.2,0,0,738601.73560033,0,0,0
160899.408520152,40,2272.6,2342.2,2215.6,0,0,738601.735600793,0,0,0
160899.448519219,40,2254.4,2297.2,2179.2,0,0,738601.735601256,0,0,0
160899.488518285,40,2251.2,2272.4,2166.2,0,0,738601.735601719,0,0,0
160899.528517351,40,2254.6,2283.2,2167.6,0,0,738601.735602182,0,0,0
160899.568516418,40,2269.2,2315.6,2197.6,0,0,738601.735602645,0,0,0
160899.608515484,40,2267.4,2345.2,2238.6,0,0,738601.735603107,0,0,0
160899.648514551,40,2268.4,2394,2289.4,0,0,738601.73560357,0,0,0
160899.688513617,40,2248.8,2443.2,2377.6,0,0,738601.735604033,0,0,0
160899.728512683,40,2214,2467.8,2509.6,0,0,738601.735604496,0,0,0
160899.76851175,40,2163.2,2441.4,2631.2,0,0,738601.735604959,0,0,0
160899.808510816,40,2120,2363.2,2673.6,0,0,738601.735605422,0,0,0
160899.848509883,40,2088.6,2286,2627.6,0,0,738601.735605885,0,0,0
160899.888508949,40,2062.4,2229.4,2542.2,0,0,738601.735606348,0,0,0
160899.928508015,40,2052.4,2199.2,2469.8,0,0,738601.735606811,0,0,0
160899.968507082,40,2056.6,2202.8,2468.6,0,0,738601.735607274,0,0,0
160900.008506148,40,2068.6,2227.4,2514.6,0,0,738601.735607737,0,0,0
160900.048505215,40,2083.6,2281,2601.8,0,0,738601.7356082,0,0,0
160900.088504281,40,2124.8,2385.8,2697.8,0,0,738601.735608663,0,0,0
160900.128503347,40,2177.2,2473.2,2632.4,0,0,738601.735609126,0,0,0
160900.168502414,40,2231.2,2493.6,2475,0,0,738601.735609589,0,0,0
160900.20850148,40,2263.2,2441,2338.4,0,0,738601.735610052,0,0,0
160900.248500547,40,2268.2,2373.6,2250,0,0,738601.735610515,0,0,0
160900.288499613,40,2264.8,2310.8,2192.6,0,0,738601.735610978,0,0,0
160900.328498679,40,2252.6,2281.4,2168,0,0,738601.735611441,0,0,0
160900.368497746,40,2245.6,2267.8,2157.8,0,0,738601.735611904,0,0,0
160900.408496812,40,2253.4,2281.8,2171.6,0,0,738601.735612367,0,0,0
160900.448495879,40,2261.6,2313,2190.8,0,0,738601.73561283,0,0,0
160900.488494945,40,2265.4,2345.2,2234.6,0,0,738601.735613292,0,0,0
160900.528494011,40,2262.4,2389.4,2292,0,0,738601.735613755,0,0,0
160900.568493078,40,2246.4,2449,2400.2,0,0,738601.735614218,0,0,0
160900.608492144,40,2200.8,2470.4,2541,0,0,738601.735614681,0,0,0
160900.648491211,40,2152,2426,2660.4,0,0,738601.735615144,0,0,0
160900.688490277,40,2110.6,2339,2664.2,0,0,738601.735615607,0,0,0
160900.728489343,40,2083,2266.6,2590.8,0,0,738601.73561607,0,0,0
160900.76848841,40,2063,2211.6,2487.8,0,0,738601.735616533,0,0,0
160900.808487476,40,2054.4,2187.2,2426.2,0,0,738601.735616996,0,0,0
160900.848486543,40,2052.6,2193,2444.4,0,0,738601.735617459,0,0,0
160900.888485609,40,2064.4,2227.8,2508.2,0,0,738601.735617922,0,0,0
160900.928484675,40,2089.6,2281.8,2609.8,0,0,738601.735618385,0,0,0
160900.968483742,40,2127.8,2368,2673.8,0,0,738601.735618848,0,0,0
160901.008482808,40,2176.6,2455.6,2616,0,0,738601.735619311,0,0,0
160901.048481875,40,2228.2,2482,2479,0,0,738601.735619774,0,0,0
160901.088480941,40,2264,2436.6,2338.2,0,0,738601.735620237,0,0,0
160901.128480007,40,2270.6,2365.4,2252,0,0,738601.7356207,0,0,0
160901.168479074,40,2262,2311.8,2195.4,0,0,738601.735621163,0,0,0
160901.20847814,40,2254.2,2280,2165,0,0,738601.735621626,0,0,0
160901.248477207,40,2250.4,2272.8,2167,0,0,738601.735622089,0,0,0
160901.288476273,40,2254.8,2294.6,2180.2,0,0,738601.735622552,0,0,0
160901.328475339,40,2261.6,2315.2,2202.2,0,0,738601.735623015,0,0,0
160901.368474406,40,2268,2352,2245.4,0,0,738601.735623477,0,0,0
160901.408473472,40,2266,2401,2300.6,0,0,738601.73562394,0,0,0
160901.448472539,40,2249.6,2452.2,2397.6,0,0,738601.735624403,0,0,0
160901.488471605,40,2207.8,2472.6,2521.4,0,0,738601.735624866,0,0,0
160901.528470671,40,2164.2,2434.4,2629.2,0,0,738601.735625329,0,0,0
160901.568469738,40,2120.4,2363,2667.8,0,0,738601.735625792,0,0,0
160901.608468804,40,2087.8,2291.8,2627,0,0,738601.735626255,0,0,0
160901.648467871,40,2066.4,2235,2546.2,0,0,738601.735626718,0,0,0
160901.688466937,40,2055.4,2211.4,2502.4,0,0,738601.735627181,0,0,0
160901.728466003,40,2063.6,2223.6,2529.6,0,0,738601.735627644,0,0,0
160901.76846507,40,2078.6,2266.4,2586.2,0,0,738601.735628107,0,0,0
160901.808464136,40,2101.6,2327.6,2652.4,0,0,738601.73562857,0,0,0
160901.848463203,40,2150.8,2413,2650.4,0,0,738601.735629033,0,0,0
160901.888462269,40,2195.8,2476.2,2561.4,0,0,738601.735629496,0,0,0
160901.928461335,40,2246.8,2470.8,2413.8,0,0,738601.735629959,0,0,0
160901.968460402,40,2269.6,2413.2,2302.8,0,0,738601.735630422,0,0,0
160902.008459468,40,2270.4,2353.6,2230,0,0,738601.735630885,0,0,0
160902.048458535,40,2258,2305.2,2189.4,0,0,738601.735631348,0,0,0
160902.088457601,40,2249.2,2280,2168.6,0,0,738601.735631811,0,0,0
160902.128456667,40,2250.6,2281.4,2168.2,0,0,738601.735632273,0,0,0
160902.168455734,40,2255.4,2301,2184,0,0,738601.735632736,0,0,0
160902.2084548,40,2265,2325,2212,0,0,738601.735633199,0,0,0
160902.248453867,40,2266.8,2359,2258,0,0,738601.735633662,0,0,0
160902.288452933,40,2258.4,2410.4,2317.4,0,0,738601.735634125,0,0,0
160902.328451999,40,2235.4,2460.6,2433.2,0,0,738601.735634588,0,0,0
160902.368451066,40,2192,2461.2,2560.4,0,0,738601.735635051,0,0,0
160902.408450132,40,2143.6,2411.6,2655.2,0,0,738601.735635514,0,0,0
160902.448449199,40,2104.8,2335.2,2660.8,0,0,738601.735635977,0,0,0
160902.488448265,40,2081,2270.6,2606.4,0,0,738601.73563644,0,0,0
160902.528447331,40,2063,2225,2533.6,0,0,738601.735636903,0,0,0
160902.568446398,40,2062.6,2217.8,2527.6,0,0,738601.735637366,0,0,0
160902.608445464,40,2070,2247,2586,0,0,738601.735637829,0,0,0
160902.648444531,40,2083.8,2292.4,2665.4,0,0,738601.735638292,0,0,0
160902.688443597,40,2118,2372.2,2716.4,0,0,738601.735638755,0,0,0
160902.728442663,40,2165,2453,2661,0,0,738601.735639218,0,0,0
160902.76844173,40,2210.6,2491,2536,0,0,738601.735639681,0,0,0
160902.808440796,40,2255,2459.4,2387.2,0,0,738601.735640144,0,0,0
160902.848439863,40,2274.4,2399.8,2286.8,0,0,738601.735640607,0,0,0
160902.888438929,40,2266.6,2346.6,2234.2,0,0,738601.73564107,0,0,0
160902.928437995,40,2258.6,2304.6,2188.8,0,0,738601.735641533,0,0,0
160902.968437062,40,2255.8,2287.4,2174.6,0,0,738601.735641995,0,0,0
160903.008436128,40,2258.8,2298,2182,0,0,738601.735642458,0,0,0
160903.048435195,40,2264.8,2323,2204.2,0,0,738601.735642921,0,0,0
160903.088434261,40,2274.4,2355.8,2235.6,0,0,738601.735643384,0,0,0
160903.128433327,40,2274.2,2396.8,2283.6,0,0,738601.735643847,0,0,0
160903.168432394,40,2262,2444.2,2361.6,0,0,738601.73564431,0,0,0
160903.20843146,40,2225.8,2470.8,2469.4,0,0,738601.735644773,0,0,0
160903.248430527,40,2183.6,2456.6,2587.8,0,0,738601.735645236,0,0,0
160903.288429593,40,2141.4,2405.8,2676.4,0,0,738601.735645699,0,0,0
160903.328428659,40,2106.6,2337.2,2696.2,0,0,738601.735646162,0,0,0
160903.368427726,40,2088.8,2291.6,2662.8,0,0,738601.735646625,0,0,0
160903.408426792,40,2081.2,2275,2649.4,0,0,738601.735647088,0,0,0
160903.448425859,40,2086.8,2296.8,2679.2,0,0,738601.735647551,0,0,0
160903.488424925,40,2116,2351.8,2691.4,0,0,738601.735648014,0,0,0
160903.528423991,40,2144.8,2420,2665.6,0,0,738601.735648477,0,0,0
160903.568423058,40,2195,2467.4,2569.6,0,0,738601.73564894,0,0,0
160903.608422124,40,2238.2,2468.6,2435.4,0,0,738601.735649403,0,0,0
160903.648421191,40,2262.6,2421.2,2323.2,0,0,738601.735649866,0,0,0
160903.688420257,40,2271.6,2357,2243.2,0,0,738601.735650329,0,0,0
160903.728419323,40,2259.4,2313.6,2197.2,0,0,738601.735650792,0,0,0
160903.76841839,40,2260.4,2292,2173,0,0,738601.735651255,0,0,0
160903.808417456,40,2254.4,2287.2,2174.4,0,0,738601.735651718,0,0,0
160903.848416523,40,2258.6,2304.4,2187,0,0,738601.73565218,0,0,0
160903.888415589,40,2270,2328.2,2208.4,0,0,738601.735652643,0,0,0
160903.928414655,40,2272,2364.6,2240.2,0,0,738601.735653106,0,0,0
160903.968413722,40,2272.8,2420.4,2307,0,0,738601.735653569,0,0,0
160904.008412788,40,2254.6,2488.2,2429,0,0,738601.735654032,0,0,0
160904.048411855,40,2204.8,2515.4,2607.6,0,0,738601.735654495,0,0,0
160904.088410921,40,2146.4,2455,2783,0,0,738601.735654958,0,0,0
160904.128409987,40,2102.4,2357.6,2792.8,0,0,738601.735655421,0,0,0
160904.168409054,40,2077.2,2271.6,2687.6,0,0,738601.735655884,0,0,0
160904.20840812,40,2060.4,2231,2570,0,0,738601.735656347,0,0,0
160904.248407187,40,2062,2216,2509.6,0,0,738601.73565681,0,0,0
160904.288406253,40,2069.8,2241.4,2545.4,0,0,738601.735657273,0,0,0
160904.328405319,40,2083.2,2278.6,2604.4,0,0,738601.735657736,0,0,0
160904.368404386,40,2118.2,2358.2,2671.8,0,0,738601.735658199,0,0,0
160904.408403452,40,2161.4,2444.4,2663.4,0,0,738601.735658662,0,0,0
160904.448402519,40,2210.4,2487.2,2547.6,0,0,738601.735659125,0,0,0
160904.488401585,40,2250.2,2475,2412.6,0,0,738601.735659588,0,0,0
160904.528400651,40,2275.6,2423,2310.2,0,0,738601.735660051,0,0,0
160904.568399718,40,2274.8,2361.8,2235.8,0,0,738601.735660514,0,0,0
160904.608398784,40,2261.8,2314.6,2192.6,0,0,738601.735660976,0,0,0
160904.648397851,40,2252.2,2296,2182,0,0,738601.735661439,0,0,0
160904.688396917,40,2253.4,2305,2189.4,0,0,738601.735661902,0,0,0
160904.728395983,40,2266.4,2341.2,2215.8,0,0,738601.735662365,0,0,0
160904.76839505,40,2269.2,2382.2,2258.2,0,0,738601.735662828,0,0,0
160904.808394116,40,2261.6,2443,2335.4,0,0,738601.735663291,0,0,0
160904.848393183,40,2241.4,2499.2,2462.8,0,0,738601.735663754,0,0,0
160904.888392249,40,2197.2,2516.6,2643.6,0,0,738601.735664217,0,0,0
160904.928391315,40,2141.4,2448.4,2794.4,0,0,738601.73566468,0,0,0
160904.968390382,40,2101.8,2342.4,2784.8,0,0,738601.735665143,0,0,0
160905.008389448,40,2073.4,2253.4,2642.2,0,0,738601.735665606,0,0,0
160905.048388515,40,2054,2198.8,2484.8,0,0,738601.735666069,0,0,0
160905.088387581,40,2043.8,2170.2,2396,0,0,738601.735666532,0,0,0
160905.128386647,40,2046.6,2173.4,2404.4,0,0,738601.735666995,0,0,0
160905.168385714,40,2053.2,2198.6,2492.6,0,0,738601.735667458,0,0,0
160905.20838478,40,2070.8,2256.2,2661,0,0,738601.735667921,0,0,0
160905.248383847,40,2103.4,2359.4,2812,0,0,738601.735668384,0,0,0
160905.288382913,40,2159,2471.6,2754.4,0,0,738601.735668847,0,0,0
160905.328381979,40,2214.4,2509,2559.2,0,0,738601.73566931,0,0,0
160905.368381046,40,2260.2,2462.6,2375.6,0,0,738601.735669773,0,0,0
160905.408380112,40,2279.8,2392.6,2267.2,0,0,738601.735670236,0,0,0
160905.448379179,40,2265.4,2327.4,2207.6,0,0,738601.735670699,0,0,0
160905.488378245,40,2259.8,2305.6,2185.2,0,0,738601.735671161,0,0,0
160905.528377311,40,2253.8,2309.8,2193.2,0,0,738601.735671624,0,0,0
160905.568376378,40,2263.4,2347,2220.6,0,0,738601.735672087,0,0,0
160905.608375444,40,2268.4,2394.6,2267.8,0,0,738601.73567255,0,0,0
160905.648374511,40,2260.2,2461.4,2369.4,0,0,738601.735673013,0,0,0
160905.688373577,40,2227.8,2511.8,2511.8,0,0,738601.735673476,0,0,0
160905.728372643,40,2177.8,2499.4,2698.8,0,0,738601.735673939,0,0,0
160905.76837171,40,2126.8,2418.2,2825.6,0,0,738601.735674402,0,0,0
160905.808370776,40,2088.4,2311,2767,0,0,738601.735674865,0,0,0
160905.848369843,40,2062.4,2228.6,2595.2,0,0,738601.735675328,0,0,0
160905.888368909,40,2051.6,2185.6,2445.2,0,0,738601.735675791,0,0,0
160905.928367975,40,2047.4,2166.6,2381,0,0,738601.735676254,0,0,0
160905.968367042,40,2043.4,2174.6,2425.8,0,0,738601.735676717,0,0,0
160906.008366108,40,2057.2,2217.4,2538.4,0,0,738601.73567718,0,0,0
160906.048365175,40,2087.6,2298.2,2678,0,0,738601.735677643,0,0,0
160906.088364241,40,2124.2,2400.8,2738.2,0,0,738601.735678106,0,0,0
160906.128363307,40,2184.2,2491.6,2641.2,0,0,738601.735678569,0,0,0
160906.168362374,40,2234.6,2493.2,2458.4,0,0,738601.735679032,0,0,0
160906.20836144,40,2268.6,2431.8,2326.6,0,0,738601.735679495,0,0,0
160906.248360507,40,2272.8,2364.4,2240.4,0,0,738601.735679958,0,0,0
160906.288359573,40,2257,2312,2188.4,0,0,738601.735680421,0,0,0
160906.328358639,40,2242.6,2283,2172.2,0,0,738601.735680884,0,0,0
160906.368357706,40,2245.4,2284.8,2174.2,0,0,738601.735681346,0,0,0
160906.408356772,40,2259.4,2322.8,2194.6,0,0,738601.735681809,0,0,0
160906.448355839,40,2270.4,2354,2228.4,0,0,738601.735682272,0,0,0
160906.488354905,40,2259.8,2418,2305.6,0,0,738601.735682735,0,0,0
160906.528353971,40,2251.4,2477.4,2402.4,0,0,738601.735683198,0,0,0
160906.568353038,40,2212.8,2512,2565,0,0,738601.735683661,0,0,0
160906.608352104,40,2166.8,2482.2,2742.2,0,0,738601.735684124,0,0,0
160906.648351171,40,2115.8,2389.6,2819.8,0,0,738601.735684587,0,0,0
160906.688350237,40,2082.8,2289.4,2723,0,0,738601.73568505,0,0,0
160906.728349303,40,2057.6,2214.8,2550.8,0,0,738601.735685513,0,0,0
160906.76834837,40,2045.2,2174.4,2431.8,0,0,738601.735685976,0,0,0
160906.808347436,40,2048.6,2174,2413,0,0,738601.735686439,0,0,0
160906.848346503,40,2054.8,2200,2504.2,0,0,738601.735686902,0,0,0
160906.888345569,40,2072.8,2255.4,2629.8,0,0,738601.735687365,0,0,0
160906.928344635,40,2106.4,2344,2724.8,0,0,738601.735687828,0,0,0
160906.968343702,40,2149.6,2434,2689,0,0,738601.735688291,0,0,0
160907.008342768,40,2201.2,2487,2557.4,0,0,738601.735688754,0,0,0
160907.048341835,40,2249.6,2460.4,2405,0,0,738601.735689217,0,0,0
160907.088340901,40,2270.2,2402.2,2292.6,0,0,738601.73568968,0,0,0
160907.128339967,40,2264.8,2340,2224.4,0,0,738601.735690142,0,0,0
160907.168339034,40,2257.8,2295.6,2186.2,0,0,738601.735690605,0,0,0
160907.2083381,40,2247,2271.2,2161.8,0,0,738601.735691068,0,0,0
160907.248337167,40,2235.4,2257.2,2158.4,0,0,738601.735691531,0,0,0
160907.288336233,40,2244.6,2281.6,2168.2,0,0,738601.735691994,0,0,0
160907.328335299,40,2259.6,2322,2203.6,0,0,738601.735692457,0,0,0
160907.368334366,40,2268.6,2382.4,2257,0,0,738601.73569292,0,0,0
160907.408333432,40,2263.8,2451.8,2353.2,0,0,738601.735693383,0,0,0
160907.448332499,40,2235,2509,2497.4,0,0,738601.735693846,0,0,0
160907.488331565,40,2183.4,2504.6,2688.4,0,0,738601.735694309,0,0,0
160907.528330631,40,2132.8,2413.4,2821,0,0,738601.735694772,0,0,0
160907.568329698,40,2088.2,2307.8,2765.4,0,0,738601.735695235,0,0,0
160907.608328764,40,2065.8,2231.8,2576.6,0,0,738601.735695698,0,0,0
160907.648327831,40,2048.4,2178.4,2430.4,0,0,738601.735696161,0,0,0
160907.688326897,40,2046.2,2162.2,2361,0,0,738601.735696624,0,0,0
160907.728325963,40,2050.4,2173.4,2388.4,0,0,738601.735697087,0,0,0
160907.76832503,40,2063,2207,2471.6,0,0,738601.73569755,0,0,0
160907.808324096,40,2082.2,2274.2,2603.8,0,0,738601.735698013,0,0,0
160907.848323163,40,2116.4,2367.8,2699.2,0,0,738601.735698476,0,0,0
160907.888322229,40,2178,2464.8,2635.2,0,0,738601.735698939,0,0,0
160907.928321295,40,2230.6,2489.8,2470.8,0,0,738601.735699402,0,0,0
160907.968320362,40,2269.2,2437.2,2330,0,0,738601.735699865,0,0,0
160908.008319428,40,2270.8,2356.8,2232,0,0,738601.735700327,0,0,0
160908.048318495,40,2248.2,2284.8,2176.6,0,0,738601.73570079,0,0,0
160908.088317561,40,2229.6,2257.2,2149.4,0,0,738601.735701253,0,0,0
160908.128316627,40,2241.8,2276,2165.6,0,0,738601.735701716,0,0,0
160908.168315694,40,2259.8,2321.4,2205.8,0,0,738601.735702179,0,0,0
160908.20831476,40,2268.8,2370.4,2245.6,0,0,738601.735702642,0,0,0
160908.248313827,40,2267,2436.4,2331.4,0,0,738601.735703105,0,0,0
160908.288312893,40,2240.8,2501.8,2467.2,0,0,738601.735703568,0,0,0
160908.328311959,40,2190.8,2508,2660.4,0,0,738601.735704031,0,0,0
160908.368311026,40,2135.4,2433.6,2829.4,0,0,738601.735704494,0,0,0
160908.408310092,40,2088.4,2320,2794.2,0,0,738601.735704957,0,0,0
160908.448309159,40,2063.8,2227.8,2611.2,0,0,738601.73570542,0,0,0
160908.488308225,40,2047.8,2178.4,2443,0,0,738601.735705883,0,0,0
160908.528307291,40,2039.8,2159.4,2379.4,0,0,738601.735706346,0,0,0
160908.568306358,40,2044.8,2174,2431.6,0,0,738601.735706809,0,0,0
160908.608305424,40,2058.6,2216.4,2568.6,0,0,738601.735707272,0,0,0
160908.648304491,40,2080.2,2298.6,2733,0,0,738601.735707735,0,0,0
160908.688303557,40,2127.4,2408.6,2794.4,0,0,738601.735708198,0,0,0
160908.728302623,40,2183.2,2496.4,2671.6,0,0,738601.735708661,0,0,0
160908.76830169,40,2242.8,2503.8,2469.8,0,0,738601.735709124,0,0,0
160908.808300756,40,2268.6,2435.4,2326.6,0,0,738601.735709587,0,0,0
160908.848299823,40,2275.8,2365.2,2244.8,0,0,738601.73571005,0,0,0
160908.888298889,40,2260.2,2313.2,2192.6,0,0,738601.735710512,0,0,0
160908.928297955,40,2246,2285.6,2170.2,0,0,738601.735710975,0,0,0
160908.968297022,40,2241.4,2285.8,2175.4,0,0,738601.735711438,0,0,0
160909.008296088,40,2251,2308.6,2191,0,0,738601.735711901,0,0,0
160909.048295155,40,2260.2,2340,2221.4,0,0,738601.735712364,0,0,0
160909.088294221,40,2269.8,2392.4,2278,0,0,738601.735712827,0,0,0
160909.128293287,40,2261,2466.6,2374.6,0,0,738601.73571329,0,0,0
160909.168292354,40,2229.2,2516,2526.4,0,0,738601.735713753,0,0,0
160909.20829142,40,2178.4,2499.8,2714.8,0,0,738601.735714216,0,0,0
160909.248290487,40,2124.6,2408.2,2832.6,0,0,738601.735714679,0,0,0
160909.288289553,40,2081.8,2300.4,2770.2,0,0,738601.735715142,0,0,0
160909.328288619,40,2054.8,2224.8,2591.6,0,0,738601.735715605,0,0,0
160909.368287686,40,2046,2177.2,2443,0,0,738601.735716068,0,0,0
160909.408286752,40,2046,2163.4,2389.6,0,0,738601.735716531,0,0,0
160909.448285819,40,2046.8,2178.6,2445.4,0,0,738601.735716994,0,0,0
160909.488284885,40,2063,2221.6,2556.6,0,0,738601.735717457,0,0,0
160909.528283951,40,2080.8,2293.8,2716.4,0,0,738601.73571792,0,0,0
160909.568283018,40,2126.2,2400.4,2770.6,0,0,738601.735718383,0,0,0
160909.608282084,40,2181.8,2485.6,2660,0,0,738601.735718846,0,0,0
160909.648281151,40,2231.8,2495.6,2485.8,0,0,738601.735719308,0,0,0
160909.688280217,40,2269.4,2444.8,2343.2,0,0,738601.735719771,0,0,0
160909.728279283,40,2271.8,2372.2,2252.4,0,0,738601.735720234,0,0,0
160909.76827835,40,2264.6,2323.2,2204.2,0,0,738601.735720697,0,0,0
160909.808277416,40,2251.2,2289.8,2175.2,0,0,738601.73572116,0,0,0
160909.848276483,40,2251.6,2297.2,2178.2,0,0,738601.735721623,0,0,0
160909.888275549,40,2259.4,2314.4,2198.2,0,0,738601.735722086,0,0,0
160909.928274615,40,2266.2,2363,2239.8,0,0,738601.735722549,0,0,0
160909.968273682,40,2272.2,2427.2,2315.6,0,0,738601.735723012,0,0,0
160910.008272748,40,2246.4,2489.4,2432.2,0,0,738601.735723475,0,0,0
160910.048271815,40,2205.8,2519.2,2611.2,0,0,738601.735723938,0,0,0
160910.088270881,40,2149.8,2465.4,2786.2,0,0,738601.735724401,0,0,0
160910.128269947,40,2106.8,2362,2805.6,0,0,738601.735724864,0,0,0
160910.168269014,40,2067.6,2260.8,2658.6,0,0,738601.735725327,0,0,0
160910.20826808,40,2052,2201.6,2481.6,0,0,738601.73572579,0,0,0
160910.248267147,40,2042.8,2167.2,2373,0,0,738601.735726253,0,0,0
160910.288266213,40,2044.2,2164.4,2376.6,0,0,738601.735726716,0,0,0
160910.328265279,40,2049.2,2187.8,2462.2,0,0,738601.735727179,0,0,0
160910.368264346,40,2061.6,2241,2611,0,0,738601.735727642,0,0,0
160910.408263412,40,2086.6,2317.4,2774.6,0,0,738601.735728105,0,0,0
160910.448262479,40,2128,2423.6,2825.2,0,0,738601.735728568,0,0,0
160910.488261545,40,2185.4,2507.6,2675,0,0,738601.73572903,0,0,0
160910.528260611,40,2234.4,2495,2470.4,0,0,738601.735729493,0,0,0
160910.568259678,40,2260.2,2434,2323.6,0,0,738601.735729956,0,0,0
160910.608258744,40,2267.2,2356.4,2239.6,0,0,738601.735730419,0,0,0
160910.648257811,40,2259.4,2316.2,2193.6,0,0,738601.735730882,0,0,0
160910.688256877,40,2253.4,2283.6,2172.2,0,0,738601.735731345,0,0,0
160910.728255943,40,2250.2,2285.2,2169,0,0,738601.735731808,0,0,0
160910.76825501,40,2256.6,2307.8,2185,0,0,738601.735732271,0,0,0
160910.808254076,40,2260.8,2341.2,2220,0,0,738601.735732734,0,0,0
160910.848253143,40,2271,2395.6,2279.2,0,0,738601.735733197,0,0,0
160910.888252209,40,2264,2457,2367,0,0,738601.73573366,0,0,0
160910.928251275,40,2228.2,2506,2513.8,0,0,738601.735734123,0,0,0
160910.968250342,40,2175.6,2486.6,2680.2,0,0,738601.735734586,0,0,0
160911.008249408,40,2131.6,2400.4,2773.2,0,0,738601.735735049,0,0,0
160911.048248475,40,2083.2,2297.4,2712.2,0,0,738601.735735512,0,0,0
160911.088247541,40,2065.4,2224.4,2564.4,0,0,738601.735735975,0,0,0
160911.128246607,40,2053.8,2180.8,2449.4,0,0,738601.735736438,0,0,0
160911.168245674,40,2048.4,2188.8,2477.8,0,0,738601.735736901,0,0,0
160911.20824474,40,2058.6,2221.6,2604.4,0,0,738601.735737364,0,0,0
160911.248243807,40,2080.8,2294.6,2770.6,0,0,738601.735737827,0,0,0
160911.288242873,40,2124.4,2401,2838.8,0,0,738601.73573829,0,0,0
160911.328241939,40,2175.4,2503.2,2699.6,0,0,738601.735738753,0,0,0
160911.368241006,40,2243.4,2507,2476.6,0,0,738601.735739215,0,0,0
160911.408240072,40,2268.2,2432.6,2320.6,0,0,738601.735739678,0,0,0
160911.448239139,40,2269.8,2358.6,2236.4,0,0,738601.735740141,0,0,0
160911.488238205,40,2259.4,2304.4,2191.2,0,0,738601.735740604,0,0,0
160911.528237271,40,2248.8,2277,2163.8,0,0,738601.735741067,0,0,0
160911.568236338,40,2249.6,2281.2,2162.8,0,0,738601.73574153,0,0,0
160911.608235404,40,2262,2304.8,2187,0,0,738601.735741993,0,0,0
160911.648234471,40,2263.6,2353.6,2227.2,0,0,738601.735742456,0,0,0
160911.688233537,40,2266.4,2410.2,2295.8,0,0,738601.735742919,0,0,0
160911.728232603,40,2252.6,2484,2417,0,0,738601.735743382,0,0,0
160911.76823167,40,2209.8,2515.4,2588.2,0,0,738601.735743845,0,0,0
160911.808230736,40,2157.6,2474.2,2763.2,0,0,738601.735744308,0,0,0
160911.848229803,40,2112.4,2366.6,2795,0,0,738601.735744771,0,0,0
160911.888228869,40,2076.8,2268.4,2679.4,0,0,738601.735745234,0,0,0
160911.928227935,40,2056.4,2210.2,2528.6,0,0,738601.735745697,0,0,0
160911.968227002,40,2046.6,2175.2,2421.2,0,0,738601.73574616,0,0,0
160912.008226068,40,2047.2,2180.8,2438,0,0,738601.735746623,0,0,0
160912.048225135,40,2051.6,2209,2552.4,0,0,738601.735747086,0,0,0
160912.088224201,40,2077,2268.8,2718.4,0,0,738601.735747549,0,0,0
160912.128223267,40,2103,2363.8,2851.2,0,0,738601.735748012,0,0,0
160912.168222334,40,2159,2475.2,2778.2,0,0,738601.735748474,0,0,0
160912.2082214,40,2215.2,2513.2,2566.8,0,0,738601.735748937,0,0,0
160912.248220467,40,2258.6,2473.2,2383,0,0,738601.7357494,0,0,0
160912.288219533,40,2272,2396.8,2277,0,0,738601.735749863,0,0,0
160912.328218599,40,2269.2,2337.4,2214.2,0,0,738601.735750326,0,0,0
160912.368217666,40,2257.6,2295.4,2180,0,0,738601.735750789,0,0,0
160912.408216732,40,2247.8,2282.8,2171,0,0,738601.735751252,0,0,0
160912.448215799,40,2255.2,2295,2185.4,0,0,738601.735751715,0,0,0
160912.488214865,40,2260.4,2316,2197.6,0,0,738601.735752178,0,0,0
160912.528213931,40,2265.8,2365.8,2247,0,0,738601.735752641,0,0,0
160912.568212998,40,2267.2,2443,2335,0,0,738601.735753104,0,0,0
160912.608212064,40,2238.4,2506.6,2481,0,0,738601.735753567,0,0,0
160912.648211131,40,2187.4,2503.4,2673,0,0,738601.73575403,0,0,0
160912.688210197,40,2131.6,2412.8,2807.8,0,0,738601.735754493,0,0,0
160912.728209263,40,2084.2,2302.6,2748,0,0,738601.735754956,0,0,0
160912.76820833,40,2060.4,2220.4,2576.2,0,0,738601.735755419,0,0,0
160912.808207396,40,2046.4,2173.8,2428.8,0,0,738601.735755882,0,0,0
160912.848206463,40,2038.8,2168.8,2415.8,0,0,738601.735756345,0,0,0
160912.888205529,40,2047.8,2196,2508.2,0,0,738601.735756808,0,0,0
160912.928204595,40,2064.6,2249.4,2668.2,0,0,738601.735757271,0,0,0
160912.968203662,40,2094.2,2341.4,2826,0,0,738601.735757734,0,0,0
160913.008202728,40,2150,2459.2,2791.4,0,0,738601.735758196,0,0,0
160913.048201795,40,2207.2,2516.6,2599.6,0,0,738601.735758659,0,0,0
160913.088200861,40,2256.8,2482.4,2401.4,0,0,738601.735759122,0,0,0
160913.128199927,40,2274,2399.6,2277.8,0,0,738601.735759585,0,0,0
160913.168198994,40,2268.2,2332.6,2206,0,0,738601.735760048,0,0,0
160913.20819806,40,2251.6,2289.8,2172.8,0,0,738601.735760511,0,0,0
160913.248197127,40,2245.6,2274.2,2160.6,0,0,738601.735760974,0,0,0
160913.288196193,40,2245.2,2283,2170.6,0,0,738601.735761437,0,0,0
160913.328195259,40,2258,2322.4,2203.4,0,0,738601.7357619,0,0,0
160913.368194326,40,2268.6,2375.4,2257.2,0,0,738601.735762363,0,0,0
160913.408193392,40,2262.4,2457.8,2363,0,0,738601.735762826,0,0,0
160913.448192459,40,2226.4,2519.6,2535.2,0,0,738601.735763289,0,0,0
160913.488191525,40,2166.2,2490.8,2747.2,0,0,738601.735763752,0,0,0
160913.528190591,40,2111.8,2377.2,2832.2,0,0,738601.735764215,0,0,0
160913.568189658,40,2075.6,2268.6,2707.8,0,0,738601.735764678,0,0,0
160913.608188724,40,2048.8,2196.4,2506.4,0,0,738601.735765141,0,0,0
160913.648187791,40,2044,2163,2383.8,0,0,738601.735765604,0,0,0
160913.688186857,40,2044,2164,2392.2,0,0,738601.735766067,0,0,0
160913.728185923,40,2054.4,2199,2502.2,0,0,738601.73576653,0,0,0
160913.76818499,40,2069.6,2262.8,2683.6,0,0,738601.735766993,0,0,0
160913.808184056,40,2110.4,2379.6,2832.4,0,0,738601.735767456,0,0,0
160913.848183123,40,2166.4,2484,2737.8,0,0,738601.735767919,0,0,0
160913.888182189,40,2225.8,2511.8,2525,0,0,738601.735768381,0,0,0
160913.928181255,40,2264.8,2459.2,2361,0,0,738601.735768844,0,0,0
160913.968180322,40,2271.4,2382.6,2256.6,0,0,738601.735769307,0,0,0
160914.008179388,40,2261.4,2319.2,2199.2,0,0,738601.73576977,0,0,0
160914.048178455,40,2247.2,2287.4,2172.4,0,0,738601.735770233,0,0,0
160914.088177521,40,2246.8,2281,2165,0,0,738601.735770696,0,0,0
160914.128176587,40,2250.8,2304.4,2190.6,0,0,738601.735771159,0,0,0
160914.168175654,40,2262,2349,2226.4,0,0,738601.735771622,0,0,0
160914.20817472,40,2266.4,2407.8,2292.6,0,0,738601.735772085,0,0,0
160914.248173787,40,2250.2,2479.4,2410,0,0,738601.735772548,0,0,0
160914.288172853,40,2210.8,2516.6,2595.4,0,0,738601.735773011,0,0,0
160914.328171919,40,2154.4,2468.8,2796.6,0,0,738601.735773474,0,0,0
160914.368170986,40,2101.8,2355.2,2835.4,0,0,738601.735773937,0,0,0
160914.408170052,40,2074.8,2258,2680.2,0,0,738601.7357744,0,0,0
160914.448169119,40,2055.6,2199.4,2497.8,0,0,738601.735774863,0,0,0
160914.488168185,40,2042.8,2163.4,2388.8,0,0,738601.735775326,0,0,0
160914.528167251,40,2045.4,2168.2,2408.6,0,0,738601.735775789,0,0,0
160914.568166318,40,2052.6,2204.8,2517.2,0,0,738601.735776252,0,0,0
160914.608165384,40,2077.2,2273.6,2690.6,0,0,738601.735776715,0,0,0
160914.648164451,40,2110.6,2384.4,2805.4,0,0,738601.735777177,0,0,0
160914.688163517,40,2170,2486.4,2705,0,0,738601.73577764,0,0,0
160914.728162583,40,2229,2508.8,2502.2,0,0,738601.735778103,0,0,0
160914.76816165,40,2267.8,2445.8,2344.8,0,0,738601.735778566,0,0,0
160914.808160716,40,2276,2369.6,2243.2,0,0,738601.735779029,0,0,0
160914.848159783,40,2262.4,2309.6,2193,0,0,738601.735779492,0,0,0
160914.888158849,40,2249,2279.4,2163.4,0,0,738601.735779955,0,0,0
160914.928157915,40,2241.6,2277.2,2164.4,0,0,738601.735780418,0,0,0
160914.968156982,40,2256.8,2307,2192.4,0,0,738601.735780881,0,0,0
160915.008156048,40,2266.6,2361.8,2241.2,0,0,738601.735781344,0,0,0
160915.048155115,40,2268,2439.8,2334.6,0,0,738601.735781807,0,0,0
160915.088154181,40,2235.6,2507.2,2485.2,0,0,738601.73578227,0,0,0
160915.128153247,40,2187.2,2502.8,2695.8,0,0,738601.735782733,0,0,0
160915.168152314,40,2123.8,2413.6,2846.2,0,0,738601.735783196,0,0,0
160915.20815138,40,2088,2302.4,2765.2,0,0,738601.735783659,0,0,0
160915.248150447,40,2063,2221,2567.4,0,0,738601.735784122,0,0,0
160915.288149513,40,2050.4,2173.4,2417.2,0,0,738601.735784585,0,0,0
160915.328148579,40,2043.8,2158.6,2342.8,0,0,738601.735785048,0,0,0
160915.368147646,40,2050.8,2169,2374.2,0,0,738601.735785511,0,0,0
160915.408146712,40,2059.6,2204.4,2470.2,0,0,738601.735785974,0,0,0
160915.448145779,40,2078.8,2260.6,2598,0,0,738601.735786437,0,0,0
160915.488144845,40,2114.4,2352.6,2692.8,0,0,738601.7357869,0,0,0
160915.528143911,40,2163,2450.2,2664.8,0,0,738601.735787362,0,0,0
160915.568142978,40,2222.4,2497.8,2523.4,0,0,738601.735787825,0,0,0
160915.608142044,40,2264,2463,2374.4,0,0,738601.735788288,0,0,0
160915.648141111,40,2278.4,2390,2265,0,0,738601.735788751,0,0,0
160915.688140177,40,2268.4,2324.8,2202,0,0,738601.735789214,0,0,0
160915.728139243,40,2248.8,2289.8,2173.6,0,0,738601.735789677,0,0,0
160915.76813831,40,2242.8,2284.6,2171.2,0,0,738601.73579014,0,0,0
160915.808137376,40,2260.2,2317.2,2195.6,0,0,738601.735790603,0,0,0
160915.848136443,40,2270,2360.8,2234.2,0,0,738601.735791066,0,0,0
160915.888135509,40,2265.2,2432.8,2324,0,0,738601.735791529,0,0,0
160915.928134575,40,2237,2500.2,2459.4,0,0,738601.735791992,0,0,0
160915.968133642,40,2193.6,2513.6,2660.2,0,0,738601.735792455,0,0,0
160916.008132708,40,2134.2,2438.4,2828.8,0,0,738601.735792918,0,0,0
160916.048131775,40,2089.6,2315.2,2795.8,0,0,738601.735793381,0,0,0
160916.088130841,40,2061.4,2222,2597.4,0,0,738601.735793844,0,0,0
160916.128129907,40,2046,2169.4,2419.4,0,0,738601.735794307,0,0,0
160916.168128974,40,2039.6,2146.6,2321,0,0,738601.73579477,0,0,0
160916.20812804,40,2040.8,2150,2326.2,0,0,738601.735795233,0,0,0
160916.248127107,40,2047.8,2174.6,2404.2,0,0,738601.735795696,0,0,0
160916.288126173,40,2060.4,2224,2532.4,0,0,738601.735796159,0,0,0
160916.328125239,40,2092.4,2305.4,2684,0,0,738601.735796622,0,0,0
160916.368124306,40,2143.4,2412.2,2679.4,0,0,738601.735797085,0,0,0
160916.408123372,40,2195,2469.8,2561.4,0,0,738601.735797547,0,0,0
160916.448122439,40,2246.8,2461.4,2407.4,0,0,738601.73579801,0,0,0
160916.488121505,40,2267.2,2400.2,2293.6,0,0,738601.735798473,0,0,0
160916.528120571,40,2264.6,2335.8,2220,0,0,738601.735798936,0,0,0
160916.568119638,40,2252,2285.2,2167,0,0,738601.735799399,0,0,0
160916.608118704,40,2241,2262,2150.4,0,0,738601.735799862,0,0,0
160916.648117771,40,2243.2,2278,2164,0,0,738601.735800325,0,0,0
160916.688116837,40,2255,2302.4,2186.6,0,0,738601.735800788,0,0,0
160916.728115903,40,2267.6,2352.4,2231.2,0,0,738601.735801251,0,0,0
160916.76811497,40,2272.6,2423,2310,0,0,738601.735801714,0,0,0
160916.808114036,40,2248.4,2497.6,2436.8,0,0,738601.735802177,0,0,0
160916.848113103,40,2198,2516.6,2628.4,0,0,738601.73580264,0,0,0
160916.888112169,40,2148.8,2463,2808,0,0,738601.735803103,0,0,0
160916.928111235,40,2098.4,2351.6,2833.6,0,0,738601.735803566,0,0,0
160916.968110302,40,2068,2257.6,2685.8,0,0,738601.735804029,0,0,0
160917.008109368,40,2050.6,2196.2,2515.4,0,0,738601.735804492,0,0,0
160917.048108435,40,2048.8,2172,2418.8,0,0,738601.735804955,0,0,0
160917.088107501,40,2049.4,2183.8,2457.6,0,0,738601.735805418,0,0,0
160917.128106567,40,2062.8,2229.6,2563.6,0,0,738601.735805881,0,0,0
160917.168105634,40,2086.6,2295.8,2680.4,0,0,738601.735806343,0,0,0
160917.2081047,40,2123.4,2383.6,2713,0,0,738601.735806806,0,0,0
160917.248103767,40,2170.8,2454.4,2637.6,0,0,738601.735807269,0,0,0
160917.288102833,40,2221.2,2475.4,2497.2,0,0,738601.735807732,0,0,0
160917.328101899,40,2246.2,2443.2,2378,0,0,738601.735808195,0,0,0
160917.368100966,40,2266.8,2397.2,2292.2,0,0,738601.735808658,0,0,0
160917.408100032,40,2267.8,2358.4,2240.6,0,0,738601.735809121,0,0,0
160917.448099099,40,2260,2324.2,2214.6,0,0,738601.735809584,0,0,0
160917.488098165,40,2259.4,2315.4,2198.8,0,0,738601.735810047,0,0,0
160917.528097231,40,2264.4,2331,2220.6,0,0,738601.73581051,0,0,0
160917.568096298,40,2276.4,2363,2239.6,0,0,738601.735810973,0,0,0
160917.608095364,40,2272.2,2392.4,2275.4,0,0,738601.735811436,0,0,0
160917.648094431,40,2266,2446.6,2348.8,0,0,738601.735811899,0,0,0
160917.688093497,40,2243.8,2500.2,2460.2,0,0,738601.735812362,0,0,0
160917.728092563,40,2197.2,2514.6,2640.6,0,0,738601.735812825,0,0,0
160917.76809163,40,2141.4,2458.6,2803.4,0,0,738601.735813288,0,0,0
160917.808090696,40,2103.2,2350.2,2805,0,0,738601.735813751,0,0,0
160917.848089763,40,2071.4,2262.2,2651.6,0,0,738601.735814214,0,0,0
160917.888088829,40,2056.6,2211.8,2500.2,0,0,738601.735814677,0,0,0
160917.928087895,40,2048,2183,2421.2,0,0,738601.73581514,0,0,0
160917.968086962,40,2054.6,2198.2,2448.8,0,0,738601.735815603,0,0,0
160918.008086028,40,2071,2236.6,2523.8,0,0,738601.735816065,0,0,0
160918.048085095,40,2087.4,2295.6,2649,0,0,738601.735816528,0,0,0
160918.088084161,40,2118.6,2380.4,2722,0,0,738601.735816991,0,0,0
160918.128083227,40,2168,2456.4,2669.6,0,0,738601.735817454,0,0,0
160918.168082294,40,2216.2,2497.6,2540.4,0,0,738601.735817917,0,0,0
160918.20808136,40,2254.4,2476.8,2405.4,0,0,738601.73581838,0,0,0
160918.248080427,40,2273,2420.6,2312.8,0,0,738601.735818843,0,0,0
160918.288079493,40,2274.4,2375.6,2253.2,0,0,738601.735819306,0,0,0
160918.328078559,40,2275.8,2353.6,2228.6,0,0,738601.735819769,0,0,0
160918.368077626,40,2269.8,2360.4,2241.8,0,0,738601.735820232,0,0,0
160918.408076692,40,2269,2382.6,2268.6,0,0,738601.735820695,0,0,0
160918.448075759,40,2267.6,2404.4,2294.8,0,0,738601.735821158,0,0,0
160918.488074825,40,2258,2430.4,2344.8,0,0,738601.735821621,0,0,0
160918.528073891,40,2241.4,2463.2,2422.4,0,0,738601.735822084,0,0,0
160918.568072958,40,2210.4,2477.2,2532,0,0,738601.735822547,0,0,0
160918.608072024,40,2167.6,2450.6,2648.4,0,0,738601.73582301,0,0,0
160918.648071091,40,2127.4,2384.4,2702,0,0,738601.735823473,0,0,0
160918.688070157,40,2094.6,2311.4,2659.8,0,0,738601.735823936,0,0,0
160918.728069223,40,2073.8,2251,2575.6,0,0,738601.735824399,0,0,0
160918.76806829,40,2059,2207.2,2499.2,0,0,738601.735824862,0,0,0
160918.808067356,40,2058.8,2204.8,2483.2,0,0,738601.735825325,0,0,0
160918.848066423,40,2059.2,2223.4,2533.6,0,0,738601.735825788,0,0,0
160918.888065489,40,2081,2268.4,2598.4,0,0,738601.73582625,0,0,0
160918.928064555,40,2103.2,2340.8,2673.6,0,0,738601.735826713,0,0,0
160918.968063622,40,2152.2,2430,2674.6,0,0,738601.735827176,0,0,0
160919.008062688,40,2201.8,2488.2,2570,0,0,738601.735827639,0,0,0
160919.048061755,40,2253.2,2467.4,2408.2,0,0,738601.735828102,0,0,0
160919.088060821,40,2272.6,2415.8,2299.6,0,0,738601.735828565,0,0,0
160919.128059887,40,2269.4,2350.8,2228,0,0,738601.735829028,0,0,0
160919.168058954,40,2261.2,2312.4,2192.4,0,0,738601.735829491,0,0,0
160919.20805802,40,2258.8,2298.8,2184.2,0,0,738601.735829954,0,0,0
160919.248057087,40,2261.4,2314.8,2196.6,0,0,738601.735830417,0,0,0
160919.288056153,40,2271.6,2340.6,2222,0,0,738601.73583088,0,0,0
160919.328055219,40,2276.8,2371.2,2259.6,0,0,738601.735831343,0,0,0
160919.368054286,40,2264.8,2407.8,2315.6,0,0,738601.735831806,0,0,0
160919.408053352,40,2250,2454.8,2403,0,0,738601.735832269,0,0,0
160919.448052419,40,2207.4,2473.4,2525.4,0,0,738601.735832732,0,0,0
160919.488051485,40,2161.2,2441.8,2646.2,0,0,738601.735833195,0,0,0
160919.528050551,40,2121.6,2369.2,2696.2,0,0,738601.735833658,0,0,0
160919.568049618,40,2092.2,2293.6,2651.2,0,0,738601.735834121,0,0,0
160919.608048684,40,2071.6,2239.4,2563,0,0,738601.735834584,0,0,0
160919.648047751,40,2056,2203.6,2486.8,0,0,738601.735835047,0,0,0
160919.688046817,40,2057.6,2204.2,2477.2,0,0,738601.735835509,0,0,0
160919.728045883,40,2064.8,2226.2,2529,0,0,738601.735835972,0,0,0
160919.76804495,40,2088,2282,2607,0,0,738601.735836435,0,0,0
160919.808044016,40,2120.4,2366.2,2673,0,0,738601.735836898,0,0,0
160919.848043083,40,2168.8,2453.6,2638,0,0,738601.735837361,0,0,0
160919.888042149,40,2225,2487,2500.2,0,0,738601.735837824,0,0,0
160919.928041215,40,2262,2451.8,2367,0,0,738601.735838287,0,0,0
160919.968040282,40,2276.4,2390.8,2273,0,0,738601.73583875,0,0,0
160920.008039348,40,2271.8,2327.8,2214.6,0,0,738601.735839213,0,0,0
160920.048038415,40,2265,2303.4,2187.6,0,0,738601.735839676,0,0,0
160920.088037481,40,2262.6,2303.8,2185.4,0,0,738601.735840139,0,0,0
160920.128036547,40,2268.4,2321.6,2205,0,0,738601.735840602,0,0,0
160920.168035614,40,2269.2,2342.8,2224.4,0,0,738601.735841065,0,0,0
160920.20803468,40,2265.8,2368.6,2257.8,0,0,738601.735841528,0,0,0
160920.248033747,40,2266.2,2403.4,2301.8,0,0,738601.735841991,0,0,0
160920.288032813,40,2253,2442.8,2378.8,0,0,738601.735842454,0,0,0
160920.328031879,40,2217.6,2475.4,2499.2,0,0,738601.735842917,0,0,0
160920.368030946,40,2173.4,2452.6,2622.6,0,0,738601.73584338,0,0,0
160920.408030012,40,2131.6,2385.6,2695.6,0,0,738601.735843843,0,0,0
160920.448029079,40,2092.6,2306.8,2666.6,0,0,738601.735844306,0,0,0
160920.488028145,40,2069,2245,2571.4,0,0,738601.735844769,0,0,0
160920.528027211,40,2060.4,2214.4,2499.8,0,0,738601.735845231,0,0,0
160920.568026278,40,2063.8,2212.6,2500.2,0,0,738601.735845694,0,0,0
160920.608025344,40,2070,2242.4,2553.4,0,0,738601.735846157,0,0,0
160920.648024411,40,2092,2299,2623.6,0,0,738601.73584662,0,0,0
160920.688023477,40,2123.8,2373,2672.6,0,0,738601.735847083,0,0,0
160920.728022543,40,2174,2459.8,2631.8,0,0,738601.735847546,0,0,0
160920.76802161,40,2226.4,2492,2501.8,0,0,738601.735848009,0,0,0
160920.808020676,40,2259.8,2458.8,2370,0,0,738601.735848472,0,0,0
160920.848019743,40,2277.8,2402,2279.6,0,0,738601.735848935,0,0,0
160920.888018809,40,2270.2,2347,2228,0,0,738601.735849398,0,0,0
160920.928017875,40,2265.6,2318.4,2198.6,0,0,738601.735849861,0,0,0
160920.968016942,40,2268.2,2324,2203.6,0,0,738601.735850324,0,0,0
160921.008016008,40,2269.8,2349.8,2226,0,0,738601.735850787,0,0,0
160921.048015075,40,2272.6,2370,2256.2,0,0,738601.73585125,0,0,0
160921.088014141,40,2268,2396.4,2300.2,0,0,738601.735851713,0,0,0
160921.128013207,40,2252.6,2437.8,2371.2,0,0,738601.735852176,0,0,0
160921.168012274,40,2218.6,2468.4,2483.6,0,0,738601.735852639,0,0,0
160921.20801134,40,2177,2454.8,2604.4,0,0,738601.735853102,0,0,0
160921.248010407,40,2127.2,2384.8,2675.4,0,0,738601.735853565,0,0,0
160921.288009473,40,2094,2302.4,2655.8,0,0,738601.735854028,0,0,0
160921.328008539,40,2069.8,2241,2565.8,0,0,738601.735854491,0,0,0
160921.368007606,40,2054.6,2205,2485.4,0,0,738601.735854954,0,0,0
160921.408006672,40,2052.4,2198,2459,0,0,738601.735855416,0,0,0
160921.448005739,40,2059.4,2214.6,2513,0,0,738601.735855879,0,0,0
160921.488004805,40,2080.8,2270.8,2597,0,0,738601.735856342,0,0,0
160921.528003871,40,2109.8,2351,2664.2,0,0,738601.735856805,0,0,0
160921.568002938,40,2161.8,2442,2646,0,0,738601.735857268,0,0,0
160921.608002004,40,2217.8,2482.6,2515,0,0,738601.735857731,0,0,0
160921.648001071,40,2259.4,2460.8,2377.4,0,0,738601.735858194,0,0,0
160921.688000137,40,2277.6,2401,2284.2,0,0,738601.735858657,0,0,0
160921.727999203,40,2275.2,2343.8,2221.2,0,0,738601.73585912,0,0,0
160921.76799827,40,2258.4,2297.6,2189.6,0,0,738601.735859583,0,0,0
160921.80999729,42,2254.8,2284,2171.2,0,0,738601.735860069,0,0,0
160921.849996356,40,2256.2,2295.6,2185.6,0,0,738601.735860532,0,0,0
160921.889995422,40,2260.2,2320,2205.6,0,0,738601.735860995,0,0,0
160921.929994489,40,2264.8,2346.6,2237.2,0,0,738601.735861458,0,0,0
160921.969993555,40,2265.6,2387,2294,0,0,738601.735861921,0,0,0
160922.011992575,42,2251.4,2454.2,2390.8,0,0,738601.735862407,0,0,0
160922.051991641,40,2213.2,2470.8,2512.6,0,0,738601.73586287,0,0,0
160922.091990708,40,2161.2,2437.6,2621.6,0,0,738601.735863333,0,0,0
160922.131989774,40,2120,2358.6,2678,0,0,738601.735863796,0,0,0
160922.17198884,40,2083,2284.8,2633.4,0,0,738601.735864259,0,0,0
160922.211987907,40,2064.6,2230.8,2543.2,0,0,738601.735864722,0,0,0
160922.251986973,40,2052.2,2205.6,2482.6,0,0,738601.735865185,0,0,0
160922.29198604,40,2060.6,2212.6,2520.8,0,0,738601.735865648,0,0,0
160922.331985106,40,2073.2,2253.8,2595,0,0,738601.735866111,0,0,0
160922.371984172,40,2100,2319.2,2692.2,0,0,738601.735866574,0,0,0
160922.411983239,40,2135.2,2406.4,2704,0,0,738601.735867037,0,0,0
160922.451982305,40,2194.2,2480.4,2597,0,0,738601.735867499,0,0,0
160922.491981372,40,2243.6,2478.2,2445.8,0,0,738601.735867962,0,0,0
160922.532980415,41,2267,2427.8,2318.2,0,0,738601.735868437,0,0,0
160922.572979481,40,2274,2367,2248.2,0,0,738601.7358689,0,0,0
160922.612978548,40,2265.8,2319.8,2196.2,0,0,738601.735869363,0,0,0
160922.652977614,40,2256,2294.4,2182.6,0,0,738601.735869826,0,0,0
160922.69297668,40,2257,2300.8,2183.2,0,0,738601.735870289,0,0,0
160922.732975747,40,2262.6,2312.6,2203.6,0,0,738601.735870752,0,0,0
160922.772974813,40,2267.4,2339.8,2224,0,0,738601.735871215,0,0,0
160922.81297388,40,2269.6,2382,2271.6,0,0,738601.735871678,0,0,0
160922.852972946,40,2262.4,2435.6,2347.4,0,0,738601.735872141,0,0,0
160922.892972012,40,2230.4,2474.2,2469.8,0,0,738601.735872603,0,0,0
160922.932971079,40,2181.6,2456.4,2600.4,0,0,738601.735873066,0,0,0
160922.972970145,40,2134.4,2388.6,2678,0,0,738601.735873529,0,0,0
160923.012969212,40,2095.8,2311.2,2663.4,0,0,738601.735873992,0,0,0
160923.052968278,40,2069.4,2246.6,2570.4,0,0,738601.735874455,0,0,0
160923.092967344,40,2057.4,2202.6,2486.8,0,0,738601.735874918,0,0,0
160923.132966411,40,2053.6,2195.2,2461.2,0,0,738601.735875381,0,0,0
160923.172965477,40,2059.6,2215.8,2508.2,0,0,738601.735875844,0,0,0
160923.212964544,40,2076.8,2258.8,2595,0,0,738601.735876307,0,0,0
160923.25296361,40,2106.6,2333.8,2671.6,0,0,738601.73587677,0,0,0
160923.292962676,40,2155.8,2424,2662.2,0,0,738601.735877233,0,0,0
160923.332961743,40,2210.8,2489.2,2538.2,0,0,738601.735877696,0,0,0
160923.372960809,40,2253.4,2468.8,2398.2,0,0,738601.735878159,0,0,0
160923.412959876,40,2272.2,2412,2293,0,0,738601.735878622,0,0,0
160923.452958942,40,2273.8,2352,2226.8,0,0,738601.735879085,0,0,0
160923.492958008,40,2264.8,2309.8,2192.2,0,0,738601.735879548,0,0,0
160923.532957075,40,2265,2298.2,2185.2,0,0,738601.735880011,0,0,0
160923.572956141,40,2268.2,2319.6,2202.2,0,0,738601.735880474,0,0,0
160923.612955208,40,2272,2347,2228.6,0,0,738601.735880937,0,0,0
160923.652954274,40,2273.6,2381,2274.8,0,0,738601.7358814,0,0,0
160923.69295334,40,2259.4,2427.6,2343.8,0,0,738601.735881863,0,0,0
160923.732952407,40,2236.2,2470.4,2452,0,0,738601.735882326,0,0,0
160923.772951473,40,2186.8,2471.2,2596.2,0,0,738601.735882788,0,0,0
160923.81295054,40,2138.2,2403.2,2690.6,0,0,738601.735883251,0,0,0
160923.852949606,40,2094.2,2313.6,2665.8,0,0,738601.735883714,0,0,0
160923.892948672,40,2066.6,2245.6,2569.2,0,0,738601.735884177,0,0,0
160923.932947739,40,2058.2,2196.8,2460.8,0,0,738601.73588464,0,0,0
160923.972946805,40,2049,2182.6,2414.4,0,0,738601.735885103,0,0,0
160924.012945872,40,2053.4,2190.8,2448.6,0,0,738601.735885566,0,0,0
160924.052944938,40,2064,2222.6,2504.6,0,0,738601.735886029,0,0,0
160924.092944004,40,2085.8,2285.2,2606,0,0,738601.735886492,0,0,0
160924.132943071,40,2123.6,2376.2,2681.2,0,0,738601.735886955,0,0,0
160924.172942137,40,2181.2,2471.6,2625.2,0,0,738601.735887418,0,0,0
160924.212941204,40,2238.8,2488.8,2458,0,0,738601.735887881,0,0,0
160924.25294027,40,2272.4,2424.6,2316.6,0,0,738601.735888344,0,0,0
160924.292939336,40,2273,2350.4,2225.8,0,0,738601.735888807,0,0,0
160924.332938403,40,2256.6,2295.8,2178.2,0,0,738601.73588927,0,0,0
160924.372937469,40,2251.8,2269.4,2160.2,0,0,738601.735889733,0,0,0
160924.412936536,40,2258,2281.6,2170.6,0,0,738601.735890196,0,0,0
160924.452935602,40,2261,2306.2,2189.4,0,0,738601.735890659,0,0,0
160924.492934668,40,2264.8,2332,2220.6,0,0,738601.735891122,0,0,0
160924.532933735,40,2265,2372.4,2265.4,0,0,738601.735891585,0,0,0
160924.572932801,40,2258.6,2429.6,2346.6,0,0,738601.735892048,0,0,0
160924.612931868,40,2221.6,2478.2,2480.8,0,0,738601.735892511,0,0,0
160924.652930934,40,2184.8,2477,2632.6,0,0,738601.735892973,0,0,0
160924.69293,40,2129.8,2392.8,2724.6,0,0,738601.735893436,0,0,0
160924.732929067,40,2092.4,2312,2684.4,0,0,738601.735893899,0,0,0
160924.772928133,40,2069.6,2236.2,2563,0,0,738601.735894362,0,0,0
160924.8129272,40,2051.2,2197.6,2457.6,0,0,738601.735894825,0,0,0
160924.852926266,40,2050.6,2180.6,2419.4,0,0,738601.735895288,0,0,0
160924.892925332,40,2058,2198.4,2450,0,0,738601.735895751,0,0,0
160924.932924399,40,2067.8,2234,2526.6,0,0,738601.735896214,0,0,0
160924.972923465,40,2092.2,2308,2673,0,0,738601.735896677,0,0,0
160925.012922532,40,2132.4,2413,2752.8,0,0,738601.73589714,0,0,0
160925.052921598,40,2183.8,2505,2663.4,0,0,738601.735897603,0,0,0
160925.092920664,40,2239,2500.6,2464.6,0,0,738601.735898066,0,0,0
160925.132919731,40,2271.6,2433.4,2315,0,0,738601.735898529,0,0,0
160925.172918797,40,2270.8,2354.6,2228.6,0,0,738601.735898992,0,0,0
160925.212917864,40,2257.2,2302.4,2185.4,0,0,738601.735899455,0,0,0
160925.25291693,40,2248.6,2286.6,2170.6,0,0,738601.735899918,0,0,0
160925.292915996,40,2256,2303.4,2186.2,0,0,738601.735900381,0,0,0
160925.332915063,40,2265.6,2328.2,2211.2,0,0,738601.735900844,0,0,0
160925.372914129,40,2271.2,2369.2,2253.4,0,0,738601.735901307,0,0,0
160925.412913196,40,2264.2,2424.6,2332.2,0,0,738601.735901769,0,0,0
160925.452912262,40,2235.6,2479.8,2459.2,0,0,738601.735902232,0,0,0
160925.492911328,40,2186,2473.8,2620.6,0,0,738601.735902695,0,0,0
160925.532910395,40,2128.2,2401.2,2716.4,0,0,738601.735903158,0,0,0
160925.572909461,40,2095,2310,2671.8,0,0,738601.735903621,0,0,0
160925.612908528,40,2068,2232.2,2557.4,0,0,738601.735904084,0,0,0
160925.652907594,40,2051.8,2191.4,2449.8,0,0,738601.735904547,0,0,0
160925.69290666,40,2049.4,2178.4,2411.2,0,0,738601.73590501,0,0,0
160925.732905727,40,2055,2194.4,2444,0,0,738601.735905473,0,0,0
160925.772904793,40,2068,2235.8,2517.4,0,0,738601.735905936,0,0,0
160925.81290386,40,2093.6,2305.4,2657,0,0,738601.735906399,0,0,0
160925.852902926,40,2137.6,2417.2,2723.8,0,0,738601.735906862,0,0,0
160925.892901992,40,2196.4,2494,2610.6,0,0,738601.735907325,0,0,0
160925.932901059,40,2254,2491,2422.8,0,0,738601.735907788,0,0,0
160925.972900125,40,2276.4,2413.8,2293.4,0,0,738601.735908251,0,0,0
160926.012899192,40,2269,2335,2214.6,0,0,738601.735908714,0,0,0
160926.052898258,40,2253.8,2291.4,2175.4,0,0,738601.735909177,0,0,0
160926.092897324,40,2245.8,2271.8,2160.6,0,0,738601.73590964,0,0,0
160926.132896391,40,2253,2279.8,2170.4,0,0,738601.735910103,0,0,0
160926.172895457,40,2261.4,2305.4,2186,0,0,738601.735910566,0,0,0
160926.212894524,40,2269.2,2339.8,2220.8,0,0,738601.735911029,0,0,0
160926.25289359,40,2271.8,2392.8,2282,0,0,738601.735911492,0,0,0
160926.292892656,40,2258.2,2439,2364.6,0,0,738601.735911954,0,0,0
160926.332891723,40,2217.2,2471.4,2501,0,0,738601.735912417,0,0,0
160926.372890789,40,2166.6,2445.6,2632.2,0,0,738601.73591288,0,0,0
160926.412889856,40,2119.6,2369.2,2698.6,0,0,738601.735913343,0,0,0
160926.452888922,40,2084.8,2285,2638,0,0,738601.735913806,0,0,0
160926.492887988,40,2066.4,2226.2,2521,0,0,738601.735914269,0,0,0
160926.532887055,40,2046.8,2184.6,2433.2,0,0,738601.735914732,0,0,0
160926.572886121,40,2053.2,2187.6,2436,0,0,738601.735915195,0,0,0
160926.612885188,40,2064.6,2214,2493.2,0,0,738601.735915658,0,0,0
160926.652884254,40,2079.8,2267.6,2578.8,0,0,738601.735916121,0,0,0
160926.69288332,40,2113.2,2352.6,2678.8,0,0,738601.735916584,0,0,0
160926.732882387,40,2163.6,2453.4,2669.8,0,0,738601.735917047,0,0,0
160926.772881453,40,2222.4,2499,2527,0,0,738601.73591751,0,0,0
160926.81288052,40,2264.6,2468,2373.6,0,0,738601.735917973,0,0,0
160926.852879586,40,2277.2,2393.2,2266.8,0,0,738601.735918436,0,0,0
160926.892878652,40,2273.4,2335.8,2207.6,0,0,738601.735918899,0,0,0
160926.932877719,40,2259.6,2289.6,2178.8,0,0,738601.735919362,0,0,0
160926.972876785,40,2247.4,2278.8,2165.6,0,0,738601.735919825,0,0,0
160927.012875852,40,2256,2290,2170.8,0,0,738601.735920288,0,0,0
160927.052874918,40,2263.4,2311.6,2196.8,0,0,738601.735920751,0,0,0
160927.092873984,40,2261.6,2343.2,2227.6,0,0,738601.735921214,0,0,0
160927.132873051,40,2269.4,2390.6,2282.6,0,0,738601.735921677,0,0,0
160927.172872117,40,2251.6,2446.4,2382.6,0,0,738601.735922139,0,0,0
160927.212871184,40,2218.2,2479.6,2511,0,0,738601.735922602,0,0,0
160927.25287025,40,2165,2450.2,2647.6,0,0,738601.735923065,0,0,0
160927.292869316,40,2121,2363.4,2677,0,0,738601.735923528,0,0,0
160927.332868383,40,2090.6,2287.2,2618.2,0,0,738601.735923991,0,0,0
160927.372867449,40,2064.8,2231.8,2528.8,0,0,738601.735924454,0,0,0
160927.412866516,40,2056.8,2200.2,2463.2,0,0,738601.735924917,0,0,0
160927.452865582,40,2054.8,2196.2,2466.4,0,0,738601.73592538,0,0,0
160927.492864648,40,2065.6,2230.6,2533.6,0,0,738601.735925843,0,0,0
160927.532863715,40,2089.6,2289,2627.6,0,0,738601.735926306,0,0,0
160927.572862781,40,2125.2,2375.6,2691.4,0,0,738601.735926769,0,0,0
160927.612861848,40,2178.2,2463.8,2641.8,0,0,738601.735927232,0,0,0
160927.652860914,40,2230.8,2489.2,2488,0,0,738601.735927695,0,0,0
160927.69285998,40,2265.4,2438.8,2347.4,0,0,738601.735928158,0,0,0
160927.732859047,40,2277.6,2370.2,2251.4,0,0,738601.735928621,0,0,0
160927.772858113,40,2268,2314.4,2196.2,0,0,738601.735929084,0,0,0
160927.81285718,40,2252,2272.8,2162.4,0,0,738601.735929547,0,0,0
160927.852856246,40,2246.6,2273.6,2165.8,0,0,738601.73593001,0,0,0
160927.892855312,40,2260.6,2301.8,2185.2,0,0,738601.735930473,0,0,0
160927.932854379,40,2267.4,2324.6,2208.4,0,0,738601.735930935,0,0,0
160927.972853445,40,2273.8,2362,2246.8,0,0,738601.735931398,0,0,0
160928.012852512,40,2264.4,2407.2,2311.2,0,0,738601.735931861,0,0,0
160928.052851578,40,2237.2,2454.8,2427.8,0,0,738601.735932324,0,0,0
160928.092850644,40,2198,2475,2572,0,0,738601.735932787,0,0,0
160928.132849711,40,2148.4,2419.8,2709.6,0,0,738601.73593325,0,0,0
160928.172848777,40,2102.6,2336,2716,0,0,738601.735933713,0,0,0
160928.212847844,40,2078.2,2259,2625.2,0,0,738601.735934176,0,0,0
160928.25284691,40,2057.6,2211.6,2516.2,0,0,738601.735934639,0,0,0
160928.292845976,40,2054.6,2191.4,2457.8,0,0,738601.735935102,0,0,0
160928.332845043,40,2059.4,2208.6,2489.8,0,0,738601.735935565,0,0,0
160928.372844109,40,2072.2,2240.8,2537,0,0,738601.735936028,0,0,0
160928.412843176,40,2097.4,2300.6,2619.8,0,0,738601.735936491,0,0,0
160928.452842242,40,2134,2397.6,2674.2,0,0,738601.735936954,0,0,0
160928.492841308,40,2189.8,2492.2,2606.8,0,0,738601.735937417,0,0,0
160928.532840375,40,2246.4,2488.8,2445,0,0,738601.73593788,0,0,0
160928.572839441,40,2271.6,2429.8,2319,0,0,738601.735938343,0,0,0
160928.612838508,40,2270.6,2362.2,2236.4,0,0,738601.735938806,0,0,0
160928.652837574,40,2257.4,2307.6,2188.2,0,0,738601.735939269,0,0,0
160928.69283664,40,2248,2281.8,2167.8,0,0,738601.735939732,0,0,0
160928.732835707,40,2257.2,2292,2179.2,0,0,738601.735940195,0,0,0
160928.772834773,40,2265.6,2319,2200,0,0,738601.735940658,0,0,0
160928.81283384,40,2268.8,2342.8,2222,0,0,738601.73594112,0,0,0
160928.852832906,40,2266.4,2370.2,2262,0,0,738601.735941583,0,0,0
160928.892831972,40,2256.8,2408.4,2316.6,0,0,738601.735942046,0,0,0
160928.932831039,40,2245.8,2456.6,2405.4,0,0,738601.735942509,0,0,0
160928.972830105,40,2212.8,2483.6,2535.8,0,0,738601.735942972,0,0,0
160929.012829172,40,2167.8,2463,2674.2,0,0,738601.735943435,0,0,0
160929.052828238,40,2126.4,2393.2,2740,0,0,738601.735943898,0,0,0
160929.092827304,40,2095.8,2321.8,2705.8,0,0,738601.735944361,0,0,0
160929.132826371,40,2078,2266,2625.8,0,0,738601.735944824,0,0,0
160929.172825437,40,2066.2,2238.8,2563,0,0,738601.735945287,0,0,0
160929.212824504,40,2066.2,2233.6,2563,0,0,738601.73594575,0,0,0
160929.25282357,40,2076,2261.8,2598.2,0,0,738601.735946213,0,0,0
160929.292822636,40,2092.6,2303.8,2630.6,0,0,738601.735946676,0,0,0
160929.332821703,40,2121,2365.4,2668.4,0,0,738601.735947139,0,0,0
160929.372820769,40,2158,2437.2,2648.6,0,0,738601.735947602,0,0,0
160929.412819836,40,2205.6,2483.6,2548.8,0,0,738601.735948065,0,0,0
160929.452818902,40,2248.2,2482.4,2425,0,0,738601.735948528,0,0,0
160929.492817968,40,2271,2432,2325.4,0,0,738601.735948991,0,0,0
160929.532817035,40,2274.8,2376.8,2252.8,0,0,738601.735949454,0,0,0
160929.572816101,40,2268.6,2337.8,2218.6,0,0,738601.735949917,0,0,0
160929.612815168,40,2265.8,2322.2,2203.4,0,0,738601.73595038,0,0,0
160929.652814234,40,2272.2,2336.4,2212.8,0,0,738601.735950842,0,0,0
160929.6928133,40,2271.2,2361.2,2237.4,0,0,738601.735951305,0,0,0
160929.732812367,40,2273.2,2389.8,2275.4,0,0,738601.735951768,0,0,0
160929.772811433,40,2272,2414.2,2317.8,0,0,738601.735952231,0,0,0
160929.8128105,40,2249.8,2449.2,2383.6,0,0,738601.735952694,0,0,0
160929.852809566,40,2223.6,2478,2488.8,0,0,738601.735953157,0,0,0
160929.892808632,40,2183.2,2471.4,2613,0,0,738601.73595362,0,0,0
160929.932807699,40,2137.8,2416.8,2726.4,0,0,738601.735954083,0,0,0
160929.972806765,40,2104.6,2338.4,2719.2,0,0,738601.735954546,0,0,0
160930.012805832,40,2076.2,2272.8,2644,0,0,738601.735955009,0,0,0
160930.052804898,40,2063.2,2229.6,2550.8,0,0,738601.735955472,0,0,0
160930.092803964,40,2060.8,2216.8,2508.4,0,0,738601.735955935,0,0,0
160930.132803031,40,2068.8,2227.8,2516.8,0,0,738601.735956398,0,0,0
160930.172802097,40,2071.8,2259.4,2555.8,0,0,738601.735956861,0,0,0
160930.212801164,40,2094,2314.2,2643,0,0,738601.735957324,0,0,0
160930.25280023,40,2130.6,2393,2719.8,0,0,738601.735957787,0,0,0
160930.292799296,40,2170.2,2475,2675,0,0,738601.73595825,0,0,0
160930.332798363,40,2226,2507.6,2527.2,0,0,738601.735958713,0,0,0
160930.372797429,40,2263.2,2466,2382.8,0,0,738601.735959176,0,0,0
160930.412796496,40,2274.8,2394,2268.8,0,0,738601.735959638,0,0,0
160930.452795562,40,2260.6,2326,2206.2,0,0,738601.735960101,0,0,0
160930.492794628,40,2252.6,2282.4,2171.8,0,0,738601.735960564,0,0,0
160930.532793695,40,2250,2270.8,2159.2,0,0,738601.735961027,0,0,0
160930.572792761,40,2251.8,2288,2173,0,0,738601.73596149,0,0,0
160930.612791828,40,2262.8,2318.2,2203.2,0,0,738601.735961953,0,0,0
160930.652790894,40,2268.2,2348.8,2231,0,0,738601.735962416,0,0,0
160930.69278996,40,2266.8,2391.2,2287.2,0,0,738601.735962879,0,0,0
160930.732789027,40,2257,2441.4,2374.2,0,0,738601.735963342,0,0,0
160930.772788093,40,2218.6,2471.8,2500.4,0,0,738601.735963805,0,0,0
160930.81278716,40,2172.8,2461.4,2646.6,0,0,738601.735964268,0,0,0
160930.852786226,40,2124.8,2386.8,2736.4,0,0,738601.735964731,0,0,0
160930.892785292,40,2094,2312.8,2699.2,0,0,738601.735965194,0,0,0
160930.932784359,40,2071.2,2250.6,2596.4,0,0,738601.735965657,0,0,0
160930.972783425,40,2064,2210.2,2517,0,0,738601.73596612,0,0,0
160931.012782492,40,2058.6,2209.2,2494.2,0,0,738601.735966583,0,0,0
160931.052781558,40,2067.8,2242.4,2545.6,0,0,738601.735967046,0,0,0
160931.092780624,40,2090.2,2291.4,2612.6,0,0,738601.735967509,0,0,0
160931.132779691,40,2124,2374.6,2682.2,0,0,738601.735967972,0,0,0
160931.172778757,40,2171.6,2460.8,2664.4,0,0,738601.735968435,0,0,0
160931.212777824,40,2217,2495.2,2533.4,0,0,738601.735968898,0,0,0
160931.25277689,40,2259.4,2473.4,2391.8,0,0,738601.735969361,0,0,0
160931.292775956,40,2275.8,2411.6,2298,0,0,738601.735969823,0,0,0
160931.332775023,40,2271.6,2358.2,2226,0,0,738601.735970286,0,0,0
160931.372774089,40,2264.2,2316.6,2191.6,0,0,738601.735970749,0,0,0
160931.412773156,40,2258,2298.2,2185.4,0,0,738601.735971212,0,0,0
160931.452772222,40,2261.2,2312.8,2197.2,0,0,738601.735971675,0,0,0
160931.492771288,40,2265.2,2331,2219.6,0,0,738601.735972138,0,0,0
160931.532770355,40,2265.4,2362,2251.8,0,0,738601.735972601,0,0,0
160931.572769421,40,2268.2,2398.6,2302,0,0,738601.735973064,0,0,0
160931.612768488,40,2248.8,2447.2,2394.8,0,0,738601.735973527,0,0,0
160931.652767554,40,2214.8,2479.8,2524,0,0,738601.73597399,0,0,0
160931.69276662,40,2165.6,2450.6,2664.8,0,0,738601.735974453,0,0,0
160931.732765687,40,2119,2370.2,2727.6,0,0,738601.735974916,0,0,0
160931.772764753,40,2081.8,2286.6,2671,0,0,738601.735975379,0,0,0
160931.81276382,40,2067.8,2234.8,2556,0,0,738601.735975842,0,0,0
160931.852762886,40,2057.2,2200.4,2476.2,0,0,738601.735976305,0,0,0
160931.892761952,40,2057.6,2202.6,2471,0,0,738601.735976768,0,0,0
160931.932761019,40,2067.6,2229.4,2518.4,0,0,738601.735977231,0,0,0
160931.972760085,40,2087.8,2281,2609,0,0,738601.735977694,0,0,0
160932.012759152,40,2124.8,2373.6,2692.4,0,0,738601.735978157,0,0,0
160932.052758218,40,2167.2,2469.6,2678.6,0,0,738601.73597862,0,0,0
160932.092757284,40,2226.8,2504.2,2525.8,0,0,738601.735979083,0,0,0
160932.132756351,40,2264,2474.8,2386.6,0,0,738601.735979546,0,0,0
160932.172755417,40,2272.2,2404.2,2283.4,0,0,738601.735980008,0,0,0
160932.212754484,40,2266.2,2340.4,2215.8,0,0,738601.735980471,0,0,0
160932.25275355,40,2256.8,2298,2182.4,0,0,738601.735980934,0,0,0
160932.292752616,40,2247.4,2284,2173.2,0,0,738601.735981397,0,0,0
160932.332751683,40,2256.6,2295.6,2181.6,0,0,738601.73598186,0,0,0
160932.372750749,40,2267,2326.6,2203.8,0,0,738601.735982323,0,0,0
160932.412749816,40,2268.4,2353.2,2228,0,0,738601.735982786,0,0,0
160932.452748882,40,2272.4,2375.8,2265.6,0,0,738601.735983249,0,0,0
160932.492747948,40,2268.8,2410.4,2307.6,0,0,738601.735983712,0,0,0
160932.532747015,40,2249.8,2447.2,2390.4,0,0,738601.735984175,0,0,0
160932.572746081,40,2220.8,2477,2497.8,0,0,738601.735984638,0,0,0
160932.612745148,40,2173.6,2463.6,2635.4,0,0,738601.735985101,0,0,0
160932.652744214,40,2130.8,2395.6,2718.4,0,0,738601.735985564,0,0,0
160932.69274328,40,2096.6,2317.8,2688.6,0,0,738601.735986027,0,0,0
160932.732742347,40,2077.8,2252,2610.4,0,0,738601.73598649,0,0,0
160932.772741413,40,2065.4,2227.2,2545,0,0,738601.735986953,0,0,0
160932.81274048,40,2063.6,2231.6,2566,0,0,738601.735987416,0,0,0
160932.852739546,40,2084.2,2274.4,2619,0,0,738601.735987879,0,0,0
160932.892738612,40,2105.6,2334.6,2661.6,0,0,738601.735988342,0,0,0
160932.932737679,40,2142,2411.8,2655,0,0,738601.735988804,0,0,0
160932.972736745,40,2192.4,2468.6,2574,0,0,738601.735989267,0,0,0
160933.012735812,40,2235.2,2471,2447.4,0,0,738601.73598973,0,0,0
160933.052734878,40,2267.2,2437.6,2338.4,0,0,738601.735990193,0,0,0
160933.092733944,40,2275.8,2388.4,2266.2,0,0,738601.735990656,0,0,0
160933.132733011,40,2269.8,2343.8,2222.8,0,0,738601.735991119,0,0,0
160933.172732077,40,2263.6,2328.6,2210.8,0,0,738601.735991582,0,0,0
160933.212731144,40,2271.4,2338.2,2213.2,0,0,738601.735992045,0,0,0
160933.25273021,40,2275,2369,2247.4,0,0,738601.735992508,0,0,0
160933.292729276,40,2275.8,2399.4,2286.6,0,0,738601.735992971,0,0,0
160933.332728343,40,2264.6,2439.8,2340.8,0,0,738601.735993434,0,0,0
160933.372727409,40,2249,2473.6,2423.4,0,0,738601.735993897,0,0,0
160933.412726476,40,2212,2481.4,2529.2,0,0,738601.73599436,0,0,0
160933.452725542,40,2174.4,2453,2630,0,0,738601.735994823,0,0,0
160933.492724608,40,2125.2,2384.6,2686.4,0,0,738601.735995286,0,0,0
160933.532723675,40,2098.2,2319.6,2679.6,0,0,738601.735995749,0,0,0
160933.572722741,40,2077.6,2263.2,2624.2,0,0,738601.735996212,0,0,0
160933.612721808,40,2063.2,2235.4,2578.2,0,0,738601.735996675,0,0,0
160933.652720874,40,2074,2252.6,2613,0,0,738601.735997138,0,0,0
160933.69271994,40,2083.4,2298.8,2703.4,0,0,738601.735997601,0,0,0
160933.732719007,40,2110.4,2375.4,2792.6,0,0,738601.735998064,0,0,0
160933.772718073,40,2151.6,2462.2,2758.6,0,0,738601.735998527,0,0,0
160933.81271714,40,2201.8,2518.6,2625.6,0,0,738601.735998989,0,0,0
160933.852716206,40,2243.2,2494.6,2449.8,0,0,738601.735999452,0,0,0
160933.892715272,40,2269.6,2433,2325.8,0,0,738601.735999915,0,0,0
160933.932714339,40,2273,2373.6,2246,0,0,738601.736000378,0,0,0
160933.972713405,40,2265,2328,2204.2,0,0,738601.736000841,0,0,0
160934.012712472,40,2261,2297.2,2180,0,0,738601.736001304,0,0,0
160934.052711538,40,2262.6,2301.6,2185.2,0,0,738601.736001767,0,0,0
160934.092710604,40,2271,2325.4,2201.8,0,0,738601.73600223,0,0,0
160934.132709671,40,2270.4,2343.6,2227.8,0,0,738601.736002693,0,0,0
160934.172708737,40,2272.8,2381.6,2258,0,0,738601.736003156,0,0,0
160934.212707804,40,2272.6,2428.6,2313,0,0,738601.736003619,0,0,0
160934.25270687,40,2263.6,2482.4,2411.2,0,0,738601.736004082,0,0,0
160934.292705936,40,2223,2521.6,2543,0,0,738601.736004545,0,0,0
160934.332705003,40,2173,2496.4,2732.4,0,0,738601.736005008,0,0,0
160934.372704069,40,2123.8,2416.4,2842.2,0,0,738601.736005471,0,0,0
160934.412703136,40,2092,2328.6,2808.8,0,0,738601.736005934,0,0,0
160934.452702202,40,2073.8,2260.6,2682,0,0,738601.736006397,0,0,0
160934.492701268,40,2060.6,2226.8,2583.6,0,0,738601.73600686,0,0,0
160934.532700335,40,2063.4,2235,2574.2,0,0,738601.736007323,0,0,0
160934.572699401,40,2073.6,2266,2623.6,0,0,738601.736007786,0,0,0
160934.612698468,40,2097.6,2315.4,2652.8,0,0,738601.736008249,0,0,0
160934.652697534,40,2139.2,2394,2649.2,0,0,738601.736008712,0,0,0
160934.6926966,40,2184.8,2466,2596.8,0,0,738601.736009174,0,0,0
160934.732695667,40,2240,2486.6,2462.4,0,0,738601.736009637,0,0,0
160934.772694733,40,2271,2439.8,2330.6,0,0,738601.7360101,0,0,0
160934.8126938,40,2274.8,2361,2238.8,0,0,738601.736010563,0,0,0
160934.852692866,40,2259,2303,2188.8,0,0,738601.736011026,0,0,0
160934.892691932,40,2239,2273.8,2165.8,0,0,738601.736011489,0,0,0
160934.932690999,40,2239.4,2270.6,2157.8,0,0,738601.736011952,0,0,0
160934.972690065,40,2254.4,2299,2185.2,0,0,738601.736012415,0,0,0
160935.012689132,40,2265.2,2345.4,2220,0,0,738601.736012878,0,0,0
160935.052688198,40,2269.6,2406.4,2290.8,0,0,738601.736013341,0,0,0
160935.092687264,40,2252.4,2479.8,2412.8,0,0,738601.736013804,0,0,0
160935.132686331,40,2201.4,2524,2618.2,0,0,738601.736014267,0,0,0
160935.172685397,40,2143.2,2453.6,2818.6,0,0,738601.73601473,0,0,0
160935.212684464,40,2097.6,2332.2,2790,0,0,738601.736015193,0,0,0
160935.25268353,40,2066.8,2246.4,2614.2,0,0,738601.736015656,0,0,0
160935.292682596,40,2058,2191.8,2457,0,0,738601.736016119,0,0,0
160935.332681663,40,2049.4,2179.2,2402.4,0,0,738601.736016582,0,0,0
160935.372680729,40,2052.6,2195.8,2462,0,0,738601.736017045,0,0,0
160935.412679796,40,2067.8,2241.2,2588.4,0,0,738601.736017508,0,0,0
160935.452678862,40,2096.4,2331,2716.2,0,0,738601.73601797,0,0,0
160935.492677928,40,2145.4,2439.8,2738.4,0,0,738601.736018433,0,0,0
160935.532676995,40,2206.6,2503.4,2591.4,0,0,738601.736018896,0,0,0
160935.572676061,40,2256.4,2479,2408.6,0,0,738601.736019359,0,0,0
160935.612675128,40,2274.8,2401.2,2275.8,0,0,738601.736019822,0,0,0
160935.652674194,40,2265.4,2319,2204,0,0,738601.736020285,0,0,0
160935.69267326,40,2242.6,2267.2,2156.8,0,0,738601.736020748,0,0,0
160935.732672327,40,2240,2265.8,2159.2,0,0,738601.736021211,0,0,0
160935.772671393,40,2254.8,2299,2177.4,0,0,738601.736021674,0,0,0
160935.81267046,40,2265,2344.2,2219.8,0,0,738601.736022137,0,0,0
160935.852669526,40,2266.8,2416.2,2302.4,0,0,738601.7360226,0,0,0
160935.892668592,40,2245.8,2495.4,2439.6,0,0,738601.736023063,0,0,0
160935.932667659,40,2197.8,2516.8,2637,0,0,738601.736023526,0,0,0
160935.972666725,40,2139.6,2449.8,2833.2,0,0,738601.736023989,0,0,0
160936.012665792,40,2090.2,2337.4,2817.4,0,0,738601.736024452,0,0,0
160936.052664858,40,2063.8,2235.8,2630.4,0,0,738601.736024915,0,0,0
160936.092663924,40,2051.2,2181.4,2456.8,0,0,738601.736025378,0,0,0
160936.132662991,40,2045,2164.6,2387.8,0,0,738601.736025841,0,0,0
160936.172662057,40,2052.2,2181.4,2452.8,0,0,738601.736026304,0,0,0
160936.212661124,40,2060.2,2233.8,2613.4,0,0,738601.736026767,0,0,0
160936.25266019,40,2090,2321.4,2798.2,0,0,738601.73602723,0,0,0
160936.292659256,40,2131.2,2435,2821.4,0,0,738601.736027693,0,0,0
160936.332658323,40,2191.4,2516,2655.6,0,0,738601.736028155,0,0,0
160936.372657389,40,2247.4,2499.8,2449.8,0,0,738601.736028618,0,0,0
160936.412656456,40,2269.2,2425.2,2314.2,0,0,738601.736029081,0,0,0
160936.452655522,40,2275,2359,2235,0,0,738601.736029544,0,0,0
160936.492654588,40,2259.4,2310,2191.4,0,0,738601.736030007,0,0,0
160936.532653655,40,2254.6,2285.4,2170.2,0,0,738601.73603047,0,0,0
160936.572652721,40,2247,2288,2170.4,0,0,738601.736030933,0,0,0
160936.612651788,40,2257.2,2317.8,2203,0,0,738601.736031396,0,0,0
160936.652650854,40,2268.4,2380.6,2257,0,0,738601.736031859,0,0,0
160936.69264992,40,2259.2,2454,2354.2,0,0,738601.736032322,0,0,0
160936.732648987,40,2229.4,2506.2,2507.8,0,0,738601.736032785,0,0,0
160936.772648053,40,2176.8,2504.8,2711,0,0,738601.736033248,0,0,0
160936.81264712,40,2128.8,2416.2,2844.8,0,0,738601.736033711,0,0,0
160936.852646186,40,2085.4,2305.8,2774.8,0,0,738601.736034174,0,0,0
160936.892645252,40,2058.4,2221.4,2571.6,0,0,738601.736034637,0,0,0
160936.932644319,40,2046.6,2176.2,2418,0,0,738601.7360351,0,0,0
160936.972643385,40,2043.2,2157.6,2340.4,0,0,738601.736035563,0,0,0
160937.012642452,40,2043.8,2168,2380.8,0,0,738601.736036026,0,0,0
160937.052641518,40,2052,2197,2474,0,0,738601.736036489,0,0,0
160937.092640584,40,2072.4,2261.4,2626.6,0,0,738601.736036952,0,0,0
160937.132639651,40,2113.8,2360.2,2734.4,0,0,738601.736037415,0,0,0
160937.172638717,40,2164.6,2461.2,2685.6,0,0,738601.736037878,0,0,0
160937.212637784,40,2226.2,2502.4,2518.8,0,0,738601.73603834,0,0,0
160937.25263685,40,2257.6,2456,2367.4,0,0,738601.736038803,0,0,0
160937.292635916,40,2274.4,2385.8,2263.8,0,0,738601.736039266,0,0,0
160937.332634983,40,2267.6,2330.6,2207.6,0,0,738601.736039729,0,0,0
160937.372634049,40,2250.8,2291.4,2173.6,0,0,738601.736040192,0,0,0
160937.412633116,40,2240,2281.8,2172.2,0,0,738601.736040655,0,0,0
160937.452632182,40,2255.8,2318.8,2195.4,0,0,738601.736041118,0,0,0
160937.492631248,40,2270.8,2362.4,2236.6,0,0,738601.736041581,0,0,0
160937.532630315,40,2262.2,2428.6,2313.4,0,0,738601.736042044,0,0,0
160937.572629381,40,2249.6,2493.2,2434.6,0,0,738601.736042507,0,0,0
160937.612628448,40,2197.2,2516.6,2625.4,0,0,738601.73604297,0,0,0
160937.652627514,40,2144.4,2460.2,2806.2,0,0,738601.736043433,0,0,0
160937.69262658,40,2095.6,2347.8,2833,0,0,738601.736043896,0,0,0
160937.732625647,40,2069.4,2251,2654.4,0,0,738601.736044359,0,0,0
160937.772624713,40,2056.4,2194,2477.2,0,0,738601.736044822,0,0,0
160937.81262378,40,2040.8,2163,2380.6,0,0,738601.736045285,0,0,0
160937.852622846,40,2041.8,2166.2,2397.2,0,0,738601.736045748,0,0,0
160937.892621912,40,2052,2200.6,2516.6,0,0,738601.736046211,0,0,0
160937.932620979,40,2071.8,2269.8,2709.2,0,0,738601.736046673,0,0,0
160937.972620045,40,2110.6,2379.6,2849.4,0,0,738601.736047136,0,0,0
160938.012619112,40,2163.6,2489.8,2752.6,0,0,738601.736047599,0,0,0
160938.052618178,40,2226.6,2509,2517,0,0,738601.736048062,0,0,0
160938.092617244,40,2267.2,2445.8,2341.4,0,0,738601.736048525,0,0,0
160938.132616311,40,2270.2,2361.4,2238.2,0,0,738601.736048988,0,0,0
160938.172615377,40,2253.2,2295.2,2177.4,0,0,738601.736049451,0,0,0
160938.212614444,40,2234.4,2251.2,2150,0,0,738601.736049914,0,0,0
160938.25261351,40,2242,2279,2163,0,0,738601.736050377,0,0,0
160938.292612576,40,2253.6,2306,2187,0,0,738601.73605084,0,0,0
160938.332611643,40,2263.4,2357,2231.2,0,0,738601.736051303,0,0,0
160938.372610709,40,2267,2432.2,2315.2,0,0,738601.736051766,0,0,0
160938.412609776,40,2242.8,2510.4,2467.4,0,0,738601.736052229,0,0,0
160938.452608842,40,2187.6,2512.8,2682,0,0,738601.736052692,0,0,0
160938.492607908,40,2127.4,2430.6,2848.4,0,0,738601.736053155,0,0,0
160938.532606975,40,2089.2,2315.4,2799.6,0,0,738601.736053618,0,0,0
160938.572606041,40,2064.4,2229,2612,0,0,738601.736054081,0,0,0
160938.612605108,40,2043.2,2172.2,2448.2,0,0,738601.736054544,0,0,0
160938.652604174,40,2040.2,2151.6,2351.8,0,0,738601.736055007,0,0,0
160938.69260324,40,2039.8,2160.4,2382.8,0,0,738601.73605547,0,0,0
160938.732602307,40,2049,2188.4,2484.6,0,0,738601.736055933,0,0,0
160938.772601373,40,2063,2249.8,2656,0,0,738601.736056396,0,0,0
160938.81260044,40,2101.8,2357.2,2793.4,0,0,738601.736056858,0,0,0
160938.852599506,40,2156.8,2462.4,2726.8,0,0,738601.736057321,0,0,0
160938.892598572,40,2215.4,2505.6,2551.6,0,0,738601.736057784,0,0,0
160938.932597639,40,2258.8,2461.8,2383.4,0,0,738601.736058247,0,0,0
160938.972596705,40,2274.2,2400.8,2282.4,0,0,738601.73605871,0,0,0
160939.012595772,40,2268.6,2342.2,2217.6,0,0,738601.736059173,0,0,0
160939.052594838,40,2261,2309.4,2192.8,0,0,738601.736059636,0,0,0
160939.092593904,40,2249,2304.2,2184.6,0,0,738601.736060099,0,0,0
160939.132592971,40,2255.6,2318.2,2204.2,0,0,738601.736060562,0,0,0
160939.172592037,40,2268,2362.8,2244.6,0,0,738601.736061025,0,0,0
160939.212591104,40,2266.6,2433.4,2323.6,0,0,738601.736061488,0,0,0
160939.25259017,40,2246.8,2504.4,2465.4,0,0,738601.736061951,0,0,0
160939.292589236,40,2195.6,2510.6,2663.4,0,0,738601.736062414,0,0,0
160939.332588303,40,2137.2,2442.8,2838.8,0,0,738601.736062877,0,0,0
160939.372587369,40,2091.4,2329.4,2827.8,0,0,738601.73606334,0,0,0
160939.412586436,40,2063.4,2236.8,2648.2,0,0,738601.736063803,0,0,0
160939.452585502,40,2046.2,2180.2,2466.8,0,0,738601.736064266,0,0,0
160939.492584568,40,2041,2167.2,2382.2,0,0,738601.736064729,0,0,0
160939.532583635,40,2047.4,2172.8,2433,0,0,738601.736065192,0,0,0
160939.572582701,40,2053.8,2216.4,2562,0,0,738601.736065655,0,0,0
160939.612581768,40,2078,2289.8,2743.6,0,0,738601.736066118,0,0,0
160939.652580834,40,2121.4,2402.4,2830.6,0,0,738601.736066581,0,0,0
160939.6925799,40,2183,2506.4,2693.4,0,0,738601.736067044,0,0,0
160939.732578967,40,2236.6,2501.6,2464.2,0,0,738601.736067506,0,0,0
160939.772578033,40,2275,2425.4,2307.6,0,0,738601.736067969,0,0,0
160939.8125771,40,2269.4,2336.8,2216.6,0,0,738601.736068432,0,0,0
160939.852576166,40,2247.8,2274.2,2162,0,0,738601.736068895,0,0,0
160939.892575232,40,2234,2253.6,2151.8,0,0,738601.736069358,0,0,0
160939.932574299,40,2244.2,2282.4,2169.6,0,0,738601.736069821,0,0,0
160939.972573365,40,2260,2316.6,2200.4,0,0,738601.736070284,0,0,0
160940.012572432,40,2265.6,2374.4,2257.8,0,0,738601.736070747,0,0,0
160940.052571498,40,2260,2458.8,2367.6,0,0,738601.73607121,0,0,0
160940.092570564,40,2220.4,2517.2,2536.6,0,0,738601.736071673,0,0,0
160940.132569631,40,2167.4,2493.4,2760.8,0,0,738601.736072136,0,0,0
160940.172568697,40,2109.8,2386.4,2860.4,0,0,738601.736072599,0,0,0
160940.212567764,40,2071.4,2270.6,2731.2,0,0,738601.736073062,0,0,0
160940.25256683,40,2048.4,2194.4,2520.2,0,0,738601.736073525,0,0,0
160940.292565896,40,2040.6,2154.6,2377.4,0,0,738601.736073988,0,0,0
160940.332564963,40,2035.6,2150,2346.2,0,0,738601.736074451,0,0,0
160940.372564029,40,2045.4,2165.4,2411.4,0,0,738601.736074914,0,0,0
160940.412563096,40,2053.4,2211.8,2566.4,0,0,738601.736075377,0,0,0
160940.452562162,40,2080,2291.8,2765.8,0,0,738601.736075839,0,0,0
160940.492561228,40,2123.8,2417,2850.8,0,0,738601.736076302,0,0,0
160940.532560295,40,2183.4,2506.2,2693,0,0,738601.736076765,0,0,0
160940.572559361,40,2241.2,2509.4,2474.2,0,0,738601.736077228,0,0,0
160940.612558428,40,2266.2,2438.8,2321.4,0,0,738601.736077691,0,0,0
160940.652557494,40,2269.4,2353.2,2229,0,0,738601.736078154,0,0,0
160940.69255656,40,2254.4,2296.4,2183,0,0,738601.736078617,0,0,0
160940.732555627,40,2239.8,2266.2,2154,0,0,738601.73607908,0,0,0
160940.772554693,40,2234,2267.6,2158.8,0,0,738601.736079543,0,0,0
160940.81255376,40,2247.2,2292.4,2172.2,0,0,738601.736080006,0,0,0
160940.852552826,40,2267,2344.4,2216.4,0,0,738601.736080469,0,0,0
160940.892551892,40,2270.6,2412.2,2295.2,0,0,738601.736080932,0,0,0
160940.932550959,40,2249.4,2479.8,2412.2,0,0,738601.736081395,0,0,0
160940.972550025,40,2206.8,2525.2,2614,0,0,738601.736081858,0,0,0
160941.012549092,40,2149.2,2463.6,2810,0,0,738601.736082321,0,0,0
160941.052548158,40,2095.2,2346.4,2821,0,0,738601.736082784,0,0,0
160941.092547224,40,2065.4,2246.8,2655,0,0,738601.736083247,0,0,0
160941.132546291,40,2050.8,2187.2,2476.8,0,0,738601.73608371,0,0,0
160941.172545357,40,2040.4,2151.6,2359.2,0,0,738601.736084173,0,0,0
160941.212544424,40,2040.4,2157.6,2359.2,0,0,738601.736084636,0,0,0
160941.25254349,40,2046.2,2182.4,2447,0,0,738601.736085099,0,0,0
160941.292542556,40,2061,2236.6,2616.6,0,0,738601.736085562,0,0,0
160941.332541623,40,2089.2,2327,2790.2,0,0,738601.736086024,0,0,0
160941.372540689,40,2138.6,2441,2803.4,0,0,738601.736086487,0,0,0
160941.412539756,40,2198,2521,2643.8,0,0,738601.73608695,0,0,0
160941.452538822,40,2246.2,2500.2,2448.6,0,0,738601.736087413,0,0,0
160941.492537888,40,2272.8,2426.8,2306.8,0,0,738601.736087876,0,0,0
160941.532536955,40,2274.2,2355,2229,0,0,738601.736088339,0,0,0
160941.572536021,40,2255.6,2302.2,2180.4,0,0,738601.736088802,0,0,0
160941.612535088,40,2249.2,2282,2166.2,0,0,738601.736089265,0,0,0
160941.652534154,40,2250.8,2300.2,2186.2,0,0,738601.736089728,0,0,0
160941.69253322,40,2263.6,2348.2,2229,0,0,738601.736090191,0,0,0
160941.732532287,40,2265,2417.2,2294.2,0,0,738601.736090654,0,0,0
160941.772531353,40,2251.2,2479.8,2408,0,0,738601.736091117,0,0,0
160941.81253042,40,2209.8,2524.6,2577.8,0,0,738601.73609158,0,0,0
160941.852529486,40,2157.8,2487,2776.4,0,0,738601.736092043,0,0,0
160941.892528552,40,2112.6,2380.4,2851.8,0,0,738601.736092506,0,0,0
160941.932527619,40,2072.4,2277.2,2717.2,0,0,738601.736092969,0,0,0
160941.972526685,40,2050.2,2204.4,2536,0,0,738601.736093432,0,0,0
160942.012525752,40,2045.4,2166.2,2395.8,0,0,738601.736093895,0,0,0
160942.052524818,40,2041,2153.2,2335.6,0,0,738601.736094358,0,0,0
160942.092523884,40,2042.6,2164.4,2367.8,0,0,738601.736094821,0,0,0
160942.132522951,40,2050.2,2191.6,2458.2,0,0,738601.736095284,0,0,0
160942.172522017,40,2067.6,2252.2,2598.2,0,0,738601.736095747,0,0,0
160942.212521084,40,2104.2,2349.6,2708.4,0,0,738601.736096209,0,0,0
160942.25252015,40,2162.2,2448.2,2665.8,0,0,738601.736096672,0,0,0
160942.292519216,40,2219.6,2492.8,2520,0,0,738601.736097135,0,0,0
160942.332518283,40,2260.4,2456.2,2362.8,0,0,738601.736097598,0,0,0
160942.372517349,40,2273.2,2388.8,2262,0,0,738601.736098061,0,0,0
160942.412516416,40,2270,2325.6,2199.4,0,0,738601.736098524,0,0,0
160942.452515482,40,2248.4,2286.4,2172.6,0,0,738601.736098987,0,0,0
160942.492514548,40,2246.8,2284.2,2171.2,0,0,738601.73609945,0,0,0
160942.532513615,40,2261.2,2325.4,2204.8,0,0,738601.736099913,0,0,0
160942.572512681,40,2267.2,2367.4,2250,0,0,738601.736100376,0,0,0
160942.612511748,40,2265.4,2435.6,2328.6,0,0,738601.736100839,0,0,0
160942.652510814,40,2239,2497.2,2453.4,0,0,738601.736101302,0,0,0
160942.69250988,40,2197.2,2519.4,2653.4,0,0,738601.736101765,0,0,0
160942.732508947,40,2142.2,2453,2824.2,0,0,738601.736102228,0,0,0
160942.772508013,40,2094,2335.6,2813.4,0,0,738601.736102691,0,0,0
160942.81250708,40,2062,2239.6,2634.2,0,0,738601.736103154,0,0,0
160942.852506146,40,2045.8,2183.2,2455.2,0,0,738601.736103617,0,0,0
160942.892505212,40,2038.8,2149,2334.4,0,0,738601.73610408,0,0,0
160942.932504279,40,2038.2,2144.2,2309.8,0,0,738601.736104543,0,0,0
160942.972503345,40,2045,2160.8,2367.6,0,0,738601.736105005,0,0,0
160943.012502412,40,2054,2200.2,2483.2,0,0,738601.736105468,0,0,0
160943.052501478,40,2081.8,2274.8,2633.6,0,0,738601.736105931,0,0,0
160943.092500544,40,2121.2,2376.2,2711.8,0,0,738601.736106394,0,0,0
160943.132499611,40,2177.2,2471.8,2646.8,0,0,738601.736106857,0,0,0
160943.172498677,40,2230.8,2488,2485,0,0,738601.73610732,0,0,0
160943.212497744,40,2262,2444,2339.4,0,0,738601.736107783,0,0,0
160943.25249681,40,2273.2,2366.4,2245.6,0,0,738601.736108246,0,0,0
160943.292495876,40,2259,2309.6,2189.2,0,0,738601.736108709,0,0,0
160943.332494943,40,2244.8,2275.4,2163.8,0,0,738601.736109172,0,0,0
160943.372494009,40,2235.6,2267.6,2158.8,0,0,738601.736109635,0,0,0
160943.412493076,40,2253.2,2305.2,2184.8,0,0,738601.736110098,0,0,0
160943.452492142,40,2266,2348.6,2226.2,0,0,738601.736110561,0,0,0
160943.492491208,40,2269.2,2406.8,2284.8,0,0,738601.736111024,0,0,0
160943.532490275,40,2251.8,2473.4,2391.4,0,0,738601.736111487,0,0,0
160943.572489341,40,2219.8,2520.4,2563.2,0,0,738601.73611195,0,0,0
160943.612488408,40,2160.4,2484.6,2759.8,0,0,738601.736112413,0,0,0
160943.652487474,40,2108,2382.4,2848.2,0,0,738601.736112876,0,0,0
160943.69248654,40,2075.8,2271,2725.4,0,0,738601.736113339,0,0,0
160943.732485607,40,2052.2,2199.4,2516.2,0,0,738601.736113802,0,0,0
160943.772484673,40,2039.6,2157.8,2374.4,0,0,738601.736114265,0,0,0
160943.81248374,40,2037.4,2141,2318,0,0,738601.736114728,0,0,0
160943.852482806,40,2042,2155,2360.6,0,0,738601.73611519,0,0,0
160943.892481872,40,2050.4,2188.4,2460.4,0,0,738601.736115653,0,0,0
160943.932480939,40,2071.8,2257.8,2629,0,0,738601.736116116,0,0,0
160943.972480005,40,2111.8,2361,2748.2,0,0,738601.736116579,0,0,0
160944.012479072,40,2163.2,2467.4,2696.8,0,0,738601.736117042,0,0,0
160944.052478138,40,2228.2,2505,2522.4,0,0,738601.736117505,0,0,0
160944.092477204,40,2267.6,2450.2,2354.4,0,0,738601.736117968,0,0,0
160944.132476271,40,2274.2,2376.4,2249.6,0,0,738601.736118431,0,0,0
160944.172475337,40,2259.4,2308.4,2193.6,0,0,738601.736118894,0,0,0
160944.212474404,40,2243,2275.4,2159,0,0,738601.736119357,0,0,0
160944.25247347,40,2236.2,2263.4,2150.6,0,0,738601.73611982,0,0,0
160944.292472536,40,2253,2292.2,2179.4,0,0,738601.736120283,0,0,0
160944.332471603,40,2262.2,2338.2,2219.8,0,0,738601.736120746,0,0,0
160944.372470669,40,2262.2,2407.8,2289,0,0,738601.736121209,0,0,0
160944.412469736,40,2248.2,2486.8,2426.4,0,0,738601.736121672,0,0,0
160944.452468802,40,2199.2,2520.6,2640,0,0,738601.736122135,0,0,0
160944.492467868,40,2134.4,2446.6,2827,0,0,738601.736122598,0,0,0
160944.532466935,40,2086.6,2317.4,2798.6,0,0,738601.736123061,0,0,0
160944.572466001,40,2055.2,2217.8,2584.6,0,0,738601.736123524,0,0,0
160944.612465068,40,2042.8,2157.6,2377,0,0,738601.736123987,0,0,0
160944.652464134,40,2034.4,2125.2,2260.4,0,0,738601.73612445,0,0,0
160944.6924632,40,2029.8,2120.4,2218.4,0,0,738601.736124913,0,0,0
160944.732462267,40,2031,2123.2,2250.6,0,0,738601.736125375,0,0,0
160944.772461333,40,2037.4,2151.2,2342.8,0,0,738601.736125838,0,0,0
160944.8124604,40,2052.2,2202.8,2526.2,0,0,738601.736126301,0,0,0
160944.852459466,40,2087.2,2307.4,2749.2,0,0,738601.736126764,0,0,0
160944.892458532,40,2139.8,2444.2,2778.8,0,0,738601.736127227,0,0,0
160944.932457599,40,2208.2,2511.6,2589.6,0,0,738601.73612769,0,0,0
160944.972456665,40,2256.4,2469,2385.4,0,0,738601.736128153,0,0,0
160945.012455732,40,2272.6,2384,2258.6,0,0,738601.736128616,0,0,0
160945.052454798,40,2257.4,2302.4,2189.6,0,0,738601.736129079,0,0,0
160945.092453864,40,2241.2,2261,2155.8,0,0,738601.736129542,0,0,0
160945.132452931,40,2250.2,2291.8,2173.8,0,0,738601.736130005,0,0,0
160945.172451997,40,2262.8,2322.2,2202,0,0,738601.736130468,0,0,0
160945.212451064,40,2269.4,2371.6,2245.6,0,0,738601.736130931,0,0,0
160945.25245013,40,2259,2429.6,2331.8,0,0,738601.736131394,0,0,0
160945.292449196,40,2233.2,2503,2476,0,0,738601.736131857,0,0,0
160945.332448263,40,2184,2507.6,2679.2,0,0,738601.73613232,0,0,0
160945.372447329,40,2132.2,2424.2,2829,0,0,738601.736132783,0,0,0
160945.412446396,40,2082.8,2300,2755,0,0,738601.736133246,0,0,0
160945.452445462,40,2049.8,2206.2,2534.6,0,0,738601.736133709,0,0,0
160945.492444528,40,2036.8,2155.8,2359.6,0,0,738601.736134171,0,0,0
160945.532443595,40,2032.8,2127.6,2262.8,0,0,738601.736134634,0,0,0
160945.572442661,40,2033,2128.8,2277.8,0,0,738601.736135097,0,0,0
160945.612441728,40,2037.8,2152.6,2372.8,0,0,738601.73613556,0,0,0
160945.652440794,40,2051,2199.8,2531.6,0,0,738601.736136023,0,0,0
160945.69243986,40,2078.6,2286.2,2748,0,0,738601.736136486,0,0,0
160945.732438927,40,2121.8,2409.8,2844.6,0,0,738601.736136949,0,0,0
160945.772437993,40,2176.2,2497.4,2699.4,0,0,738601.736137412,0,0,0
160945.81243706,40,2229,2506.8,2500.8,0,0,738601.736137875,0,0,0
160945.852436126,40,2266.4,2443,2350.8,0,0,738601.736138338,0,0,0
160945.892435192,40,2273,2380.6,2263.4,0,0,738601.736138801,0,0,0
160945.932434259,40,2265.8,2333.4,2215.4,0,0,738601.736139264,0,0,0
160945.972433325,40,2260.6,2313.8,2195.6,0,0,738601.736139727,0,0,0
160946.012432392,40,2261.2,2317,2198.2,0,0,738601.73614019,0,0,0
160946.052431458,40,2268.2,2336.6,2217.6,0,0,738601.736140653,0,0,0
160946.092430524,40,2262.6,2375,2257.4,0,0,738601.736141116,0,0,0
160946.132429591,40,2262.2,2434,2320.6,0,0,738601.736141579,0,0,0
160946.172428657,40,2243.6,2497.8,2450.2,0,0,738601.736142042,0,0,0
160946.212427724,40,2206.6,2512.2,2614.4,0,0,738601.736142505,0,0,0
160946.25242679,40,2144.4,2449,2759,0,0,738601.736142968,0,0,0
160946.292425856,40,2101.2,2356,2781.6,0,0,738601.736143431,0,0,0
160946.332424923,40,2071.6,2251.8,2644.8,0,0,738601.736143893,0,0,0
160946.372423989,40,2054.8,2195.4,2476,0,0,738601.736144356,0,0,0
160946.412423056,40,2041.2,2158,2365.2,0,0,738601.736144819,0,0,0
160946.452422122,40,2037.2,2149.4,2340,0,0,738601.736145282,0,0,0
160946.492421188,40,2046.2,2166.4,2420.4,0,0,738601.736145745,0,0,0
160946.532420255,40,2058,2217.4,2558,0,0,738601.736146208,0,0,0
160946.572419321,40,2080.8,2293.4,2729.6,0,0,738601.736146671,0,0,0
160946.612418388,40,2120,2403,2801.6,0,0,738601.736147134,0,0,0
160946.652417454,40,2179.6,2489.8,2679.2,0,0,738601.736147597,0,0,0
160946.69241652,40,2228.2,2502.6,2498,0,0,738601.73614806,0,0,0
160946.732415587,40,2263.2,2450.4,2359.4,0,0,738601.736148523,0,0,0
160946.772414653,40,2271,2389.8,2268.8,0,0,738601.736148986,0,0,0
160946.81241372,40,2268.8,2338.8,2223.4,0,0,738601.736149449,0,0,0
160946.852412786,40,2266.2,2320.2,2199.6,0,0,738601.736149912,0,0,0
160946.892411852,40,2261.8,2324.8,2207.8,0,0,738601.736150375,0,0,0
160946.932410919,40,2272,2355,2232.6,0,0,738601.736150838,0,0,0
160946.972409985,40,2270.8,2395.2,2271.6,0,0,738601.736151301,0,0,0
160947.012409052,40,2260.6,2440.4,2339.4,0,0,738601.736151764,0,0,0
160947.052408118,40,2239.2,2489.2,2444.6,0,0,738601.736152227,0,0,0
160947.092407184,40,2203,2510,2594.8,0,0,738601.73615269,0,0,0
160947.132406251,40,2161.6,2467.6,2749.2,0,0,738601.736153153,0,0,0
160947.172405317,40,2112.2,2375.6,2778.2,0,0,738601.736153616,0,0,0
160947.212404384,40,2082.8,2280,2638,0,0,738601.736154079,0,0,0
160947.25240345,40,2066.6,2215.8,2487.2,0,0,738601.736154541,0,0,0
160947.292402516,40,2054.6,2195.6,2432.6,0,0,738601.736155004,0,0,0
160947.332401583,40,2056.8,2208.4,2487,0,0,738601.736155467,0,0,0
160947.372400649,40,2067.6,2246.8,2630,0,0,738601.73615593,0,0,0
160947.412399716,40,2096,2330.8,2780.8,0,0,738601.736156393,0,0,0
160947.452398782,40,2133.8,2426.8,2801.8,0,0,738601.736156856,0,0,0
160947.492397848,40,2184.2,2504.4,2657,0,0,738601.736157319,0,0,0
160947.532396915,40,2238.6,2495.2,2455.2,0,0,738601.736157782,0,0,0
160947.572395981,40,2264,2429.2,2320.8,0,0,738601.736158245,0,0,0
160947.612395048,40,2272.6,2360.8,2236.4,0,0,738601.736158708,0,0,0
160947.652394114,40,2260.4,2314.6,2199,0,0,738601.736159171,0,0,0
160947.69239318,40,2254.4,2302.8,2183.6,0,0,738601.736159634,0,0,0
160947.732392247,40,2248.6,2309,2207,0,0,738601.736160097,0,0,0
160947.772391313,40,2264.2,2353.8,2237.8,0,0,738601.73616056,0,0,0
160947.81239038,40,2264.2,2390,2278.4,0,0,738601.736161023,0,0,0
160947.852389446,40,2261.4,2441.6,2353,0,0,738601.736161486,0,0,0
160947.892388512,40,2239.4,2484,2465.8,0,0,738601.736161949,0,0,0
160947.932387579,40,2188.6,2479.4,2604.4,0,0,738601.736162412,0,0,0
160947.972386645,40,2143,2422.4,2702.6,0,0,738601.736162874,0,0,0
160948.012385712,40,2098,2323,2685.8,0,0,738601.736163337,0,0,0
160948.052384778,40,2070.2,2239.2,2564.6,0,0,738601.7361638,0,0,0
160948.092383844,40,2051,2187.8,2434,0,0,738601.736164263,0,0,0
160948.132382911,40,2043,2155,2346,0,0,738601.736164726,0,0,0
160948.172381977,40,2041,2152,2335.2,0,0,738601.736165189,0,0,0
160948.212381044,40,2047.8,2173,2377.8,0,0,738601.736165652,0,0,0
160948.25238011,40,2063,2215.6,2477.4,0,0,738601.736166115,0,0,0
160948.292379176,40,2088.4,2293.2,2618.8,0,0,738601.736166578,0,0,0
160948.332378243,40,2137.4,2404.2,2696.8,0,0,738601.736167041,0,0,0
160948.372377309,40,2195.4,2486.8,2597.4,0,0,738601.736167504,0,0,0
160948.412376376,40,2246.2,2480.2,2427.8,0,0,738601.736167967,0,0,0
160948.452375442,40,2275.2,2412.8,2297.4,0,0,738601.73616843,0,0,0
160948.492374508,40,2271.4,2345.4,2219,0,0,738601.736168893,0,0,0
160948.532373575,40,2253.2,2294.4,2175.2,0,0,738601.736169356,0,0,0
160948.572372641,40,2245.8,2270.2,2162,0,0,738601.736169819,0,0,0
160948.612371708,40,2248.6,2287.4,2169.4,0,0,738601.736170282,0,0,0
160948.652370774,40,2258,2312.2,2204.2,0,0,738601.736170745,0,0,0
160948.69236984,40,2265.4,2350.6,2237,0,0,738601.736171208,0,0,0
160948.732368907,40,2261.6,2411.8,2307.2,0,0,738601.736171671,0,0,0
160948.772367973,40,2244,2465.6,2422.6,0,0,738601.736172134,0,0,0
160948.81236704,40,2193.4,2481.2,2577.4,0,0,738601.736172597,0,0,0
160948.852366106,40,2145.6,2418.2,2699.2,0,0,738601.736173059,0,0,0
160948.892365172,40,2097.6,2320.6,2668.8,0,0,738601.736173522,0,0,0
160948.932364239,40,2070,2249.4,2555.6,0,0,738601.736173985,0,0,0
160948.972363305,40,2048.6,2188.4,2436.6,0,0,738601.736174448,0,0,0
160949.012362372,40,2042,2165.2,2359,0,0,738601.736174911,0,0,0
160949.052361438,40,2044.8,2155.4,2347.4,0,0,738601.736175374,0,0,0
160949.092360504,40,2048,2182.2,2402.2,0,0,738601.736175837,0,0,0
160949.132359571,40,2072.2,2226.2,2500.8,0,0,738601.7361763,0,0,0
160949.172358637,40,2094.2,2311.6,2656,0,0,738601.736176763,0,0,0
160949.212357704,40,2148.8,2430.8,2698.6,0,0,738601.736177226,0,0,0
160949.25235677,40,2210,2495.4,2541.8,0,0,738601.736177689,0,0,0
160949.292355836,40,2258.2,2461.6,2380,0,0,738601.736178152,0,0,0
160949.332354903,40,2275,2387.2,2260.8,0,0,738601.736178615,0,0,0
160949.372353969,40,2261.8,2317.4,2196.2,0,0,738601.736179078,0,0,0
160949.412353036,40,2249.2,2275.6,2171.4,0,0,738601.736179541,0,0,0
160949.452352102,40,2245.2,2276.2,2165.2,0,0,738601.736180004,0,0,0
160949.492351168,40,2257,2300.6,2189.8,0,0,738601.736180467,0,0,0
160949.532350235,40,2264.4,2334.2,2223.8,0,0,738601.73618093,0,0,0
160949.572349301,40,2269.4,2385,2271.6,0,0,738601.736181393,0,0,0
160949.612348368,40,2260.2,2446.4,2362.8,0,0,738601.736181856,0,0,0
160949.652347434,40,2222.8,2486.4,2509.6,0,0,738601.736182319,0,0,0
160949.6923465,40,2167.6,2464,2651.4,0,0,738601.736182782,0,0,0
160949.732345567,40,2122.4,2380,2718.2,0,0,738601.736183244,0,0,0
160949.772344633,40,2083,2289.2,2649.2,0,0,738601.736183707,0,0,0
160949.8123437,40,2061.8,2215,2510.2,0,0,738601.73618417,0,0,0
160949.852342766,40,2047.4,2174.6,2398,0,0,738601.736184633,0,0,0
160949.892341832,40,2042.6,2157.2,2343.4,0,0,738601.736185096,0,0,0
160949.932340899,40,2044.2,2166.4,2356.6,0,0,738601.736185559,0,0,0
160949.972339965,40,2059.2,2199.4,2452.6,0,0,738601.736186022,0,0,0
160950.012339032,40,2077,2268.4,2607.8,0,0,738601.736186485,0,0,0
160950.052338098,40,2117.4,2370.2,2738.4,0,0,738601.736186948,0,0,0
160950.092337164,40,2176.2,2477.4,2676.2,0,0,738601.736187411,0,0,0
160950.132336231,40,2229.6,2498.2,2492.6,0,0,738601.736187874,0,0,0
160950.172335297,40,2265.4,2437.4,2335.6,0,0,738601.736188337,0,0,0
160950.212334364,40,2268.8,2359.2,2239.2,0,0,738601.7361888,0,0,0
160950.25233343,40,2259.2,2298.4,2181.4,0,0,738601.736189263,0,0,0
160950.292332496,40,2242.4,2268.2,2157.2,0,0,738601.736189726,0,0,0
160950.332331563,40,2250.4,2276.6,2172.4,0,0,738601.736190189,0,0,0
160950.372330629,40,2262.2,2309.6,2201.2,0,0,738601.736190652,0,0,0
160950.412329696,40,2260.2,2346,2231.8,0,0,738601.736191115,0,0,0
160950.452328762,40,2263.8,2403.6,2307.2,0,0,738601.736191578,0,0,0
160950.492327828,40,2244.4,2467.6,2424.4,0,0,738601.73619204,0,0,0
160950.532326895,40,2194.8,2480.2,2577.4,0,0,738601.736192503,0,0,0
160950.572325961,40,2139.4,2420.4,2709.2,0,0,738601.736192966,0,0,0
160950.612325028,40,2097.4,2317.4,2695,0,0,738601.736193429,0,0,0
160950.652324094,40,2068.4,2229.2,2548.6,0,0,738601.736193892,0,0,0
160950.69232316,40,2050.2,2177,2406.4,0,0,738601.736194355,0,0,0
160950.732322227,40,2041.8,2151.4,2323,0,0,738601.736194818,0,0,0
160950.772321293,40,2044.8,2152.6,2323.8,0,0,738601.736195281,0,0,0
160950.81232036,40,2053.8,2184.4,2411.4,0,0,738601.736195744,0,0,0
160950.852319426,40,2068.4,2241.4,2580.2,0,0,738601.736196207,0,0,0
160950.892318492,40,2102,2349,2751.8,0,0,738601.73619667,0,0,0
160950.932317559,40,2158,2466.6,2723.8,0,0,738601.736197133,0,0,0
160950.972316625,40,2226.8,2510.4,2531.8,0,0,738601.736197596,0,0,0
160951.012315692,40,2265.2,2440.8,2351.2,0,0,738601.736198059,0,0,0
160951.052314758,40,2271.2,2363.2,2239.2,0,0,738601.736198522,0,0,0
160951.092313824,40,2250,2293,2176.4,0,0,738601.736198985,0,0,0
160951.132312891,40,2236.2,2262.8,2153,0,0,738601.736199448,0,0,0
160951.172311957,40,2255.6,2282.4,2169.8,0,0,738601.736199911,0,0,0
160951.212311024,40,2262,2322.8,2200,0,0,738601.736200374,0,0,0
160951.25231009,40,2269.2,2365.2,2252.2,0,0,738601.736200837,0,0,0
160951.292309156,40,2265.6,2430,2337,0,0,738601.7362013,0,0,0
160951.332308223,40,2229.4,2466.4,2455,0,0,738601.736201763,0,0,0
160951.372307289,40,2180.8,2454.6,2592.2,0,0,738601.736202225,0,0,0
160951.412306356,40,2133.8,2389.6,2689.6,0,0,738601.736202688,0,0,0
160951.452305422,40,2087,2294.8,2656.4,0,0,738601.736203151,0,0,0
160951.492304488,40,2061,2217.6,2516.6,0,0,738601.736203614,0,0,0
160951.532303555,40,2044.6,2166.4,2387.8,0,0,738601.736204077,0,0,0
160951.572302621,40,2036.8,2145.4,2313,0,0,738601.73620454,0,0,0
160951.612301688,40,2040,2154.2,2313.8,0,0,738601.736205003,0,0,0
160951.652300754,40,2048.6,2176,2394,0,0,738601.736205466,0,0,0
160951.69229982,40,2066.6,2238.8,2566,0,0,738601.736205929,0,0,0
160951.732298887,40,2095.2,2336.8,2753.2,0,0,738601.736206392,0,0,0
160951.772297953,40,2151,2459.6,2758.4,0,0,738601.736206855,0,0,0
160951.81229702,40,2212.6,2519.6,2567.2,0,0,738601.736207318,0,0,0
160951.852296086,40,2255.6,2464.4,2381.6,0,0,738601.736207781,0,0,0
160951.892295152,40,2262.8,2386,2266,0,0,738601.736208244,0,0,0
160951.932294219,40,2261.4,2322.6,2200.8,0,0,738601.736208707,0,0,0
160951.972293285,40,2248.4,2279.8,2174.2,0,0,738601.73620917,0,0,0
160952.012292352,40,2247.2,2280,2170.8,0,0,738601.736209633,0,0,0
160952.052291418,40,2258.4,2295.2,2190.2,0,0,738601.736210096,0,0,0
160952.092290484,40,2264.8,2329.2,2212.8,0,0,738601.736210559,0,0,0
160952.132289551,40,2264.8,2373.8,2265.6,0,0,738601.736211022,0,0,0
160952.172288617,40,2261.4,2439.4,2353,0,0,738601.736211485,0,0,0
160952.212287684,40,2221.8,2484.4,2495.2,0,0,738601.736211948,0,0,0
160952.25228675,40,2170.2,2459.4,2651.4,0,0,738601.73621241,0,0,0
160952.292285816,40,2118.6,2372.6,2701.6,0,0,738601.736212873,0,0,0
160952.332284883,40,2081,2268.2,2607.2,0,0,738601.736213336,0,0,0
160952.372283949,40,2060.4,2205.2,2476.6,0,0,738601.736213799,0,0,0
160952.412283016,40,2049.2,2165.2,2376.4,0,0,738601.736214262,0,0,0
160952.452282082,40,2044.2,2156.4,2338.4,0,0,738601.736214725,0,0,0
160952.492281148,40,2046.4,2164.6,2366.8,0,0,738601.736215188,0,0,0
160952.532280215,40,2060,2208,2468.2,0,0,738601.736215651,0,0,0
160952.572279281,40,2080.8,2284.4,2638.6,0,0,738601.736216114,0,0,0
160952.612278348,40,2127.6,2388,2745.4,0,0,738601.736216577,0,0,0
160952.652277414,40,2173,2485.8,2663.8,0,0,738601.73621704,0,0,0
160952.69227648,40,2234.4,2500.2,2478.6,0,0,738601.736217503,0,0,0
160952.732275547,40,2267.2,2440,2332.2,0,0,738601.736217966,0,0,0
160952.772274613,40,2269.6,2368,2242.2,0,0,738601.736218429,0,0,0
160952.81227368,40,2257.8,2315,2189,0,0,738601.736218892,0,0,0
160952.852272746,40,2254.8,2283.4,2173,0,0,738601.736219355,0,0,0
160952.892271812,40,2252.2,2294.8,2183.8,0,0,738601.736219818,0,0,0
160952.932270879,40,2262.4,2324.4,2205.4,0,0,738601.736220281,0,0,0
160952.972269945,40,2263.6,2359.8,2257,0,0,738601.736220744,0,0,0
160953.012269012,40,2260.2,2420.4,2334,0,0,738601.736221206,0,0,0
160953.052268078,40,2230.2,2477,2458.6,0,0,738601.736221669,0,0,0
160953.092267144,40,2182.4,2472.6,2617.4,0,0,738601.736222132,0,0,0
160953.132266211,40,2134,2399.4,2716,0,0,738601.736222595,0,0,0
160953.172265277,40,2091,2302,2659.6,0,0,738601.736223058,0,0,0
160953.212264344,40,2063.8,2227.8,2519,0,0,738601.736223521,0,0,0
160953.25226341,40,2048.6,2178.8,2407.2,0,0,738601.736223984,0,0,0
160953.292262476,40,2041.4,2158,2336.6,0,0,738601.736224447,0,0,0
160953.332261543,40,2044.8,2159,2341.6,0,0,738601.73622491,0,0,0
160953.372260609,40,2053.4,2185.8,2408,0,0,738601.736225373,0,0,0
160953.412259676,40,2068,2243.2,2558.2,0,0,738601.736225836,0,0,0
160953.452258742,40,2100.2,2344,2723.8,0,0,738601.736226299,0,0,0
160953.492257808,40,2149.6,2452,2731.2,0,0,738601.736226762,0,0,0
160953.532256875,40,2209.2,2510.4,2573.4,0,0,738601.736227225,0,0,0
160953.572255941,40,2253,2468,2389.6,0,0,738601.736227688,0,0,0
160953.612255008,40,2265.8,2396.6,2273,0,0,738601.736228151,0,0,0
160953.652254074,40,2261.4,2329.8,2214,0,0,738601.736228614,0,0,0
160953.69225314,40,2252.6,2300.6,2180.6,0,0,738601.736229077,0,0,0
160953.732252207,40,2255.2,2294.8,2181.6,0,0,738601.73622954,0,0,0
160953.772251273,40,2260,2317.6,2205.2,0,0,738601.736230003,0,0,0
160953.81225034,40,2266.2,2352.2,2239,0,0,738601.736230466,0,0,0
160953.852249406,40,2262.4,2403,2307.4,0,0,738601.736230928,0,0,0
160953.892248472,40,2248.2,2462.6,2407.8,0,0,738601.736231391,0,0,0
160953.932247539,40,2201.6,2486.4,2561.6,0,0,738601.736231854,0,0,0
160953.972246605,40,2149.2,2437,2700.8,0,0,738601.736232317,0,0,0
160954.012245672,40,2107.4,2338.4,2691.6,0,0,738601.73623278,0,0,0
160954.052244738,40,2073.4,2255.2,2586.2,0,0,738601.736233243,0,0,0
160954.092243804,40,2053,2198.4,2448.8,0,0,738601.736233706,0,0,0
160954.132242871,40,2042.6,2161.4,2360.2,0,0,738601.736234169,0,0,0
160954.172241937,40,2041.4,2157.4,2348.4,0,0,738601.736234632,0,0,0
160954.212241004,40,2053.2,2178.4,2401.2,0,0,738601.736235095,0,0,0
160954.25224007,40,2064.4,2229.4,2521.8,0,0,738601.736235558,0,0,0
160954.292239136,40,2098.4,2327.6,2683.6,0,0,738601.736236021,0,0,0
160954.332238203,40,2152.2,2437.4,2679,0,0,738601.736236484,0,0,0
160954.372237269,40,2217.2,2497.8,2534.2,0,0,738601.736236947,0,0,0
160954.412236336,40,2266.6,2464,2377.4,0,0,738601.73623741,0,0,0
160954.452235402,40,2277.8,2391.6,2263.8,0,0,738601.736237873,0,0,0
160954.492234468,40,2268,2321.4,2201.6,0,0,738601.736238336,0,0,0
160954.532233535,40,2252,2291.2,2176,0,0,738601.736238799,0,0,0
160954.572232601,40,2258.2,2291.2,2178.4,0,0,738601.736239262,0,0,0
160954.612231668,40,2261.8,2312.4,2202.8,0,0,738601.736239725,0,0,0
160954.652230734,40,2265.6,2354,2243,0,0,738601.736240188,0,0,0
160954.6922298,40,2268.8,2409.8,2314.4,0,0,738601.736240651,0,0,0
160954.732228867,40,2242.8,2467.4,2428.8,0,0,738601.736241114,0,0,0
160954.772227933,40,2191.6,2466.6,2569.8,0,0,738601.736241576,0,0,0
160954.812227,40,2141.6,2403,2673,0,0,738601.736242039,0,0,0
160954.852226066,40,2097.6,2313.6,2643.2,0,0,738601.736242502,0,0,0
160954.892225132,40,2067.2,2232.4,2539.4,0,0,738601.736242965,0,0,0
160954.932224199,40,2048.6,2186.2,2420.6,0,0,738601.736243428,0,0,0
160954.972223265,40,2043,2157.6,2348,0,0,738601.736243891,0,0,0
160955.012222332,40,2045,2168.8,2360.6,0,0,738601.736244354,0,0,0
160955.052221398,40,2056.8,2198.6,2442,0,0,738601.736244817,0,0,0
160955.092220464,40,2079.2,2269,2598.6,0,0,738601.73624528,0,0,0
160955.132219531,40,2119.8,2379.2,2711.6,0,0,738601.736245743,0,0,0
160955.172218597,40,2178.6,2476.8,2656.4,0,0,738601.736246206,0,0,0
160955.212217664,40,2228.2,2500.6,2484.4,0,0,738601.736246669,0,0,0
160955.25221673,40,2266.8,2443.6,2338.8,0,0,738601.736247132,0,0,0
160955.292215796,40,2276.2,2375.8,2250.8,0,0,738601.736247595,0,0,0
160955.332214863,40,2266.4,2323.8,2200.2,0,0,738601.736248058,0,0,0
160955.372213929,40,2258.4,2297.2,2176.4,0,0,738601.736248521,0,0,0
160955.412212996,40,2265.8,2309.4,2189,0,0,738601.736248984,0,0,0
160955.452212062,40,2268.2,2339.4,2226.4,0,0,738601.736249447,0,0,0
160955.492211128,40,2268.4,2382,2275.6,0,0,738601.73624991,0,0,0
160955.532210195,40,2256.4,2435.8,2362.2,0,0,738601.736250372,0,0,0
160955.572209261,40,2222,2475.6,2495,0,0,738601.736250835,0,0,0
160955.612208328,40,2170.6,2459.8,2641.2,0,0,738601.736251298,0,0,0
160955.652207394,40,2119.6,2375.2,2692.8,0,0,738601.736251761,0,0,0
160955.69220646,40,2083.8,2279.8,2621,0,0,738601.736252224,0,0,0
160955.732205527,40,2061.6,2213.6,2503.6,0,0,738601.736252687,0,0,0
160955.772204593,40,2045.8,2176.6,2405,0,0,738601.73625315,0,0,0
160955.81220366,40,2042.8,2158.4,2354.4,0,0,738601.736253613,0,0,0
160955.852202726,40,2047.8,2175.4,2384.6,0,0,738601.736254076,0,0,0
160955.892201792,40,2061,2210.4,2473,0,0,738601.736254539,0,0,0
160955.932200859,40,2083.8,2285.6,2645.8,0,0,738601.736255002,0,0,0
160955.972199925,40,2127.6,2408.6,2746.6,0,0,738601.736255465,0,0,0
160956.012198992,40,2196.6,2499.6,2637.8,0,0,738601.736255928,0,0,0
160956.052198058,40,2247.4,2496.6,2438,0,0,738601.736256391,0,0,0
160956.092197124,40,2270.4,2418.6,2302.4,0,0,738601.736256854,0,0,0
160956.132196191,40,2267.4,2340,2213.8,0,0,738601.736257317,0,0,0
160956.172195257,40,2255.4,2290.6,2171.4,0,0,738601.73625778,0,0,0
160956.212194324,40,2242.8,2263.2,2161,0,0,738601.736258243,0,0,0
160956.25219339,40,2253,2284,2166.6,0,0,738601.736258706,0,0,0
160956.292192456,40,2267.4,2319.4,2204.2,0,0,738601.736259169,0,0,0
160956.332191523,40,2270.2,2360.6,2242.6,0,0,738601.736259632,0,0,0
160956.372190589,40,2261.6,2418.4,2322.4,0,0,738601.736260094,0,0,0
160956.412189656,40,2239.4,2478,2455.8,0,0,738601.736260557,0,0,0
160956.452188722,40,2191.6,2486.4,2626.4,0,0,738601.73626102,0,0,0
160956.492187788,40,2133.2,2410.8,2736.6,0,0,738601.736261483,0,0,0
160956.532186855,40,2091.8,2310.6,2685.8,0,0,738601.736261946,0,0,0
160956.572185921,40,2068.4,2227.6,2536.6,0,0,738601.736262409,0,0,0
160956.612184988,40,2045.4,2175.2,2410.4,0,0,738601.736262872,0,0,0
160956.652184054,40,2044.2,2161,2344.8,0,0,738601.736263335,0,0,0
160956.69218312,40,2044.6,2169.2,2367,0,0,738601.736263798,0,0,0
160956.732182187,40,2058.6,2204.6,2474,0,0,738601.736264261,0,0,0
160956.772181253,40,2079.2,2277.2,2636.2,0,0,738601.736264724,0,0,0
160956.81218032,40,2121.8,2378.4,2758.6,0,0,738601.736265187,0,0,0
160956.852179386,40,2172.8,2484.4,2689.8,0,0,738601.73626565,0,0,0
160956.892178452,40,2232.6,2502.8,2489.4,0,0,738601.736266113,0,0,0
160956.932177519,40,2267.2,2444.4,2332.4,0,0,738601.736266576,0,0,0
160956.972176585,40,2275,2352.6,2226.8,0,0,738601.736267039,0,0,0
160957.012175652,40,2253,2291.4,2178.4,0,0,738601.736267502,0,0,0
160957.052174718,40,2240.8,2261.6,2153.2,0,0,738601.736267965,0,0,0
160957.092173784,40,2251.6,2283.4,2171.4,0,0,738601.736268428,0,0,0
160957.132172851,40,2265.6,2319,2204.4,0,0,738601.736268891,0,0,0
160957.172171917,40,2271.2,2370,2251.4,0,0,738601.736269354,0,0,0
160957.212170984,40,2268.4,2426,2328.8,0,0,738601.736269817,0,0,0
160957.25217005,40,2235.4,2472.4,2450.6,0,0,738601.736270279,0,0,0
160957.292169116,40,2186.8,2470.4,2613.6,0,0,738601.736270742,0,0,0
160957.332168183,40,2131.6,2403,2722.8,0,0,738601.736271205,0,0,0
160957.372167249,40,2091,2305.4,2672.6,0,0,738601.736271668,0,0,0
160957.412166316,40,2062.8,2223,2531.8,0,0,738601.736272131,0,0,0
160957.452165382,40,2045.8,2175.8,2397.2,0,0,738601.736272594,0,0,0
160957.492164448,40,2040,2159.4,2340.2,0,0,738601.736273057,0,0,0
160957.532163515,40,2044.8,2164.8,2357.2,0,0,738601.73627352,0,0,0
160957.572162581,40,2058.4,2198.2,2446.2,0,0,738601.736273983,0,0,0
160957.612161648,40,2081.4,2274.2,2628.4,0,0,738601.736274446,0,0,0
160957.652160714,40,2120,2382.4,2744.2,0,0,738601.736274909,0,0,0
160957.69215978,40,2176.2,2488.8,2676.6,0,0,738601.736275372,0,0,0
160957.732158847,40,2238,2499.8,2483.4,0,0,738601.736275835,0,0,0
160957.772157913,40,2267.6,2435.6,2323,0,0,738601.736276298,0,0,0
160957.81215698,40,2274.2,2359.6,2236.6,0,0,738601.736276761,0,0,0
160957.852156046,40,2257,2304.4,2186.6,0,0,738601.736277224,0,0,0
160957.892155112,40,2246.2,2270.4,2162.2,0,0,738601.736277687,0,0,0
160957.932154179,40,2252.2,2283,2169.4,0,0,738601.73627815,0,0,0
160957.972153245,40,2259.4,2314.8,2201.4,0,0,738601.736278613,0,0,0
160958.012152312,40,2268.4,2350.6,2235.2,0,0,738601.736279075,0,0,0
160958.052151378,40,2270.4,2402.4,2299.2,0,0,738601.736279538,0,0,0
160958.092150444,40,2254.4,2470.2,2403.2,0,0,738601.736280001,0,0,0
160958.132149511,40,2210.2,2488.2,2543,0,0,738601.736280464,0,0,0
160958.172148577,40,2156.8,2452.8,2680.6,0,0,738601.736280927,0,0,0
160958.212147644,40,2108.8,2349.8,2697.4,0,0,738601.73628139,0,0,0
160958.25214671,40,2073.8,2257.4,2590.6,0,0,738601.736281853,0,0,0
160958.292145776,40,2052,2193.2,2445,0,0,738601.736282316,0,0,0
160958.332144843,40,2041,2157,2344.2,0,0,738601.736282779,0,0,0
160958.372143909,40,2040,2147.6,2323.2,0,0,738601.736283242,0,0,0
160958.412142976,40,2046.8,2169.2,2372,0,0,738601.736283705,0,0,0
160958.452142042,40,2062.4,2215.8,2502.6,0,0,738601.736284168,0,0,0
160958.492141108,40,2090.6,2308,2680.8,0,0,738601.736284631,0,0,0
160958.532140175,40,2144.6,2424.8,2733.2,0,0,738601.736285094,0,0,0
160958.572139241,40,2198.6,2502.2,2600.2,0,0,738601.736285557,0,0,0
160958.612138308,40,2253.4,2484.2,2408.4,0,0,738601.73628602,0,0,0
160958.652137374,40,2273.2,2403,2284,0,0,738601.736286483,0,0,0
160958.69213644,40,2266.8,2329,2208.4,0,0,738601.736286946,0,0,0
160958.732135507,40,2255,2285.8,2174.2,0,0,738601.736287409,0,0,0
160958.772134573,40,2247.6,2266,2159.4,0,0,738601.736287872,0,0,0
160958.81213364,40,2250.6,2281,2171.6,0,0,738601.736288335,0,0,0
160958.852132706,40,2263.6,2313.8,2194.4,0,0,738601.736288798,0,0,0
160958.892131772,40,2271.4,2358.4,2242.2,0,0,738601.73628926,0,0,0
160958.932130839,40,2267.4,2414.6,2322.4,0,0,738601.736289723,0,0,0
160958.972129905,40,2243,2477.2,2441.2,0,0,738601.736290186,0,0,0
160959.012128972,40,2195.2,2482.8,2594.2,0,0,738601.736290649,0,0,0
160959.052128038,40,2141.6,2416.2,2702.2,0,0,738601.736291112,0,0,0
160959.092127104,40,2094.8,2320.2,2687.4,0,0,738601.736291575,0,0,0
160959.132126171,40,2069.8,2235.2,2562.6,0,0,738601.736292038,0,0,0
160959.172125237,40,2051.2,2184.4,2427.8,0,0,738601.736292501,0,0,0
160959.212124304,40,2045.4,2160,2350,0,0,738601.736292964,0,0,0
160959.25212337,40,2043.6,2160.4,2358.6,0,0,738601.736293427,0,0,0
160959.292122436,40,2055.8,2193.6,2423.6,0,0,738601.73629389,0,0,0
160959.332121503,40,2073.4,2251.2,2589,0,0,738601.736294353,0,0,0
160959.372120569,40,2115,2360.6,2742.8,0,0,738601.736294816,0,0,0
160959.412119636,40,2166.4,2472.8,2703,0,0,738601.736295279,0,0,0
160959.452118702,40,2232.2,2510.4,2525.4,0,0,738601.736295742,0,0,0
160959.492117768,40,2265,2451,2349,0,0,738601.736296205,0,0,0
160959.532116835,40,2275.2,2372.8,2246.4,0,0,738601.736296668,0,0,0
160959.572115901,40,2256.4,2308.4,2186.6,0,0,738601.736297131,0,0,0
160959.612114968,40,2237.4,2268.6,2156.4,0,0,738601.736297594,0,0,0
160959.652114034,40,2249.2,2272,2161.4,0,0,738601.736298057,0,0,0
160959.6921131,40,2258.2,2301.4,2186.2,0,0,738601.73629852,0,0,0
160959.732112167,40,2269.4,2343.2,2227.2,0,0,738601.736298983,0,0,0
160959.772111233,40,2268.6,2390.8,2287.8,0,0,738601.736299445,0,0,0
160959.8121103,40,2245.4,2456.2,2399.2,0,0,738601.736299908,0,0,0
160959.852109366,40,2208.6,2491.8,2562.8,0,0,738601.736300371,0,0,0
160959.892108432,40,2150.6,2433.6,2707.2,0,0,738601.736300834,0,0,0
160959.932107499,40,2101.6,2334.4,2713.4,0,0,738601.736301297,0,0,0
160959.972106565,40,2071.2,2246.2,2580.4,0,0,738601.73630176,0,0,0
160960.012105632,40,2053.6,2186.2,2442.4,0,0,738601.736302223,0,0,0
160960.052104698,40,2041.6,2163.2,2357.8,0,0,738601.736302686,0,0,0
160960.092103764,40,2047.2,2174,2370.6,0,0,738601.736303149,0,0,0
160960.132102831,40,2056.8,2206.6,2474.4,0,0,738601.736303612,0,0,0
160960.172101897,40,2079.8,2269.6,2624.6,0,0,738601.736304075,0,0,0
160960.212100964,40,2113,2377.2,2765.4,0,0,738601.736304538,0,0,0
160960.25210003,40,2172.2,2489.4,2713,0,0,738601.736305001,0,0,0
160960.292099096,40,2229.6,2512.2,2515.2,0,0,738601.736305464,0,0,0
160960.332098163,40,2264.8,2448.4,2349.4,0,0,738601.736305927,0,0,0
160960.372097229,40,2270.2,2370,2239.6,0,0,738601.73630639,0,0,0
160960.412096296,40,2253.6,2300.2,2185.6,0,0,738601.736306853,0,0,0
160960.452095362,40,2240.6,2266,2157.2,0,0,738601.736307316,0,0,0
160960.492094428,40,2248.8,2273.6,2160.4,0,0,738601.736307779,0,0,0
160960.532093495,40,2259.2,2306.8,2190.4,0,0,738601.736308241,0,0,0
160960.572092561,40,2271.6,2355.2,2233.8,0,0,738601.736308704,0,0,0
160960.612091628,40,2266.4,2414.8,2304.6,0,0,738601.736309167,0,0,0
160960.652090694,40,2242.8,2454.6,2407.6,0,0,738601.73630963,0,0,0
160960.69208976,40,2193.6,2472.8,2563.8,0,0,738601.736310093,0,0,0
160960.732088827,40,2144.8,2421,2710.2,0,0,738601.736310556,0,0,0
160960.772087893,40,2101.8,2327.8,2721.2,0,0,738601.736311019,0,0,0
160960.81208696,40,2066.4,2242.2,2584,0,0,738601.736311482,0,0,0
160960.852086026,40,2049.4,2189.6,2443.8,0,0,738601.736311945,0,0,0
160960.892085092,40,2042,2156.2,2353.2,0,0,738601.736312408,0,0,0
160960.932084159,40,2040.8,2159.4,2349,0,0,738601.736312871,0,0,0
160960.972083225,40,2050.2,2179.4,2394.8,0,0,738601.736313334,0,0,0
160961.012082292,40,2063.4,2226.2,2524.2,0,0,738601.736313797,0,0,0
160961.052081358,40,2089.8,2310.4,2709.8,0,0,738601.73631426,0,0,0
160961.092080424,40,2131.8,2412,2798.8,0,0,738601.736314723,0,0,0
160961.132079491,40,2179,2501.8,2694.2,0,0,738601.736315186,0,0,0
160961.172078557,40,2237.2,2513,2504,0,0,738601.736315649,0,0,0
160961.212077624,40,2258.8,2457.8,2362.4,0,0,738601.736316112,0,0,0
160961.25207669,40,2270.4,2396.4,2270.8,0,0,738601.736316575,0,0,0
160961.292075756,40,2270.6,2344.2,2221.4,0,0,738601.736317038,0,0,0
160961.332074823,40,2264,2316.2,2194.8,0,0,738601.736317501,0,0,0
160961.372073889,40,2259.4,2304.6,2191,0,0,738601.736317963,0,0,0
160961.412072956,40,2260.2,2313.4,2196.8,0,0,738601.736318426,0,0,0
160961.452072022,40,2268.2,2326.6,2214.4,0,0,738601.736318889,0,0,0
160961.492071088,40,2261.6,2329,2215.6,0,0,738601.736319352,0,0,0
160961.532070155,40,2267.4,2333,2218.2,0,0,738601.736319815,0,0,0
160961.572069221,40,2270.2,2343.4,2227,0,0,738601.736320278,0,0,0
160961.612068288,40,2272,2353,2235.8,0,0,738601.736320741,0,0,0
160961.652067354,40,2269.6,2353.2,2234.2,0,0,738601.736321204,0,0,0
160961.69206642,40,2271.4,2358.2,2240.2,0,0,738601.736321667,0,0,0
160961.732065487,40,2273,2364.4,2248.2,0,0,738601.73632213,0,0,0
160961.772064553,40,2273,2370.4,2254,0,0,738601.736322593,0,0,0
160961.81206362,40,2270.2,2373.2,2257.2,0,0,738601.736323056,0,0,0
160961.852062686,40,2274,2375.8,2263,0,0,738601.736323519,0,0,0
160961.892061752,40,2269.6,2380.4,2268.6,0,0,738601.736323982,0,0,0
160961.932060819,40,2274,2393.4,2277.2,0,0,738601.736324445,0,0,0
160961.972059885,40,2272.8,2400.6,2284.8,0,0,738601.736324908,0,0,0
160962.012058952,40,2274,2400.4,2290,0,0,738601.736325371,0,0,0
160962.052058018,40,2272.4,2403.6,2297.4,0,0,738601.736325834,0,0,0
160962.092057084,40,2270.8,2408.2,2300.2,0,0,738601.736326297,0,0,0
160962.132056151,40,2268.4,2411.8,2306.6,0,0,738601.73632676,0,0,0
160962.172055217,40,2268.2,2417.2,2312,0,0,738601.736327223,0,0,0
160962.212054284,40,2263,2417.2,2319.8,0,0,738601.736327686,0,0,0
160962.25205335,40,2267.6,2429.8,2334.2,0,0,738601.736328149,0,0,0
160962.292052416,40,2263.6,2432.2,2336.6,0,0,738601.736328611,0,0,0
160962.332051483,40,2268.6,2439.4,2343.6,0,0,738601.736329074,0,0,0
160962.372050549,40,2266.4,2444.4,2351.6,0,0,738601.736329537,0,0,0
160962.412049616,40,2257.4,2441.2,2355.4,0,0,738601.73633,0,0,0
160962.452048682,40,2258.8,2443.2,2366,0,0,738601.736330463,0,0,0
160962.492047748,40,2259.2,2445,2367.4,0,0,738601.736330926,0,0,0
160962.532046815,40,2261.8,2448.2,2377.4,0,0,738601.736331389,0,0,0
160962.572045881,40,2255.4,2456,2385.8,0,0,738601.736331852,0,0,0
160962.612044948,40,2253,2457.2,2394.8,0,0,738601.736332315,0,0,0
160962.652044014,40,2254,2461.8,2398.8,0,0,738601.736332778,0,0,0
160962.69204308,40,2248.6,2462,2401.4,0,0,738601.736333241,0,0,0
160962.732042147,40,2248.4,2467.2,2410.6,0,0,738601.736333704,0,0,0
160962.772041213,40,2246.2,2469,2421.6,0,0,738601.736334167,0,0,0
160962.81204028,40,2245.8,2473.4,2430.4,0,0,738601.73633463,0,0,0
160962.852039346,40,2242.2,2474.2,2437.4,0,0,738601.736335093,0,0,0
160962.892038412,40,2242.4,2482,2449,0,0,738601.736335556,0,0,0
160962.932037479,40,2237.8,2475.4,2452,0,0,738601.736336019,0,0,0
160962.972036545,40,2237.8,2480.6,2464.2,0,0,738601.736336482,0,0,0
160963.012035612,40,2233.4,2483,2467.6,0,0,738601.736336945,0,0,0
160963.052034678,40,2234.4,2487,2473.6,0,0,738601.736337407,0,0,0
160963.092033744,40,2233.2,2488.2,2487.4,0,0,738601.73633787,0,0,0
160963.132032811,40,2230.6,2490.8,2494.8,0,0,738601.736338333,0,0,0
160963.172031877,40,2227,2490.4,2504.2,0,0,738601.736338796,0,0,0
160963.212030944,40,2223.6,2497.4,2510.8,0,0,738601.736339259,0,0,0
160963.25203001,40,2220.4,2489.8,2517,0,0,738601.736339722,0,0,0
160963.292029076,40,2216.4,2489.6,2523,0,0,738601.736340185,0,0,0
160963.332028143,40,2215.2,2493.8,2541.6,0,0,738601.736340648,0,0,0
160963.372027209,40,2215.8,2496,2553.6,0,0,738601.736341111,0,0,0
160963.412026276,40,2213,2509,2560.2,0,0,738601.736341574,0,0,0
160963.452025342,40,2210,2506.4,2576.8,0,0,738601.736342037,0,0,0
160963.492024408,40,2205.4,2510,2588,0,0,738601.7363425,0,0,0
160963.532023475,40,2203.2,2511.8,2605,0,0,738601.736342963,0,0,0
160963.572022541,40,2202.8,2511.2,2608.6,0,0,738601.736343426,0,0,0
160963.612021608,40,2202.2,2508.8,2617,0,0,738601.736343889,0,0,0
