226381.756126486,40,2036.8,2148.4,2306.6,0,0,738595.849661529,0,0,0
226381.796125553,40,2035.8,2146.4,2303.6,0,0,738595.849661992,0,0,0
226381.836124619,40,2036.6,2149.2,2291.4,0,0,738595.849662455,0,0,0
226381.876123686,40,2034.4,2147.8,2288.8,0,0,738595.849662918,0,0,0
226381.916122752,40,2037.4,2146,2285.6,0,0,738595.849663381,0,0,0
226381.956121818,40,2037.8,2140.8,2281.6,0,0,738595.849663844,0,0,0
226381.996120885,40,2033.6,2144.2,2282,0,0,738595.849664307,0,0,0
226382.036119951,40,2031.2,2138.4,2271,0,0,738595.84966477,0,0,0
226382.076119018,40,2035.6,2133.8,2267.8,0,0,738595.849665232,0,0,0
226382.116118084,40,2031.4,2136.4,2267.8,0,0,738595.849665695,0,0,0
226382.15611715,40,2034.6,2132.2,2258.2,0,0,738595.849666158,0,0,0
226382.196116217,40,2033.4,2131.2,2252.2,0,0,738595.849666621,0,0,0
226382.236115283,40,2034,2131,2250.6,0,0,738595.849667084,0,0,0
226382.27611435,40,2033.8,2126.4,2247.2,0,0,738595.849667547,0,0,0
226382.316113416,40,2033.8,2129,2244.4,0,0,738595.84966801,0,0,0
226382.356112482,40,2030.6,2127.6,2242,0,0,738595.849668473,0,0,0
226382.396111549,40,2032,2121.2,2235,0,0,738595.849668936,0,0,0
226382.436110615,40,2033,2124.4,2230.4,0,0,738595.849669399,0,0,0
226382.476109682,40,2030.4,2123.8,2232,0,0,738595.849669862,0,0,0
226382.516108748,40,2027.6,2116.8,2224,0,0,738595.849670325,0,0,0
226382.556107814,40,2025.4,2118.4,2218.8,0,0,738595.849670788,0,0,0
226382.596106881,40,2031,2120.6,2215.6,0,0,738595.849671251,0,0,0
226382.636105947,40,2028,2119.4,2213,0,0,738595.849671714,0,0,0
226382.676105014,40,2028.2,2114,2208.4,0,0,738595.849672177,0,0,0
226382.71610408,40,2027,2117,2208.2,0,0,738595.84967264,0,0,0
226382.756103146,40,2026.4,2117,2200.8,0,0,738595.849673103,0,0,0
226382.796102213,40,2025,2115,2200.8,0,0,738595.849673566,0,0,0
226382.836101279,40,2022.8,2110.2,2195.8,0,0,738595.849674029,0,0,0
226382.876100346,40,2024.6,2112,2191.6,0,0,738595.849674492,0,0,0
226382.916099412,40,2025.8,2113,2191,0,0,738595.849674955,0,0,0
226382.956098478,40,2024.2,2105.2,2187.4,0,0,738595.849675417,0,0,0
226382.996097545,40,2026.4,2108.6,2186.4,0,0,738595.84967588,0,0,0
226383.036096611,40,2022.2,2107,2178.8,0,0,738595.849676343,0,0,0
226383.076095678,40,2027.6,2108.2,2175.4,0,0,738595.849676806,0,0,0
226383.116094744,40,2022.2,2107.4,2172.4,0,0,738595.849677269,0,0,0
226383.15609381,40,2026.6,2108,2168.4,0,0,738595.849677732,0,0,0
226383.196092877,40,2030,2101.8,2166.6,0,0,738595.849678195,0,0,0
226383.236091943,40,2023.8,2106.2,2166.8,0,0,738595.849678658,0,0,0
226383.27609101,40,2024.2,2101,2165.8,0,0,738595.849679121,0,0,0
226383.316090076,40,2023.2,2105,2161.6,0,0,738595.849679584,0,0,0
226383.356089142,40,2020.4,2101.8,2159.4,0,0,738595.849680047,0,0,0
226383.396088209,40,2018.6,2099,2154.8,0,0,738595.84968051,0,0,0
226383.436087275,40,2021.6,2097,2154.6,0,0,738595.849680973,0,0,0
226383.476086342,40,2020.6,2099.8,2146.4,0,0,738595.849681436,0,0,0
226383.516085408,40,2025.2,2095.8,2147,0,0,738595.849681899,0,0,0
226383.556084474,40,2018.6,2096.6,2146.4,0,0,738595.849682362,0,0,0
226383.596083541,40,2017.4,2094.8,2143.4,0,0,738595.849682825,0,0,0
226383.636082607,40,2020.2,2095.8,2142.2,0,0,738595.849683288,0,0,0
226383.676081674,40,2019.8,2093,2140,0,0,738595.849683751,0,0,0
226383.71608074,40,2022.6,2090.4,2134.2,0,0,738595.849684214,0,0,0
226383.756079806,40,2021.2,2091.4,2132.2,0,0,738595.849684677,0,0,0
226383.796078873,40,2022.8,2092,2128.6,0,0,738595.849685139,0,0,0
226383.836077939,40,2018.4,2088,2129.4,0,0,738595.849685602,0,0,0
226383.876077006,40,2019,2092.6,2129.4,0,0,738595.849686065,0,0,0
226383.916076072,40,2019.6,2087.6,2127.6,0,0,738595.849686528,0,0,0
226383.956075138,40,2016.6,2087.4,2123,0,0,738595.849686991,0,0,0
226383.996074205,40,2015.8,2085.2,2127.4,0,0,738595.849687454,0,0,0
226384.036073271,40,2017.6,2086.2,2122.2,0,0,738595.849687917,0,0,0
226384.076072338,40,2013,2085.4,2116,0,0,738595.84968838,0,0,0
226384.116071404,40,2015.2,2084.4,2119.4,0,0,738595.849688843,0,0,0
226384.15607047,40,2018,2089.6,2117.6,0,0,738595.849689306,0,0,0
226384.196069537,40,2016.2,2087.2,2114,0,0,738595.849689769,0,0,0
226384.236068603,40,2014,2087.4,2119.4,0,0,738595.849690232,0,0,0
226384.27606767,40,2017,2086.4,2116.6,0,0,738595.849690695,0,0,0
226384.316066736,40,2021.4,2082.6,2108.2,0,0,738595.849691158,0,0,0
226384.356065802,40,2017,2082.8,2109.2,0,0,738595.849691621,0,0,0
226384.396064869,40,2018.8,2084.8,2104.8,0,0,738595.849692084,0,0,0
226384.436063935,40,2015.6,2078.6,2108,0,0,738595.849692547,0,0,0
226384.476063002,40,2016.2,2082.8,2097.8,0,0,738595.84969301,0,0,0
226384.516062068,40,2016.2,2081.2,2105,0,0,738595.849693473,0,0,0
226384.556061134,40,2012.4,2079.4,2104.6,0,0,738595.849693936,0,0,0
226384.596060201,40,2018.8,2086.6,2100.4,0,0,738595.849694398,0,0,0
226384.636059267,40,2014.8,2083,2099,0,0,738595.849694861,0,0,0
226384.676058334,40,2012.6,2080.6,2099.4,0,0,738595.849695324,0,0,0
226384.7160574,40,2012.8,2077.8,2098,0,0,738595.849695787,0,0,0
226384.756056466,40,2019.4,2077.6,2093.6,0,0,738595.84969625,0,0,0
226384.796055533,40,2010.8,2079,2094,0,0,738595.849696713,0,0,0
226384.836054599,40,2010.6,2078.2,2093,0,0,738595.849697176,0,0,0
226384.876053666,40,2011.6,2079.6,2090.8,0,0,738595.849697639,0,0,0
226384.916052732,40,2014,2076.4,2091.8,0,0,738595.849698102,0,0,0
226384.956051798,40,2014.4,2075.4,2089,0,0,738595.849698565,0,0,0
226384.996050865,40,2016,2077.8,2084.6,0,0,738595.849699028,0,0,0
226385.036049931,40,2012,2074,2086.6,0,0,738595.849699491,0,0,0
226385.076048998,40,2011.4,2073,2083.4,0,0,738595.849699954,0,0,0
226385.116048064,40,2009.8,2070,2084.2,0,0,738595.849700417,0,0,0
226385.15604713,40,2012.4,2075.8,2081.6,0,0,738595.84970088,0,0,0
226385.196046197,40,2016.4,2077.6,2081.6,0,0,738595.849701343,0,0,0
226385.236045263,40,2010.8,2071.2,2087.2,0,0,738595.849701806,0,0,0
226385.27604433,40,2012.4,2074,2082.8,0,0,738595.849702269,0,0,0
226385.316043396,40,2011.4,2072,2079.8,0,0,738595.849702732,0,0,0
226385.356042462,40,2009,2077.2,2082.4,0,0,738595.849703195,0,0,0
226385.396041529,40,2013.4,2074.6,2081.6,0,0,738595.849703658,0,0,0
226385.436040595,40,2015,2071.2,2084.4,0,0,738595.849704121,0,0,0
226385.476039662,40,2013,2071.6,2083.4,0,0,738595.849704583,0,0,0
226385.516038728,40,2009,2074.2,2083.4,0,0,738595.849705046,0,0,0
226385.556037794,40,2012.6,2077,2078.4,0,0,738595.849705509,0,0,0
226385.596036861,40,2012.2,2075.6,2084.4,0,0,738595.849705972,0,0,0
226385.636035927,40,2013,2071.8,2081.8,0,0,738595.849706435,0,0,0
226385.676034994,40,2014.2,2073.2,2084.4,0,0,738595.849706898,0,0,0
226385.71603406,40,2012,2080.4,2082,0,0,738595.849707361,0,0,0
226385.756033126,40,2010.2,2073.6,2082.6,0,0,738595.849707824,0,0,0
226385.796032193,40,2011,2077,2081.4,0,0,738595.849708287,0,0,0
226385.836031259,40,2015.2,2071.2,2081.4,0,0,738595.84970875,0,0,0
226385.876030326,40,2010,2073,2084,0,0,738595.849709213,0,0,0
226385.916029392,40,2015.6,2078.8,2083.6,0,0,738595.849709676,0,0,0
226385.956028458,40,2013.2,2069.4,2082.8,0,0,738595.849710139,0,0,0
226385.996027525,40,2009.8,2074,2081,0,0,738595.849710602,0,0,0
226386.036026591,40,2014.4,2075.2,2086.4,0,0,738595.849711065,0,0,0
226386.076025658,40,2015.6,2074,2081.6,0,0,738595.849711528,0,0,0
226386.116024724,40,2010,2075.2,2086,0,0,738595.849711991,0,0,0
226386.15602379,40,2014.4,2075.2,2086.2,0,0,738595.849712454,0,0,0
226386.196022857,40,2011,2074.2,2079.8,0,0,738595.849712917,0,0,0
226386.236021923,40,2012.2,2074.6,2083,0,0,738595.84971338,0,0,0
226386.27602099,40,2014.4,2076.4,2087.8,0,0,738595.849713843,0,0,0
226386.316020056,40,2013,2069.2,2085.2,0,0,738595.849714305,0,0,0
226386.356019122,40,2010.4,2072,2087.2,0,0,738595.849714768,0,0,0
226386.396018189,40,2014.4,2071.4,2084,0,0,738595.849715231,0,0,0
226386.436017255,40,2012.8,2074.2,2083,0,0,738595.849715694,0,0,0
226386.476016322,40,2010,2076,2082,0,0,738595.849716157,0,0,0
226386.516015388,40,2012.8,2074.6,2080,0,0,738595.84971662,0,0,0
226386.556014454,40,2009,2069.2,2083,0,0,738595.849717083,0,0,0
226386.596013521,40,2011.4,2072.4,2081,0,0,738595.849717546,0,0,0
226386.636012587,40,2008.2,2071.8,2083.8,0,0,738595.849718009,0,0,0
226386.676011654,40,2011.2,2076,2082.8,0,0,738595.849718472,0,0,0
226386.71601072,40,2012,2070.6,2083.2,0,0,738595.849718935,0,0,0
226386.756009786,40,2012.8,2070.8,2079.4,0,0,738595.849719398,0,0,0
226386.796008853,40,2014.8,2070,2078.8,0,0,738595.849719861,0,0,0
226386.836007919,40,2015,2076.4,2080.6,0,0,738595.849720324,0,0,0
226386.876006986,40,2009.8,2073.6,2081.6,0,0,738595.849720787,0,0,0
226386.916006052,40,2007.4,2069.8,2083.8,0,0,738595.84972125,0,0,0
226386.956005118,40,2009.8,2074,2081.8,0,0,738595.849721713,0,0,0
226386.996004185,40,2010,2075.2,2083.2,0,0,738595.849722176,0,0,0
226387.036003251,40,2005.6,2074.2,2084.6,0,0,738595.849722639,0,0,0
226387.076002318,40,2010.8,2073.8,2083.6,0,0,738595.849723101,0,0,0
226387.116001384,40,2011.8,2074,2083,0,0,738595.849723564,0,0,0
226387.15600045,40,2014.4,2074.2,2087.2,0,0,738595.849724027,0,0,0
226387.195999517,40,2015.8,2069,2086.2,0,0,738595.84972449,0,0,0
226387.235998583,40,2011.8,2076,2084.6,0,0,738595.849724953,0,0,0
226387.27599765,40,2010.8,2070.4,2083.2,0,0,738595.849725416,0,0,0
226387.315996716,40,2012.2,2073.2,2085.6,0,0,738595.849725879,0,0,0
226387.355995782,40,2011.2,2072,2083.4,0,0,738595.849726342,0,0,0
226387.395994849,40,2014.6,2072.6,2081.8,0,0,738595.849726805,0,0,0
226387.435993915,40,2014.2,2072.6,2083.2,0,0,738595.849727268,0,0,0
226387.475992982,40,2015,2072.4,2081.4,0,0,738595.849727731,0,0,0
226387.515992048,40,2017.2,2076.6,2081.8,0,0,738595.849728194,0,0,0
226387.555991114,40,2015.6,2075.6,2081.8,0,0,738595.849728657,0,0,0
226387.595990181,40,2015.8,2073,2080.2,0,0,738595.84972912,0,0,0
226387.635989247,40,2013.6,2071.2,2080.4,0,0,738595.849729583,0,0,0
226387.675988314,40,2010.2,2070.4,2084.8,0,0,738595.849730046,0,0,0
226387.71598738,40,2012.2,2078.4,2080,0,0,738595.849730509,0,0,0
226387.755986446,40,2011.6,2076.4,2083,0,0,738595.849730972,0,0,0
226387.795985513,40,2011.8,2074.8,2084.2,0,0,738595.849731435,0,0,0
226387.835984579,40,2010.6,2071.6,2081.2,0,0,738595.849731898,0,0,0
226387.875983646,40,2009.2,2076,2082.2,0,0,738595.849732361,0,0,0
226387.915982712,40,2013.6,2074.4,2081,0,0,738595.849732824,0,0,0
226387.955981778,40,2013.4,2075.2,2083.6,0,0,738595.849733287,0,0,0
226387.995980845,40,2013.4,2070.6,2083.4,0,0,738595.849733749,0,0,0
226388.035979911,40,2014.4,2073.6,2083.6,0,0,738595.849734212,0,0,0
226388.075978978,40,2009.2,2069.6,2080,0,0,738595.849734675,0,0,0
226388.115978044,40,2011.6,2074,2086.6,0,0,738595.849735138,0,0,0
226388.15597711,40,2011.4,2071.6,2082,0,0,738595.849735601,0,0,0
226388.195976177,40,2011.2,2073.8,2081.8,0,0,738595.849736064,0,0,0
226388.235975243,40,2015.8,2076.6,2081,0,0,738595.849736527,0,0,0
226388.27597431,40,2012.4,2070.4,2082.6,0,0,738595.84973699,0,0,0
226388.315973376,40,2011,2074.6,2081.4,0,0,738595.849737453,0,0,0
226388.355972442,40,2011.2,2076.8,2083.2,0,0,738595.849737916,0,0,0
226388.395971509,40,2015.4,2071.2,2082.2,0,0,738595.849738379,0,0,0
226388.435970575,40,2011.2,2076.4,2083.8,0,0,738595.849738842,0,0,0
226388.475969642,40,2011,2072.4,2081.8,0,0,738595.849739305,0,0,0
226388.515968708,40,2009.8,2070.8,2081.8,0,0,738595.849739768,0,0,0
226388.555967774,40,2015.6,2073.8,2081.8,0,0,738595.849740231,0,0,0
226388.595966841,40,2012.2,2071,2083.2,0,0,738595.849740694,0,0,0
226388.635965907,40,2014,2072.4,2083.2,0,0,738595.849741157,0,0,0
226388.675964974,40,2011.6,2075.2,2082.6,0,0,738595.84974162,0,0,0
226388.71596404,40,2011.6,2073.4,2080,0,0,738595.849742083,0,0,0
226388.755963106,40,2011,2071.2,2083.4,0,0,738595.849742546,0,0,0
226388.795962173,40,2013.2,2074.4,2082.2,0,0,738595.849743008,0,0,0
226388.835961239,40,2009.6,2071,2084.8,0,0,738595.849743471,0,0,0
226388.875960306,40,2010.2,2073.4,2078.4,0,0,738595.849743934,0,0,0
226388.915959372,40,2009,2072.6,2082.8,0,0,738595.849744397,0,0,0
226388.955958438,40,2013,2071.6,2082.4,0,0,738595.84974486,0,0,0
226388.995957505,40,2011.4,2072.2,2084.6,0,0,738595.849745323,0,0,0
226389.035956571,40,2011.8,2073,2077.2,0,0,738595.849745786,0,0,0
226389.075955638,40,2013.6,2074.2,2079,0,0,738595.849746249,0,0,0
226389.115954704,40,2012.2,2074.4,2082.6,0,0,738595.849746712,0,0,0
226389.15595377,40,2011.6,2070.6,2084.2,0,0,738595.849747175,0,0,0
226389.195952837,40,2008.4,2070.2,2086.2,0,0,738595.849747638,0,0,0
226389.235951903,40,2012,2075.8,2078.8,0,0,738595.849748101,0,0,0
226389.27595097,40,2009.8,2071.6,2084.6,0,0,738595.849748564,0,0,0
226389.315950036,40,2011.8,2076,2082.6,0,0,738595.849749027,0,0,0
226389.355949102,40,2011,2073,2082.4,0,0,738595.84974949,0,0,0
226389.395948169,40,2009.4,2075.4,2083.2,0,0,738595.849749953,0,0,0
226389.435947235,40,2009,2072.8,2085.4,0,0,738595.849750416,0,0,0
226389.475946302,40,2011.2,2075.2,2076.8,0,0,738595.849750879,0,0,0
226389.515945368,40,2010.2,2073,2081.2,0,0,738595.849751342,0,0,0
226389.555944434,40,2011.2,2072.2,2080,0,0,738595.849751805,0,0,0
226389.595943501,40,2011.8,2070.4,2082,0,0,738595.849752267,0,0,0
226389.635942567,40,2012.4,2076,2082.6,0,0,738595.84975273,0,0,0
226389.675941634,40,2009.2,2072.6,2084.2,0,0,738595.849753193,0,0,0
226389.7159407,40,2012.2,2071.6,2084.4,0,0,738595.849753656,0,0,0
226389.755939766,40,2014,2071.2,2083.2,0,0,738595.849754119,0,0,0
226389.795938833,40,2011,2072.6,2083,0,0,738595.849754582,0,0,0
226389.835937899,40,2011.8,2073.4,2078.4,0,0,738595.849755045,0,0,0
226389.875936966,40,2014.6,2073.8,2077.8,0,0,738595.849755508,0,0,0
226389.915936032,40,2008.6,2073.4,2081.4,0,0,738595.849755971,0,0,0
226389.955935098,40,2011.2,2069.2,2082.6,0,0,738595.849756434,0,0,0
226389.995934165,40,2016.2,2073.6,2083.2,0,0,738595.849756897,0,0,0
226390.035933231,40,2011.6,2071.4,2084.6,0,0,738595.84975736,0,0,0
226390.075932298,40,2011.2,2075,2084.4,0,0,738595.849757823,0,0,0
226390.115931364,40,2013.2,2074.6,2083,0,0,738595.849758286,0,0,0
226390.15593043,40,2008.4,2076.2,2079.6,0,0,738595.849758749,0,0,0
226390.195929497,40,2010.6,2076.6,2080.6,0,0,738595.849759212,0,0,0
226390.235928563,40,2011.8,2075,2080,0,0,738595.849759675,0,0,0
226390.27592763,40,2013.2,2071.8,2082.8,0,0,738595.849760138,0,0,0
226390.315926696,40,2014.2,2072,2082.4,0,0,738595.849760601,0,0,0
226390.355925762,40,2013.8,2074,2085.4,0,0,738595.849761064,0,0,0
226390.395924829,40,2011.8,2075.8,2082.6,0,0,738595.849761527,0,0,0
226390.435923895,40,2014.2,2073.4,2083.4,0,0,738595.84976199,0,0,0
226390.475922962,40,2010.4,2070.4,2087.2,0,0,738595.849762452,0,0,0
226390.515922028,40,2012,2072.2,2082.2,0,0,738595.849762915,0,0,0
226390.555921094,40,2011.2,2075.2,2085.8,0,0,738595.849763378,0,0,0
226390.595920161,40,2012.2,2075.4,2084.2,0,0,738595.849763841,0,0,0
226390.635919227,40,2010,2070.8,2088.8,0,0,738595.849764304,0,0,0
226390.675918294,40,2015.8,2073.8,2078.4,0,0,738595.849764767,0,0,0
226390.71591736,40,2013.6,2071.8,2085.4,0,0,738595.84976523,0,0,0
226390.755916426,40,2010,2077.8,2082.4,0,0,738595.849765693,0,0,0
226390.795915493,40,2013.4,2073.6,2080.6,0,0,738595.849766156,0,0,0
226390.835914559,40,2012.4,2073,2081.2,0,0,738595.849766619,0,0,0
226390.875913626,40,2013.8,2072,2085.8,0,0,738595.849767082,0,0,0
226390.915912692,40,2013.6,2070.4,2083.4,0,0,738595.849767545,0,0,0
226390.955911758,40,2013,2072.4,2084,0,0,738595.849768008,0,0,0
226390.995910825,40,2013,2074,2086.4,0,0,738595.849768471,0,0,0
226391.035909891,40,2009.8,2072.2,2082.4,0,0,738595.849768934,0,0,0
226391.075908958,40,2014,2074.2,2086.2,0,0,738595.849769397,0,0,0
226391.115908024,40,2015.8,2074,2082.2,0,0,738595.84976986,0,0,0
226391.15590709,40,2014,2073,2084.6,0,0,738595.849770323,0,0,0
226391.195906157,40,2014.6,2073.4,2086.4,0,0,738595.849770786,0,0,0
226391.235905223,40,2009.6,2072.8,2086.2,0,0,738595.849771249,0,0,0
226391.27590429,40,2011.6,2073,2086.6,0,0,738595.849771712,0,0,0
226391.315903356,40,2011.8,2076.4,2083.4,0,0,738595.849772174,0,0,0
226391.355902422,40,2014.4,2072.8,2081.2,0,0,738595.849772637,0,0,0
226391.395901489,40,2009.2,2077.6,2080.4,0,0,738595.8497731,0,0,0
226391.435900555,40,2009.2,2075.4,2085.6,0,0,738595.849773563,0,0,0
226391.475899622,40,2013.2,2079.2,2082.8,0,0,738595.849774026,0,0,0
226391.515898688,40,2015.6,2074.2,2084.4,0,0,738595.849774489,0,0,0
226391.555897754,40,2012.8,2076.8,2082.8,0,0,738595.849774952,0,0,0
226391.595896821,40,2010.4,2071.6,2086,0,0,738595.849775415,0,0,0
226391.635895887,40,2012.6,2076.4,2081,0,0,738595.849775878,0,0,0
226391.675894954,40,2010.4,2071,2086,0,0,738595.849776341,0,0,0
226391.71589402,40,2010.8,2071.2,2076.4,0,0,738595.849776804,0,0,0
226391.755893086,40,2014,2075.8,2078.4,0,0,738595.849777267,0,0,0
226391.795892153,40,2011.2,2072.2,2084.4,0,0,738595.84977773,0,0,0
226391.835891219,40,2015.6,2074.4,2079.8,0,0,738595.849778193,0,0,0
226391.875890286,40,2011.6,2074.8,2085,0,0,738595.849778656,0,0,0
226391.915889352,40,2010.2,2072.6,2083,0,0,738595.849779119,0,0,0
226391.955888418,40,2013.6,2073.6,2083.2,0,0,738595.849779582,0,0,0
226391.995887485,40,2015.6,2074.4,2081.4,0,0,738595.849780045,0,0,0
226392.035886551,40,2014.8,2074,2083,0,0,738595.849780508,0,0,0
226392.075885618,40,2013,2072.6,2079.8,0,0,738595.849780971,0,0,0
226392.115884684,40,2009.8,2073.6,2082.6,0,0,738595.849781433,0,0,0
226392.15588375,40,2011.4,2073,2083.8,0,0,738595.849781896,0,0,0
226392.195882817,40,2010.8,2073,2085,0,0,738595.849782359,0,0,0
226392.235881883,40,2012.8,2073.4,2081.8,0,0,738595.849782822,0,0,0
226392.27588095,40,2014.2,2072.6,2083.4,0,0,738595.849783285,0,0,0
226392.315880016,40,2011,2075.8,2089.4,0,0,738595.849783748,0,0,0
226392.355879082,40,2012.2,2078.8,2095.8,0,0,738595.849784211,0,0,0
226392.395878149,40,2016.4,2086.4,2105.4,0,0,738595.849784674,0,0,0
226392.435877215,40,2017.4,2092,2128.8,0,0,738595.849785137,0,0,0
226392.475876282,40,2023.4,2106.8,2165,0,0,738595.8497856,0,0,0
226392.515875348,40,2030.4,2129,2232.8,0,0,738595.849786063,0,0,0
226392.555874414,40,2042.6,2167,2336,0,0,738595.849786526,0,0,0
226392.595873481,40,2066.2,2226,2504.4,0,0,738595.849786989,0,0,0
226392.635872547,40,2103.2,2341.8,2697,0,0,738595.849787452,0,0,0
226392.675871614,40,2161.2,2501.6,2793.8,0,0,738595.849787915,0,0,0
226392.71587068,40,2255.4,2657.4,2701.4,0,0,738595.849788378,0,0,0
226392.755869746,40,2369.2,2719.2,2540.2,0,0,738595.849788841,0,0,0
226392.795868813,40,2475.2,2669.8,2389.6,0,0,738595.849789304,0,0,0
226392.835867879,40,2533.8,2560.8,2288.8,0,0,738595.849789767,0,0,0
226392.875866946,40,2551.4,2457.8,2220,0,0,738595.84979023,0,0,0
226392.915866012,40,2533,2390.2,2178.2,0,0,738595.849790693,0,0,0
226392.955865078,40,2518,2349.6,2160.8,0,0,738595.849791156,0,0,0
226392.995864145,40,2514.6,2343,2151.4,0,0,738595.849791618,0,0,0
226393.035863211,40,2543,2367.6,2162.8,0,0,738595.849792081,0,0,0
226393.075862278,40,2572.2,2398.2,2172.4,0,0,738595.849792544,0,0,0
226393.115861344,40,2592.8,2418.6,2186.4,0,0,738595.849793007,0,0,0
226393.15586041,40,2610,2476.2,2209.4,0,0,738595.84979347,0,0,0
226393.195859477,40,2626.6,2568.8,2251.8,0,0,738595.849793933,0,0,0
226393.235858543,40,2579.8,2701.4,2347.8,0,0,738595.849794396,0,0,0
226393.27585761,40,2476.2,2814.4,2496.6,0,0,738595.849794859,0,0,0
226393.315856676,40,2330.4,2804.8,2708.6,0,0,738595.849795322,0,0,0
226393.355855742,40,2201.8,2614.4,2866.2,0,0,738595.849795785,0,0,0
226393.395854809,40,2119.8,2400,2808.4,0,0,738595.849796248,0,0,0
226393.435853875,40,2073,2261.6,2595,0,0,738595.849796711,0,0,0
226393.475852942,40,2050,2182.8,2397.2,0,0,738595.849797174,0,0,0
226393.515852008,40,2037.8,2142,2285,0,0,738595.849797637,0,0,0
226393.555851074,40,2026.8,2121.4,2215.6,0,0,738595.8497981,0,0,0
226393.595850141,40,2021.8,2110.6,2189.2,0,0,738595.849798563,0,0,0
226393.635849207,40,2027.2,2112.8,2190.2,0,0,738595.849799026,0,0,0
226393.675848274,40,2032,2117.8,2211,0,0,738595.849799489,0,0,0
226393.71584734,40,2039.2,2135.2,2250.6,0,0,738595.849799952,0,0,0
226393.755846406,40,2050.4,2165.2,2338.2,0,0,738595.849800415,0,0,0
226393.795845473,40,2062.4,2230,2497.8,0,0,738595.849800878,0,0,0
226393.835844539,40,2098.6,2336.4,2689,0,0,738595.84980134,0,0,0
226393.875843606,40,2170.2,2498.6,2753.6,0,0,738595.849801803,0,0,0
226393.915842672,40,2267.8,2657.6,2678,0,0,738595.849802266,0,0,0
226393.955841738,40,2392.8,2715.8,2509.6,0,0,738595.849802729,0,0,0
226393.995840805,40,2499.6,2644.4,2359.4,0,0,738595.849803192,0,0,0
226394.035839871,40,2564.2,2533,2262.8,0,0,738595.849803655,0,0,0
226394.075838938,40,2558.4,2436,2200,0,0,738595.849804118,0,0,0
226394.115838004,40,2541,2380.2,2170,0,0,738595.849804581,0,0,0
226394.15583707,40,2541.8,2370.2,2162.4,0,0,738595.849805044,0,0,0
226394.195836137,40,2578.4,2399.6,2174.8,0,0,738595.849805507,0,0,0
226394.235835203,40,2604.8,2430,2179,0,0,738595.84980597,0,0,0
226394.27583427,40,2610.2,2458.2,2203.6,0,0,738595.849806433,0,0,0
226394.315833336,40,2614.6,2506.8,2225.8,0,0,738595.849806896,0,0,0
226394.355832402,40,2612.2,2594.2,2274,0,0,738595.849807359,0,0,0
226394.395831469,40,2573.8,2704,2358.4,0,0,738595.849807822,0,0,0
226394.435830535,40,2490.2,2816.4,2487.8,0,0,738595.849808285,0,0,0
226394.475829602,40,2367.8,2864.2,2684.2,0,0,738595.849808748,0,0,0
226394.515828668,40,2246.6,2742.6,2893.4,0,0,738595.849809211,0,0,0
226394.555827734,40,2153,2536.6,2965.6,0,0,738595.849809674,0,0,0
226394.595826801,40,2108.6,2364,2822.8,0,0,738595.849810136,0,0,0
226394.635825867,40,2074.2,2262.6,2629.2,0,0,738595.849810599,0,0,0
226394.675824934,40,2061.6,2207.4,2479.6,0,0,738595.849811062,0,0,0
226394.715824,40,2052,2183.2,2402.8,0,0,738595.849811525,0,0,0
226394.755823066,40,2050.4,2178.4,2386,0,0,738595.849811988,0,0,0
226394.795822133,40,2049.8,2189,2399.4,0,0,738595.849812451,0,0,0
226394.835821199,40,2059.4,2205.6,2432.8,0,0,738595.849812914,0,0,0
226394.875820266,40,2071.4,2243.6,2508,0,0,738595.849813377,0,0,0
226394.915819332,40,2093,2304.6,2626.4,0,0,738595.84981384,0,0,0
226394.955818398,40,2129.8,2407.2,2732.2,0,0,738595.849814303,0,0,0
226394.995817465,40,2186.8,2532,2738.8,0,0,738595.849814766,0,0,0
226395.035816531,40,2278.2,2662.8,2660.6,0,0,738595.849815229,0,0,0
226395.075815598,40,2391.4,2737,2531.6,0,0,738595.849815692,0,0,0
226395.115814664,40,2502.8,2695,2396.8,0,0,738595.849816155,0,0,0
226395.15581373,40,2568.6,2585,2294.4,0,0,738595.849816618,0,0,0
226395.195812797,40,2579,2484.6,2222.4,0,0,738595.849817081,0,0,0
226395.235811863,40,2558.6,2414.6,2187.2,0,0,738595.849817544,0,0,0
226395.27581093,40,2546.6,2386.2,2174.8,0,0,738595.849818007,0,0,0
226395.315809996,40,2572.2,2410.8,2177.4,0,0,738595.84981847,0,0,0
226395.355809062,40,2602,2456.2,2208.2,0,0,738595.849818933,0,0,0
226395.395808129,40,2637.6,2534,2229.2,0,0,738595.849819396,0,0,0
226395.435807195,40,2635,2643.6,2294.8,0,0,738595.849819859,0,0,0
226395.475806262,40,2558.4,2773.8,2400.8,0,0,738595.849820322,0,0,0
226395.515805328,40,2425.2,2848,2572.4,0,0,738595.849820784,0,0,0
226395.555804394,40,2290.8,2785.2,2785.2,0,0,738595.849821247,0,0,0
226395.595803461,40,2186,2590.6,2886.6,0,0,738595.84982171,0,0,0
226395.635802527,40,2125.8,2423.6,2817.8,0,0,738595.849822173,0,0,0
226395.675801594,40,2092,2316.2,2689.2,0,0,738595.849822636,0,0,0
226395.71580066,40,2076.4,2265.6,2585.8,0,0,738595.849823099,0,0,0
226395.755799726,40,2070,2241.6,2552.6,0,0,738595.849823562,0,0,0
226395.795798793,40,2072.4,2256.6,2565.2,0,0,738595.849824025,0,0,0
226395.835797859,40,2079.8,2271.2,2604,0,0,738595.849824488,0,0,0
226395.875796926,40,2095.4,2303.2,2639.6,0,0,738595.849824951,0,0,0
226395.915795992,40,2113.2,2358.8,2680.2,0,0,738595.849825414,0,0,0
226395.955795058,40,2153.8,2462.8,2756.2,0,0,738595.849825877,0,0,0
226395.995794125,40,2220.8,2613,2754.8,0,0,738595.84982634,0,0,0
226396.035793191,40,2316.6,2724.4,2642.8,0,0,738595.849826803,0,0,0
226396.075792258,40,2426.6,2725.6,2471.4,0,0,738595.849827266,0,0,0
226396.115791324,40,2514.2,2629.6,2338.2,0,0,738595.849827729,0,0,0
226396.15579039,40,2537,2506.6,2253,0,0,738595.849828192,0,0,0
226396.195789457,40,2521.6,2408.2,2193.4,0,0,738595.849828655,0,0,0
226396.235788523,40,2494.6,2355.2,2160,0,0,738595.849829118,0,0,0
226396.27578759,40,2493.2,2330,2147,0,0,738595.849829581,0,0,0
226396.315786656,40,2513.6,2348.4,2155,0,0,738595.849830044,0,0,0
226396.355785722,40,2561,2382.4,2164.2,0,0,738595.849830506,0,0,0
226396.395784789,40,2600,2414.2,2178.6,0,0,738595.849830969,0,0,0
226396.435783855,40,2624,2463.4,2202.6,0,0,738595.849831432,0,0,0
226396.475782922,40,2622,2537.2,2238.2,0,0,738595.849831895,0,0,0
226396.515781988,40,2598.2,2632.2,2311.6,0,0,738595.849832358,0,0,0
226396.555781054,40,2531.4,2745.2,2408.2,0,0,738595.849832821,0,0,0
226396.595780121,40,2416.4,2809.4,2552.6,0,0,738595.849833284,0,0,0
226396.635779187,40,2295.4,2766.2,2742.8,0,0,738595.849833747,0,0,0
226396.675778254,40,2195,2621.2,2878.2,0,0,738595.84983421,0,0,0
226396.71577732,40,2130.8,2443,2862.6,0,0,738595.849834673,0,0,0
226396.755776386,40,2091.4,2322,2731,0,0,738595.849835136,0,0,0
226396.795775453,40,2072.8,2252.2,2588.6,0,0,738595.849835599,0,0,0
226396.835774519,40,2058.6,2220,2502.6,0,0,738595.849836062,0,0,0
226396.875773586,40,2056.4,2206.6,2476.4,0,0,738595.849836525,0,0,0
226396.915772652,40,2060.8,2218.6,2491,0,0,738595.849836988,0,0,0
226396.955771718,40,2067.2,2227.8,2512.8,0,0,738595.849837451,0,0,0
226396.995770785,40,2075.6,2258.6,2552.4,0,0,738595.849837914,0,0,0
226397.035769851,40,2091.8,2302.6,2618.6,0,0,738595.849838377,0,0,0
226397.075768918,40,2128.6,2410.6,2739.8,0,0,738595.84983884,0,0,0
226397.115767984,40,2196,2580.6,2790.2,0,0,738595.849839302,0,0,0
226397.15576705,40,2302.2,2742,2683.2,0,0,738595.849839765,0,0,0
226397.195766117,40,2445.2,2772.8,2495.2,0,0,738595.849840228,0,0,0
226397.235765183,40,2549.8,2663.6,2342.8,0,0,738595.849840691,0,0,0
226397.27576425,40,2587.8,2523.6,2243.2,0,0,738595.849841154,0,0,0
226397.315763316,40,2561.2,2423.6,2193,0,0,738595.849841617,0,0,0
226397.355762382,40,2543,2390,2174.8,0,0,738595.84984208,0,0,0
226397.395761449,40,2564.6,2419.8,2182.8,0,0,738595.849842543,0,0,0
226397.435760515,40,2606.8,2473.8,2204.8,0,0,738595.849843006,0,0,0
226397.475759582,40,2632.6,2566.4,2251.2,0,0,738595.849843469,0,0,0
226397.515758648,40,2613.4,2697.4,2334,0,0,738595.849843932,0,0,0
226397.555757714,40,2505.2,2840.6,2488,0,0,738595.849844395,0,0,0
226397.595756781,40,2339.6,2844.6,2730.4,0,0,738595.849844858,0,0,0
226397.635755847,40,2202,2635.4,2911.8,0,0,738595.849845321,0,0,0
226397.675754914,40,2121.8,2412,2835.8,0,0,738595.849845784,0,0,0
226397.71575398,40,2077.2,2274.6,2617,0,0,738595.849846247,0,0,0
226397.755753046,40,2060.8,2207.2,2450.8,0,0,738595.84984671,0,0,0
226397.795752113,40,2048,2169.2,2354.2,0,0,738595.849847173,0,0,0
226397.835751179,40,2043.2,2153.4,2320,0,0,738595.849847636,0,0,0
226397.875750246,40,2041.4,2162.8,2337,0,0,738595.849848099,0,0,0
226397.915749312,40,2051,2183.4,2379.6,0,0,738595.849848562,0,0,0
226397.955748378,40,2063,2220.8,2477,0,0,738595.849849025,0,0,0
226397.995747445,40,2089.2,2299,2620.4,0,0,738595.849849487,0,0,0
226398.035746511,40,2138.2,2429.4,2766.2,0,0,738595.84984995,0,0,0
226398.075745578,40,2212.4,2586.6,2743.6,0,0,738595.849850413,0,0,0
226398.115744644,40,2316.8,2702.4,2611.2,0,0,738595.849850876,0,0,0
226398.15574371,40,2434.6,2704.4,2456.2,0,0,738595.849851339,0,0,0
226398.195742777,40,2533.8,2629.6,2331,0,0,738595.849851802,0,0,0
226398.235741843,40,2569.6,2523.8,2249,0,0,738595.849852265,0,0,0
226398.27574091,40,2571.8,2453,2206.6,0,0,738595.849852728,0,0,0
226398.315739976,40,2577.8,2431.4,2186.8,0,0,738595.849853191,0,0,0
226398.355739042,40,2615,2470,2202.8,0,0,738595.849853654,0,0,0
226398.395738109,40,2640.6,2523.8,2217.8,0,0,738595.849854117,0,0,0
226398.435737175,40,2635.6,2578.4,2257.4,0,0,738595.84985458,0,0,0
226398.475736242,40,2613.4,2656.2,2310,0,0,738595.849855043,0,0,0
226398.515735308,40,2559.8,2757.2,2396.8,0,0,738595.849855506,0,0,0
226398.555734374,40,2449.6,2847,2546.2,0,0,738595.849855969,0,0,0
226398.595733441,40,2323.4,2837.8,2748.4,0,0,738595.849856432,0,0,0
226398.635732507,40,2213.6,2679.8,2934,0,0,738595.849856895,0,0,0
226398.675731574,40,2138.6,2486,2935,0,0,738595.849857358,0,0,0
226398.71573064,40,2101.8,2352,2784.8,0,0,738595.849857821,0,0,0
226398.755729706,40,2080.2,2269.6,2632.4,0,0,738595.849858284,0,0,0
226398.795728773,40,2072.6,2249,2537.2,0,0,738595.849858747,0,0,0
226398.835727839,40,2078,2256.2,2557.8,0,0,738595.849859209,0,0,0
226398.875726906,40,2100.8,2334.6,2681.2,0,0,738595.849859672,0,0,0
226398.915725972,40,2154,2474.8,2773.2,0,0,738595.849860135,0,0,0
226398.955725038,40,2231.6,2610,2705.6,0,0,738595.849860598,0,0,0
226398.995724105,40,2358,2711.2,2561.6,0,0,738595.849861061,0,0,0
226399.035723171,40,2495.4,2701.6,2405.4,0,0,738595.849861524,0,0,0
226399.075722238,40,2582,2591.6,2285.2,0,0,738595.849861987,0,0,0
226399.115721304,40,2597.6,2490.4,2223.6,0,0,738595.84986245,0,0,0
226399.15572037,40,2599.6,2438.6,2186,0,0,738595.849862913,0,0,0
226399.195719437,40,2624.2,2468.8,2206,0,0,738595.849863376,0,0,0
226399.235718503,40,2635.2,2533.8,2237.4,0,0,738595.849863839,0,0,0
226399.27571757,40,2609.4,2636.8,2299.8,0,0,738595.849864302,0,0,0
226399.315716636,40,2535.2,2763.6,2411.4,0,0,738595.849864765,0,0,0
226399.355715702,40,2404.4,2863.2,2619.2,0,0,738595.849865228,0,0,0
226399.395714769,40,2249,2756.2,2880.6,0,0,738595.849865691,0,0,0
226399.435713835,40,2143.8,2506.6,2968.4,0,0,738595.849866154,0,0,0
226399.475712902,40,2091,2321,2769.8,0,0,738595.849866617,0,0,0
226399.515711968,40,2057.6,2222.4,2538.6,0,0,738595.84986708,0,0,0
226399.555711034,40,2047,2178.6,2395.6,0,0,738595.849867543,0,0,0
226399.595710101,40,2052,2171,2364.8,0,0,738595.849868006,0,0,0
226399.635709167,40,2055.8,2195,2427.2,0,0,738595.849868468,0,0,0
226399.675708234,40,2084.6,2281.4,2615.6,0,0,738595.849868931,0,0,0
226399.7157073,40,2129,2443.6,2875,0,0,738595.849869394,0,0,0
226399.755706366,40,2217.2,2668,2907.2,0,0,738595.849869857,0,0,0
226399.795705433,40,2339.6,2845.8,2712.6,0,0,738595.84987032,0,0,0
226399.835704499,40,2486.4,2838.8,2497,0,0,738595.849870783,0,0,0
226399.875703566,40,2570.6,2741.6,2379.4,0,0,738595.849871246,0,0,0
226399.915702632,40,2602.2,2703.2,2336.8,0,0,738595.849871709,0,0,0
226399.955701698,40,2582.6,2755.4,2374.4,0,0,738595.849872172,0,0,0
226399.995700765,40,2529.4,2834.6,2460.8,0,0,738595.849872635,0,0,0
226400.035699831,40,2431,2881.8,2588.6,0,0,738595.849873098,0,0,0
226400.075698898,40,2304.8,2829.4,2789.4,0,0,738595.849873561,0,0,0
226400.115697964,40,2193,2631.6,2948,0,0,738595.849874024,0,0,0
226400.15569703,40,2116.4,2412.2,2872.8,0,0,738595.849874487,0,0,0
226400.195696097,40,2076.4,2261.4,2624.6,0,0,738595.84987495,0,0,0
226400.235695163,40,2049.2,2184.6,2413.6,0,0,738595.849875413,0,0,0
226400.27569423,40,2039.8,2142,2287.4,0,0,738595.849875876,0,0,0
226400.315693296,40,2032.2,2126,2232.8,0,0,738595.849876339,0,0,0
226400.355692362,40,2032.8,2131,2237,0,0,738595.849876802,0,0,0
226400.395691429,40,2036.8,2151.4,2290.8,0,0,738595.849877265,0,0,0
226400.435690495,40,2054,2196.4,2433.6,0,0,738595.849877728,0,0,0
226400.475689562,40,2090.6,2305.2,2647.2,0,0,738595.849878191,0,0,0
226400.515688628,40,2156,2484.4,2786.2,0,0,738595.849878653,0,0,0
226400.555687694,40,2262.2,2680.8,2726.6,0,0,738595.849879116,0,0,0
226400.595686761,40,2403.2,2755.2,2525,0,0,738595.849879579,0,0,0
226400.635685827,40,2520.8,2701.2,2381.2,0,0,738595.849880042,0,0,0
226400.675684894,40,2584.2,2629,2302.6,0,0,738595.849880505,0,0,0
226400.71568396,40,2600.8,2624.8,2294,0,0,738595.849880968,0,0,0
226400.755683026,40,2601,2717.6,2350.6,0,0,738595.849881431,0,0,0
226400.795682093,40,2525.2,2839.4,2468.6,0,0,738595.849881894,0,0,0
226400.835681159,40,2387.2,2889.4,2672.2,0,0,738595.849882357,0,0,0
226400.875680226,40,2237.2,2735.6,2892.6,0,0,738595.84988282,0,0,0
226400.915679292,40,2136.4,2477,2906.6,0,0,738595.849883283,0,0,0
226400.955678358,40,2080.2,2287,2651.4,0,0,738595.849883746,0,0,0
226400.995677425,40,2051.8,2192.6,2417.6,0,0,738595.849884209,0,0,0
226401.035676491,40,2042.6,2140.6,2280.6,0,0,738595.849884672,0,0,0
226401.075675558,40,2033.2,2119.2,2214.4,0,0,738595.849885135,0,0,0
226401.115674624,40,2027,2110.4,2194,0,0,738595.849885598,0,0,0
226401.15567369,40,2032,2112.8,2198.4,0,0,738595.849886061,0,0,0
226401.195672757,40,2036.6,2132.2,2237.2,0,0,738595.849886524,0,0,0
226401.235671823,40,2041.8,2165.8,2326.4,0,0,738595.849886987,0,0,0
226401.27567089,40,2068.4,2233.6,2495,0,0,738595.84988745,0,0,0
226401.315669956,40,2112.8,2375.4,2711,0,0,738595.849887913,0,0,0
226401.355669022,40,2207,2587.8,2780,0,0,738595.849888375,0,0,0
226401.395668089,40,2345.2,2767,2635,0,0,738595.849888838,0,0,0
226401.435667155,40,2498,2770.8,2444.6,0,0,738595.849889301,0,0,0
226401.475666222,40,2595.2,2663.2,2322.4,0,0,738595.849889764,0,0,0
226401.515665288,40,2619.6,2607,2275.2,0,0,738595.849890227,0,0,0
226401.555664354,40,2627.6,2671.2,2304.6,0,0,738595.84989069,0,0,0
226401.595663421,40,2580.6,2779,2393.8,0,0,738595.849891153,0,0,0
226401.635662487,40,2467.6,2872.2,2547.8,0,0,738595.849891616,0,0,0
226401.675661554,40,2309.6,2821,2767.2,0,0,738595.849892079,0,0,0
226401.71566062,40,2182.6,2589.8,2896,0,0,738595.849892542,0,0,0
226401.755659686,40,2107.6,2367.4,2760.8,0,0,738595.849893005,0,0,0
226401.795658753,40,2071.2,2237,2519.8,0,0,738595.849893468,0,0,0
226401.835657819,40,2046.2,2166.8,2353,0,0,738595.849893931,0,0,0
226401.875656886,40,2036.4,2136,2256.2,0,0,738595.849894394,0,0,0
226401.915655952,40,2029,2120,2213.8,0,0,738595.849894857,0,0,0
226401.955655018,40,2029.8,2123.2,2213.2,0,0,738595.84989532,0,0,0
226401.995654085,40,2034.2,2137,2255.2,0,0,738595.849895783,0,0,0
226402.035653151,40,2045.4,2171.2,2339.8,0,0,738595.849896246,0,0,0
226402.075652218,40,2069.6,2242.8,2505.6,0,0,738595.849896709,0,0,0
226402.115651284,40,2121.4,2382.4,2700.8,0,0,738595.849897171,0,0,0
226402.15565035,40,2213,2589.6,2738.4,0,0,738595.849897634,0,0,0
226402.195649417,40,2357.4,2736,2574.2,0,0,738595.849898097,0,0,0
226402.235648483,40,2503.4,2699.8,2393.2,0,0,738595.84989856,0,0,0
226402.27564755,40,2592.2,2589.4,2278.4,0,0,738595.849899023,0,0,0
226402.315646616,40,2611.2,2506.4,2228.8,0,0,738595.849899486,0,0,0
226402.355645682,40,2631,2523.4,2228.6,0,0,738595.849899949,0,0,0
226402.395644749,40,2642.8,2624.8,2273,0,0,738595.849900412,0,0,0
226402.435643815,40,2605.6,2736,2356.6,0,0,738595.849900875,0,0,0
226402.475642882,40,2475.2,2855.4,2515,0,0,738595.849901338,0,0,0
226402.515641948,40,2318.4,2812.6,2732.4,0,0,738595.849901801,0,0,0
226402.555641014,40,2186.6,2590.6,2872.6,0,0,738595.849902264,0,0,0
226402.595640081,40,2110.6,2372.4,2749.4,0,0,738595.849902727,0,0,0
226402.635639147,40,2070.8,2245.2,2526.4,0,0,738595.84990319,0,0,0
226402.675638214,40,2046.6,2181.4,2369.6,0,0,738595.849903653,0,0,0
226402.71563728,40,2041.8,2148.8,2287.4,0,0,738595.849904116,0,0,0
226402.755636346,40,2041,2138.8,2266,0,0,738595.849904579,0,0,0
226402.795635413,40,2044.4,2149,2290.8,0,0,738595.849905042,0,0,0
226402.835634479,40,2048.6,2182.4,2372,0,0,738595.849905505,0,0,0
226402.875633546,40,2077.6,2251.8,2522.2,0,0,738595.849905968,0,0,0
226402.915632612,40,2119,2379.2,2690.8,0,0,738595.849906431,0,0,0
226402.955631678,40,2200.4,2576.4,2741.8,0,0,738595.849906894,0,0,0
226402.995630745,40,2332.8,2722,2603.4,0,0,738595.849907357,0,0,0
226403.035629811,40,2479.4,2711.2,2422,0,0,738595.849907819,0,0,0
226403.075628878,40,2567.8,2596.8,2292.4,0,0,738595.849908282,0,0,0
226403.115627944,40,2600.2,2505.4,2229.8,0,0,738595.849908745,0,0,0
226403.15562701,40,2609.8,2477.6,2209.8,0,0,738595.849909208,0,0,0
226403.195626077,40,2642.2,2540.8,2230.8,0,0,738595.849909671,0,0,0
226403.235625143,40,2654.6,2646,2282.8,0,0,738595.849910134,0,0,0
226403.27562421,40,2586.6,2770.6,2383,0,0,738595.849910597,0,0,0
226403.315623276,40,2453,2850.6,2549.2,0,0,738595.84991106,0,0,0
226403.355622342,40,2287,2778.6,2771.6,0,0,738595.849911523,0,0,0
226403.395621409,40,2169.8,2543.4,2854.8,0,0,738595.849911986,0,0,0
226403.435620475,40,2105.4,2348.6,2701,0,0,738595.849912449,0,0,0
226403.475619542,40,2069.2,2238,2512.2,0,0,738595.849912912,0,0,0
226403.515618608,40,2052.8,2183,2385,0,0,738595.849913375,0,0,0
226403.555617674,40,2046,2161.2,2324.2,0,0,738595.849913838,0,0,0
226403.595616741,40,2044.8,2161.8,2327.6,0,0,738595.849914301,0,0,0
226403.635615807,40,2052.4,2187.8,2384.2,0,0,738595.849914764,0,0,0
226403.675614874,40,2073,2245.8,2510.8,0,0,738595.849915227,0,0,0
226403.71561394,40,2108,2353.8,2679.8,0,0,738595.84991569,0,0,0
226403.755613006,40,2176.2,2513.4,2738.4,0,0,738595.849916153,0,0,0
226403.795612073,40,2293,2677,2652.6,0,0,738595.849916616,0,0,0
226403.835611139,40,2429.8,2716.2,2477.4,0,0,738595.849917079,0,0,0
226403.875610206,40,2538.4,2643.8,2333.4,0,0,738595.849917541,0,0,0
226403.915609272,40,2595,2537.8,2249,0,0,738595.849918004,0,0,0
226403.955608338,40,2605.2,2482.8,2217.6,0,0,738595.849918467,0,0,0
226403.995607405,40,2628.8,2510.6,2221.4,0,0,738595.84991893,0,0,0
226404.035606471,40,2657.6,2612.8,2262.8,0,0,738595.849919393,0,0,0
226404.075605538,40,2618.2,2717.4,2336.8,0,0,738595.849919856,0,0,0
226404.115604604,40,2508.6,2827.4,2466.4,0,0,738595.849920319,0,0,0
226404.15560367,40,2360.8,2828.2,2661.4,0,0,738595.849920782,0,0,0
226404.195602737,40,2219.6,2658.8,2843.2,0,0,738595.849921245,0,0,0
226404.235601803,40,2130.4,2438.2,2810.6,0,0,738595.849921708,0,0,0
226404.27560087,40,2082.2,2281.6,2610,0,0,738595.849922171,0,0,0
226404.315599936,40,2061,2202.6,2433.6,0,0,738595.849922634,0,0,0
226404.355599002,40,2047.2,2159.2,2334.2,0,0,738595.849923097,0,0,0
226404.395598069,40,2038,2148,2290.4,0,0,738595.84992356,0,0,0
226404.435597135,40,2040,2154.8,2302.6,0,0,738595.849924023,0,0,0
226404.475596202,40,2048,2180.2,2364.6,0,0,738595.849924486,0,0,0
226404.515595268,40,2066.2,2238,2501.6,0,0,738595.849924949,0,0,0
226404.555594334,40,2106.2,2351.6,2673,0,0,738595.849925412,0,0,0
226404.595593401,40,2178,2518,2754.6,0,0,738595.849925875,0,0,0
226404.635592467,40,2282.4,2681,2671.6,0,0,738595.849926337,0,0,0
226404.675591534,40,2412.4,2725.4,2498.6,0,0,738595.8499268,0,0,0
226404.7155906,40,2523.4,2683.6,2370.2,0,0,738595.849927263,0,0,0
226404.755589666,40,2590.2,2613.4,2293.2,0,0,738595.849927726,0,0,0
226404.795588733,40,2621.2,2600.4,2275.6,0,0,738595.849928189,0,0,0
226404.835587799,40,2621.6,2685.8,2314.8,0,0,738595.849928652,0,0,0
226404.875586866,40,2581.2,2787.8,2396.6,0,0,738595.849929115,0,0,0
226404.915585932,40,2474.6,2850.6,2528,0,0,738595.849929578,0,0,0
226404.955584998,40,2330.8,2817.2,2709.4,0,0,738595.849930041,0,0,0
226404.995584065,40,2209.2,2615,2845.6,0,0,738595.849930504,0,0,0
226405.035583131,40,2126.4,2402.2,2775.8,0,0,738595.849930967,0,0,0
226405.075582198,40,2075.8,2258.2,2569,0,0,738595.84993143,0,0,0
226405.115581264,40,2048.4,2186.8,2396.6,0,0,738595.849931893,0,0,0
226405.15558033,40,2039.6,2151.2,2293,0,0,738595.849932356,0,0,0
226405.195579397,40,2040.2,2133.6,2251.2,0,0,738595.849932819,0,0,0
226405.235578463,40,2037.6,2137.6,2262.6,0,0,738595.849933282,0,0,0
226405.27557753,40,2041.2,2163,2317.8,0,0,738595.849933745,0,0,0
226405.315576596,40,2066,2221.2,2455.4,0,0,738595.849934208,0,0,0
226405.355575662,40,2101.8,2334.4,2657.4,0,0,738595.849934671,0,0,0
226405.395574729,40,2172.8,2515.4,2765.4,0,0,738595.849935134,0,0,0
226405.435573795,40,2279.8,2676.6,2657,0,0,738595.849935597,0,0,0
226405.475572862,40,2414.8,2708.4,2478.8,0,0,738595.84993606,0,0,0
226405.515571928,40,2526.6,2641.4,2346.4,0,0,738595.849936522,0,0,0
226405.555570994,40,2586.4,2585.8,2278.6,0,0,738595.849936985,0,0,0
226405.595570061,40,2609.8,2576.8,2264,0,0,738595.849937448,0,0,0
226405.635569127,40,2628.8,2654.8,2298.8,0,0,738595.849937911,0,0,0
226405.675568194,40,2590.4,2783.8,2386.2,0,0,738595.849938374,0,0,0
226405.71556726,40,2481.8,2869.2,2525.4,0,0,738595.849938837,0,0,0
226405.755566326,40,2332.6,2834,2733.8,0,0,738595.8499393,0,0,0
226405.795565393,40,2204.4,2629.2,2873.6,0,0,738595.849939763,0,0,0
226405.835564459,40,2120.4,2411.6,2802.8,0,0,738595.849940226,0,0,0
226405.875563526,40,2080,2271.2,2598.8,0,0,738595.849940689,0,0,0
226405.915562592,40,2055,2201.4,2420.4,0,0,738595.849941152,0,0,0
226405.955561658,40,2046.8,2162.8,2325.6,0,0,738595.849941615,0,0,0
226405.995560725,40,2043.2,2151,2297,0,0,738595.849942078,0,0,0
226406.035559791,40,2049.4,2169.8,2329,0,0,738595.849942541,0,0,0
226406.075558858,40,2062.4,2206.4,2439.4,0,0,738595.849943004,0,0,0
226406.115557924,40,2088,2300,2606.8,0,0,738595.849943467,0,0,0
226406.15555699,40,2147.6,2455.4,2743,0,0,738595.84994393,0,0,0
226406.195556057,40,2253.2,2642.6,2696,0,0,738595.849944393,0,0,0
226406.235555123,40,2393,2716,2517,0,0,738595.849944856,0,0,0
226406.27555419,40,2514.6,2652,2351,0,0,738595.849945319,0,0,0
226406.315553256,40,2574.6,2529.6,2254.4,0,0,738595.849945782,0,0,0
226406.355552322,40,2580.8,2453.4,2201.4,0,0,738595.849946245,0,0,0
226406.395551389,40,2591,2428,2185.2,0,0,738595.849946707,0,0,0
226406.435550455,40,2623.6,2479.6,2203.4,0,0,738595.84994717,0,0,0
226406.475549522,40,2645.8,2546.4,2239.4,0,0,738595.849947633,0,0,0
226406.515548588,40,2621.2,2649.8,2306,0,0,738595.849948096,0,0,0
226406.555547654,40,2531.8,2778.8,2417.8,0,0,738595.849948559,0,0,0
226406.595546721,40,2386.6,2838.6,2620.8,0,0,738595.849949022,0,0,0
226406.635545787,40,2239,2685.8,2836.6,0,0,738595.849949485,0,0,0
226406.675544854,40,2139.8,2470.4,2850.8,0,0,738595.849949948,0,0,0
226406.71554392,40,2092.2,2309.2,2680.2,0,0,738595.849950411,0,0,0
226406.755542986,40,2062.8,2233.2,2514.8,0,0,738595.849950874,0,0,0
226406.795542053,40,2052.2,2191.4,2407.6,0,0,738595.849951337,0,0,0
226406.835541119,40,2050.2,2191,2396.4,0,0,738595.8499518,0,0,0
226406.875540186,40,2063.2,2220.4,2460.8,0,0,738595.849952263,0,0,0
226406.915539252,40,2087.8,2284,2589,0,0,738595.849952726,0,0,0
226406.955538318,40,2131.2,2401.2,2710.4,0,0,738595.849953189,0,0,0
226406.995537385,40,2201.2,2563.4,2743.2,0,0,738595.849953652,0,0,0
226407.035536451,40,2316.6,2701.4,2621.4,0,0,738595.849954115,0,0,0
226407.075535518,40,2443.2,2708,2455.6,0,0,738595.849954578,0,0,0
226407.115534584,40,2533.6,2618.8,2322.2,0,0,738595.849955041,0,0,0
226407.15553365,40,2582.2,2529.2,2250,0,0,738595.849955503,0,0,0
226407.195532717,40,2583.8,2458.2,2203.8,0,0,738595.849955966,0,0,0
226407.235531783,40,2598.8,2446.2,2199.4,0,0,738595.849956429,0,0,0
226407.27553085,40,2627.6,2491.4,2211.6,0,0,738595.849956892,0,0,0
226407.315529916,40,2645.2,2542.4,2231.8,0,0,738595.849957355,0,0,0
226407.355528982,40,2629.6,2627.4,2283.6,0,0,738595.849957818,0,0,0
226407.395528049,40,2574.6,2741.6,2378,0,0,738595.849958281,0,0,0
226407.435527115,40,2438.8,2826.6,2541.8,0,0,738595.849958744,0,0,0
226407.475526182,40,2286.6,2759,2769.6,0,0,738595.849959207,0,0,0
226407.515525248,40,2165.8,2542.2,2884,0,0,738595.84995967,0,0,0
226407.555524314,40,2097.4,2351.6,2754.2,0,0,738595.849960133,0,0,0
226407.595523381,40,2065.8,2240.8,2551.2,0,0,738595.849960596,0,0,0
226407.635522447,40,2050.6,2188.4,2401,0,0,738595.849961059,0,0,0
226407.675521514,40,2047,2168.8,2337.8,0,0,738595.849961522,0,0,0
226407.71552058,40,2044.6,2175.6,2359.6,0,0,738595.849961985,0,0,0
226407.755519646,40,2058,2213.4,2428,0,0,738595.849962448,0,0,0
226407.795518713,40,2086.8,2267.4,2563.8,0,0,738595.849962911,0,0,0
226407.835517779,40,2121,2389,2709,0,0,738595.849963374,0,0,0
226407.875516846,40,2200.8,2583.6,2767,0,0,738595.849963837,0,0,0
226407.915515912,40,2316.4,2726.8,2634,0,0,738595.8499643,0,0,0
226407.955514978,40,2447.2,2726.8,2460,0,0,738595.849964763,0,0,0
226407.995514045,40,2559,2644,2324.6,0,0,738595.849965226,0,0,0
226408.035513111,40,2604.8,2537.8,2251.8,0,0,738595.849965688,0,0,0
226408.075512178,40,2612.6,2493,2222.4,0,0,738595.849966151,0,0,0
226408.115511244,40,2647.4,2534.2,2231.6,0,0,738595.849966614,0,0,0
226408.15551031,40,2648,2614,2272.8,0,0,738595.849967077,0,0,0
226408.195509377,40,2608.6,2691.4,2332.6,0,0,738595.84996754,0,0,0
226408.235508443,40,2508.2,2793.6,2452.4,0,0,738595.849968003,0,0,0
226408.27550751,40,2363.4,2813.4,2628.8,0,0,738595.849968466,0,0,0
226408.315506576,40,2228,2669.8,2820,0,0,738595.849968929,0,0,0
226408.355505642,40,2131.2,2448,2848.2,0,0,738595.849969392,0,0,0
226408.395504709,40,2078,2283.6,2657,0,0,738595.849969855,0,0,0
226408.435503775,40,2051.6,2195.6,2443.8,0,0,738595.849970318,0,0,0
226408.475502842,40,2040.2,2146.8,2315.6,0,0,738595.849970781,0,0,0
226408.515501908,40,2033.4,2128.8,2250.2,0,0,738595.849971244,0,0,0
226408.555500974,40,2034,2130.2,2243.4,0,0,738595.849971707,0,0,0
226408.595500041,40,2037,2148.6,2276,0,0,738595.84997217,0,0,0
226408.635499107,40,2054.8,2183,2385.4,0,0,738595.849972633,0,0,0
226408.675498174,40,2076.6,2263.6,2581.4,0,0,738595.849973096,0,0,0
226408.71549724,40,2120.2,2403.8,2773.4,0,0,738595.849973559,0,0,0
226408.755496306,40,2200.4,2590.4,2807.8,0,0,738595.849974022,0,0,0
226408.795495373,40,2305.6,2718,2650.6,0,0,738595.849974485,0,0,0
226408.835494439,40,2428,2745.8,2491.8,0,0,738595.849974948,0,0,0
226408.875493506,40,2505.6,2676,2372.8,0,0,738595.84997541,0,0,0
226408.915492572,40,2566.2,2655.2,2335.4,0,0,738595.849975873,0,0,0
226408.955491638,40,2581,2692,2341.4,0,0,738595.849976336,0,0,0
226408.995490705,40,2569,2774,2399.6,0,0,738595.849976799,0,0,0
226409.035489771,40,2529.8,2872.2,2482.6,0,0,738595.849977262,0,0,0
226409.075488838,40,2425.4,2901.8,2613,0,0,738595.849977725,0,0,0
226409.115487904,40,2307.8,2825.6,2790,0,0,738595.849978188,0,0,0
226409.15548697,40,2195.6,2628.8,2909.2,0,0,738595.849978651,0,0,0
226409.195486037,40,2120.2,2399.6,2818.6,0,0,738595.849979114,0,0,0
226409.235485103,40,2071.8,2257.2,2574.6,0,0,738595.849979577,0,0,0
226409.27548417,40,2049.4,2177.4,2371.4,0,0,738595.84998004,0,0,0
226409.315483236,40,2036.4,2138.8,2256.8,0,0,738595.849980503,0,0,0
226409.355482302,40,2028.2,2115.8,2195.8,0,0,738595.849980966,0,0,0
226409.395481369,40,2029.2,2107.6,2168.4,0,0,738595.849981429,0,0,0
226409.435480435,40,2024.8,2106,2178.6,0,0,738595.849981892,0,0,0
226409.475479502,40,2030.2,2121.4,2204.6,0,0,738595.849982355,0,0,0
226409.515478568,40,2036.8,2144,2269.2,0,0,738595.849982818,0,0,0
226409.555477634,40,2051.6,2188.4,2401.6,0,0,738595.849983281,0,0,0
226409.595476701,40,2085,2290.4,2614.4,0,0,738595.849983744,0,0,0
226409.635475767,40,2145.8,2452.2,2796.8,0,0,738595.849984206,0,0,0
226409.675474834,40,2232.8,2653,2785.2,0,0,738595.849984669,0,0,0
226409.7154739,40,2363,2790.2,2625.2,0,0,738595.849985132,0,0,0
226409.755472966,40,2484,2778.2,2460.4,0,0,738595.849985595,0,0,0
226409.795472033,40,2569.8,2726,2370.4,0,0,738595.849986058,0,0,0
226409.835471099,40,2602.2,2700.2,2337,0,0,738595.849986521,0,0,0
226409.875470166,40,2599.4,2757.2,2370.4,0,0,738595.849986984,0,0,0
226409.915469232,40,2562,2833.2,2432,0,0,738595.849987447,0,0,0
226409.955468298,40,2471.2,2876.4,2536.6,0,0,738595.84998791,0,0,0
226409.995467365,40,2356.6,2850.2,2698.4,0,0,738595.849988373,0,0,0
226410.035466431,40,2231,2698.8,2876.4,0,0,738595.849988836,0,0,0
226410.075465498,40,2138,2467.4,2875.6,0,0,738595.849989299,0,0,0
226410.115464564,40,2086.2,2292.8,2664.8,0,0,738595.849989762,0,0,0
226410.15546363,40,2055,2194.8,2431,0,0,738595.849990225,0,0,0
226410.195462697,40,2039,2148.2,2286,0,0,738595.849990688,0,0,0
226410.235461763,40,2033.8,2122.4,2212,0,0,738595.849991151,0,0,0
226410.27546083,40,2023.2,2113.8,2183,0,0,738595.849991614,0,0,0
226410.315459896,40,2029,2109.8,2181.8,0,0,738595.849992077,0,0,0
226410.355458962,40,2030.6,2121.2,2219.4,0,0,738595.84999254,0,0,0
226410.395458029,40,2042.6,2152.6,2290.6,0,0,738595.849993003,0,0,0
226410.435457095,40,2059.2,2206.2,2439,0,0,738595.849993466,0,0,0
226410.475456162,40,2093.6,2316.2,2647.8,0,0,738595.849993929,0,0,0
226410.515455228,40,2152,2478.8,2766,0,0,738595.849994392,0,0,0
226410.555454294,40,2252,2649.2,2700.4,0,0,738595.849994854,0,0,0
226410.595453361,40,2366.8,2726.2,2549,0,0,738595.849995317,0,0,0
226410.635452427,40,2473.2,2735.6,2433,0,0,738595.84999578,0,0,0
226410.675451494,40,2544,2724.8,2381.2,0,0,738595.849996243,0,0,0
226410.71545056,40,2571,2750,2378.6,0,0,738595.849996706,0,0,0
226410.755449626,40,2567.4,2838.8,2424.6,0,0,738595.849997169,0,0,0
226410.795448693,40,2526,2862.4,2478.2,0,0,738595.849997632,0,0,0
226410.835447759,40,2443.6,2862.8,2570.2,0,0,738595.849998095,0,0,0
226410.875446826,40,2344,2833.6,2710.6,0,0,738595.849998558,0,0,0
226410.915445892,40,2230.2,2684.4,2857.4,0,0,738595.849999021,0,0,0
226410.955444958,40,2138.4,2471.4,2876.2,0,0,738595.849999484,0,0,0
226410.995444025,40,2085.8,2297.6,2686.6,0,0,738595.849999947,0,0,0
226411.035443091,40,2050.4,2200,2449.8,0,0,738595.85000041,0,0,0
226411.075442158,40,2037.2,2144.8,2298,0,0,738595.850000873,0,0,0
226411.115441224,40,2029,2123.4,2218,0,0,738595.850001336,0,0,0
226411.15544029,40,2026.6,2110.8,2190.8,0,0,738595.850001799,0,0,0
226411.195439357,40,2032.6,2115.2,2190.2,0,0,738595.850002262,0,0,0
226411.235438423,40,2032.4,2135.4,2235.6,0,0,738595.850002725,0,0,0
226411.27543749,40,2049.4,2174.2,2342.2,0,0,738595.850003188,0,0,0
226411.315436556,40,2072.8,2244.6,2533.2,0,0,738595.850003651,0,0,0
226411.355435622,40,2117.2,2376.4,2709.4,0,0,738595.850004114,0,0,0
226411.395434689,40,2200.4,2565,2747.2,0,0,738595.850004576,0,0,0
226411.435433755,40,2321,2714.8,2626.2,0,0,738595.850005039,0,0,0
226411.475432822,40,2459.2,2763.2,2475.8,0,0,738595.850005502,0,0,0
226411.515431888,40,2559.8,2701.6,2365.8,0,0,738595.850005965,0,0,0
226411.555430954,40,2613.8,2643.2,2303.8,0,0,738595.850006428,0,0,0
226411.595430021,40,2636.8,2667,2300.6,0,0,738595.850006891,0,0,0
226411.635429087,40,2619.8,2716.8,2334.6,0,0,738595.850007354,0,0,0
226411.675428154,40,2565.4,2753.2,2389,0,0,738595.850007817,0,0,0
226411.71542722,40,2482.2,2800,2482,0,0,738595.85000828,0,0,0
226411.755426286,40,2371.8,2812.8,2635.4,0,0,738595.850008743,0,0,0
226411.795425353,40,2251,2714.6,2822.6,0,0,738595.850009206,0,0,0
226411.835424419,40,2147.4,2504,2901.8,0,0,738595.850009669,0,0,0
226411.875423486,40,2086.2,2321.2,2744.6,0,0,738595.850010132,0,0,0
226411.915422552,40,2058.6,2208.2,2511,0,0,738595.850010595,0,0,0
226411.955421618,40,2041.2,2161.6,2346.8,0,0,738595.850011058,0,0,0
226411.995420685,40,2041.4,2134.2,2262.6,0,0,738595.850011521,0,0,0
226412.035419751,40,2033.6,2125.2,2246.6,0,0,738595.850011984,0,0,0
226412.075418818,40,2041,2134,2260.6,0,0,738595.850012447,0,0,0
226412.115417884,40,2047,2170,2338.6,0,0,738595.85001291,0,0,0
226412.15541695,40,2071.2,2230.4,2510.2,0,0,738595.850013372,0,0,0
226412.195416017,40,2104.8,2354.8,2723.8,0,0,738595.850013835,0,0,0
226412.235415083,40,2176,2531,2792.2,0,0,738595.850014298,0,0,0
226412.27541415,40,2278,2689.4,2678.6,0,0,738595.850014761,0,0,0
226412.315413216,40,2407.6,2728.6,2501.8,0,0,738595.850015224,0,0,0
226412.355412282,40,2511,2653,2356.4,0,0,738595.850015687,0,0,0
226412.395411349,40,2565.2,2569.6,2281.6,0,0,738595.85001615,0,0,0
226412.435410415,40,2598,2539.8,2246.2,0,0,738595.850016613,0,0,0
226412.475409482,40,2614.6,2562.6,2259.2,0,0,738595.850017076,0,0,0
226412.515408548,40,2624.6,2635.8,2290.2,0,0,738595.850017539,0,0,0
226412.555407614,40,2610.2,2755.8,2365.2,0,0,738595.850018002,0,0,0
226412.595406681,40,2505,2848,2491.2,0,0,738595.850018465,0,0,0
226412.635405747,40,2354.8,2845.8,2694.4,0,0,738595.850018928,0,0,0
226412.675404814,40,2216.2,2657.4,2858.4,0,0,738595.850019391,0,0,0
226412.71540388,40,2124.2,2422.4,2820.4,0,0,738595.850019854,0,0,0
226412.755402946,40,2081.2,2269.2,2598.4,0,0,738595.850020317,0,0,0
226412.795402013,40,2053.6,2194.8,2412,0,0,738595.85002078,0,0,0
226412.835401079,40,2042.6,2157.4,2302.8,0,0,738595.850021243,0,0,0
226412.875400146,40,2036,2136.8,2261,0,0,738595.850021706,0,0,0
226412.915399212,40,2043,2144,2274.6,0,0,738595.850022169,0,0,0
226412.955398278,40,2047.4,2173.4,2350.4,0,0,738595.850022632,0,0,0
226412.995397345,40,2066.2,2235.8,2496.8,0,0,738595.850023095,0,0,0
226413.035396411,40,2110.6,2347,2672.8,0,0,738595.850023557,0,0,0
226413.075395478,40,2179.6,2539.4,2776.6,0,0,738595.85002402,0,0,0
226413.115394544,40,2294,2697.6,2657.4,0,0,738595.850024483,0,0,0
226413.15539361,40,2426.4,2736.4,2490.2,0,0,738595.850024946,0,0,0
226413.195392677,40,2537,2672.2,2360,0,0,738595.850025409,0,0,0
226413.235391743,40,2599.4,2595.2,2278.6,0,0,738595.850025872,0,0,0
226413.27539081,40,2621.4,2546.6,2246.8,0,0,738595.850026335,0,0,0
226413.315389876,40,2640.2,2579.8,2251.6,0,0,738595.850026798,0,0,0
226413.355388942,40,2647.6,2642.4,2286.8,0,0,738595.850027261,0,0,0
226413.395388009,40,2609.8,2690.4,2324.4,0,0,738595.850027724,0,0,0
226413.435387075,40,2554.2,2766.2,2401.8,0,0,738595.850028187,0,0,0
226413.475386142,40,2452,2841.8,2531.2,0,0,738595.85002865,0,0,0
226413.515385208,40,2319.4,2812.8,2743.6,0,0,738595.850029113,0,0,0
226413.555384274,40,2200,2639.6,2931.2,0,0,738595.850029576,0,0,0
226413.595383341,40,2111.8,2406.4,2886.2,0,0,738595.850030039,0,0,0
226413.635382407,40,2069,2247.2,2613.6,0,0,738595.850030502,0,0,0
226413.675381474,40,2044,2169.6,2381.4,0,0,738595.850030965,0,0,0
226413.71538054,40,2036,2131.4,2247.6,0,0,738595.850031428,0,0,0
226413.755379606,40,2026.4,2112.4,2185.8,0,0,738595.850031891,0,0,0
226413.795378673,40,2027.2,2100.2,2157.8,0,0,738595.850032354,0,0,0
226413.835377739,40,2018.6,2099.6,2150.8,0,0,738595.850032817,0,0,0
226413.875376806,40,2020.6,2108,2171.6,0,0,738595.85003328,0,0,0
226413.915375872,40,2036.4,2117.8,2217.4,0,0,738595.850033742,0,0,0
226413.955374938,40,2041.4,2151,2303.6,0,0,738595.850034205,0,0,0
226413.995374005,40,2060.6,2220.8,2456.2,0,0,738595.850034668,0,0,0
226414.035373071,40,2100.8,2333,2666.4,0,0,738595.850035131,0,0,0
226414.075372138,40,2167.6,2501.8,2772.4,0,0,738595.850035594,0,0,0
226414.115371204,40,2269.8,2670.8,2688.4,0,0,738595.850036057,0,0,0
226414.15537027,40,2394.2,2732.8,2526.2,0,0,738595.85003652,0,0,0
226414.195369337,40,2501.6,2684,2382,0,0,738595.850036983,0,0,0
226414.235368403,40,2570.2,2599.2,2297.6,0,0,738595.850037446,0,0,0
226414.27536747,40,2591,2530.6,2247.6,0,0,738595.850037909,0,0,0
226414.315366536,40,2605.8,2503.6,2226.8,0,0,738595.850038372,0,0,0
226414.355365602,40,2627.8,2524.4,2231.4,0,0,738595.850038835,0,0,0
226414.395364669,40,2642.4,2585.2,2251.8,0,0,738595.850039298,0,0,0
226414.435363735,40,2646,2621.4,2281.6,0,0,738595.850039761,0,0,0
226414.475362802,40,2622.4,2669.6,2310.4,0,0,738595.850040224,0,0,0
226414.515361868,40,2591,2739,2368.2,0,0,738595.850040687,0,0,0
226414.555360934,40,2522.2,2836.6,2465.6,0,0,738595.85004115,0,0,0
226414.595360001,40,2409.8,2892.6,2633.6,0,0,738595.850041613,0,0,0
226414.635359067,40,2285.2,2818.8,2861.8,0,0,738595.850042076,0,0,0
226414.675358134,40,2179.8,2609,2991.2,0,0,738595.850042538,0,0,0
226414.7153572,40,2110,2394.2,2882.2,0,0,738595.850043001,0,0,0
226414.755356266,40,2072.2,2260.2,2629.8,0,0,738595.850043464,0,0,0
226414.795355333,40,2049.2,2188.4,2417.4,0,0,738595.850043927,0,0,0
226414.835354399,40,2041.6,2155.8,2312,0,0,738595.85004439,0,0,0
226414.875353466,40,2040.6,2139,2257,0,0,738595.850044853,0,0,0
226414.915352532,40,2035.8,2142.2,2257,0,0,738595.850045316,0,0,0
226414.955351598,40,2044.6,2152.2,2291.4,0,0,738595.850045779,0,0,0
226414.995350665,40,2050.4,2180.8,2374,0,0,738595.850046242,0,0,0
226415.035349731,40,2070.2,2247.4,2517,0,0,738595.850046705,0,0,0
226415.075348798,40,2116,2376.2,2716.8,0,0,738595.850047168,0,0,0
226415.115347864,40,2191.2,2554.4,2756.8,0,0,738595.850047631,0,0,0
226415.15534693,40,2308.4,2692.4,2627,0,0,738595.850048094,0,0,0
226415.195345997,40,2430.2,2699.4,2450.4,0,0,738595.850048557,0,0,0
226415.235345063,40,2529.4,2605.6,2323.4,0,0,738595.85004902,0,0,0
226415.27534413,40,2574.6,2506.4,2240,0,0,738595.850049483,0,0,0
226415.315343196,40,2572.4,2441.6,2200.2,0,0,738595.850049946,0,0,0
226415.355342262,40,2576.4,2412.2,2180.6,0,0,738595.850050409,0,0,0
226415.395341329,40,2621.6,2458.6,2193,0,0,738595.850050872,0,0,0
226415.435340395,40,2633.2,2514.6,2225,0,0,738595.850051335,0,0,0
226415.475339462,40,2624.6,2595.4,2273.8,0,0,738595.850051798,0,0,0
226415.515338528,40,2582.2,2714,2357,0,0,738595.850052261,0,0,0
226415.555337594,40,2476,2847.4,2514.4,0,0,738595.850052723,0,0,0
226415.595336661,40,2317.8,2834,2759.6,0,0,738595.850053186,0,0,0
226415.635335727,40,2193.6,2627.2,2980.6,0,0,738595.850053649,0,0,0
226415.675334794,40,2108.8,2390.6,2889.4,0,0,738595.850054112,0,0,0
226415.71533386,40,2071.6,2255.2,2619,0,0,738595.850054575,0,0,0
226415.755332926,40,2049,2182.8,2406.8,0,0,738595.850055038,0,0,0
226415.795331993,40,2041.8,2146.4,2303.4,0,0,738595.850055501,0,0,0
226415.835331059,40,2037.6,2142,2258.4,0,0,738595.850055964,0,0,0
226415.875330126,40,2039,2149.2,2289.2,0,0,738595.850056427,0,0,0
226415.915329192,40,2050.8,2180.6,2359.2,0,0,738595.85005689,0,0,0
226415.955328258,40,2068.4,2237.2,2513.2,0,0,738595.850057353,0,0,0
226415.995327325,40,2104,2339.4,2655.8,0,0,738595.850057816,0,0,0
226416.035326391,40,2167.6,2516,2784,0,0,738595.850058279,0,0,0
226416.075325458,40,2277.2,2706.8,2708,0,0,738595.850058742,0,0,0
226416.115324524,40,2422.2,2791.6,2530.2,0,0,738595.850059205,0,0,0
226416.15532359,40,2554.2,2707.8,2372.6,0,0,738595.850059668,0,0,0
226416.195322657,40,2612.4,2575.8,2267,0,0,738595.850060131,0,0,0
226416.235321723,40,2610.6,2481.2,2210,0,0,738595.850060594,0,0,0
226416.27532079,40,2612,2445.8,2193.2,0,0,738595.850061057,0,0,0
226416.315319856,40,2637.4,2479.4,2208,0,0,738595.85006152,0,0,0
226416.355318922,40,2646.2,2557.8,2243.2,0,0,738595.850061983,0,0,0
226416.395317989,40,2630,2649.6,2299.8,0,0,738595.850062446,0,0,0
226416.435317055,40,2565.2,2786.4,2408.8,0,0,738595.850062908,0,0,0
226416.475316122,40,2423.2,2887.4,2609,0,0,738595.850063371,0,0,0
226416.515315188,40,2270.8,2796.2,2870.8,0,0,738595.850063834,0,0,0
226416.555314254,40,2159.8,2548.6,2987.6,0,0,738595.850064297,0,0,0
226416.595313321,40,2098,2344.4,2815,0,0,738595.85006476,0,0,0
226416.635312387,40,2067,2239.6,2576.4,0,0,738595.850065223,0,0,0
226416.675311454,40,2047,2184,2421.4,0,0,738595.850065686,0,0,0
226416.71531052,40,2043,2160.2,2341.2,0,0,738595.850066149,0,0,0
226416.755309586,40,2047,2164.4,2326,0,0,738595.850066612,0,0,0
226416.795308653,40,2053.8,2185.6,2386,0,0,738595.850067075,0,0,0
226416.835307719,40,2068.8,2237.6,2502.2,0,0,738595.850067538,0,0,0
226416.875306786,40,2099.4,2332.4,2670.6,0,0,738595.850068001,0,0,0
226416.915305852,40,2159.8,2471.8,2744.6,0,0,738595.850068464,0,0,0
226416.955304918,40,2252.2,2643,2695.4,0,0,738595.850068927,0,0,0
226416.995303985,40,2384.8,2741.6,2538.8,0,0,738595.85006939,0,0,0
226417.035303051,40,2524.2,2709.8,2383.8,0,0,738595.850069853,0,0,0
226417.075302118,40,2601.2,2581,2277.4,0,0,738595.850070316,0,0,0
226417.115301184,40,2605.2,2472.8,2208.6,0,0,738595.850070779,0,0,0
226417.15530025,40,2586.6,2403.8,2179.8,0,0,738595.850071241,0,0,0
226417.195299317,40,2598.8,2412.6,2173.6,0,0,738595.850071704,0,0,0
226417.235298383,40,2635.6,2472,2200.6,0,0,738595.850072167,0,0,0
226417.27529745,40,2639.8,2552,2248.2,0,0,738595.85007263,0,0,0
226417.315296516,40,2605.6,2680.4,2331.6,0,0,738595.850073093,0,0,0
226417.355295582,40,2498.4,2833.4,2485.4,0,0,738595.850073556,0,0,0
226417.395294649,40,2339,2862,2743.8,0,0,738595.850074019,0,0,0
226417.435293715,40,2200.8,2661.4,2944,0,0,738595.850074482,0,0,0
226417.475292782,40,2119.4,2432,2908.6,0,0,738595.850074945,0,0,0
226417.515291848,40,2076.8,2290.6,2696.6,0,0,738595.850075408,0,0,0
226417.555290914,40,2063,2220.8,2505.6,0,0,738595.850075871,0,0,0
226417.595289981,40,2047.4,2188,2408.2,0,0,738595.850076334,0,0,0
226417.635289047,40,2052.2,2188.4,2389.2,0,0,738595.850076797,0,0,0
226417.675288114,40,2065.2,2217.6,2460.4,0,0,738595.85007726,0,0,0
226417.71528718,40,2089,2286,2598,0,0,738595.850077723,0,0,0
226417.755286246,40,2130.6,2424.8,2766.8,0,0,738595.850078186,0,0,0
226417.795285313,40,2204.4,2573.6,2734.8,0,0,738595.850078649,0,0,0
226417.835284379,40,2316.2,2685.8,2604.2,0,0,738595.850079112,0,0,0
226417.875283446,40,2445.4,2709.6,2445.8,0,0,738595.850079575,0,0,0
226417.915282512,40,2546.4,2625.2,2323,0,0,738595.850080038,0,0,0
226417.955281578,40,2594.8,2508.4,2235,0,0,738595.850080501,0,0,0
226417.995280645,40,2584.2,2417.6,2183,0,0,738595.850080964,0,0,0
226418.035279711,40,2555.8,2376.4,2165.2,0,0,738595.850081427,0,0,0
226418.075278778,40,2579.6,2394.4,2160.6,0,0,738595.850081889,0,0,0
226418.115277844,40,2614.6,2433.8,2190.4,0,0,738595.850082352,0,0,0
226418.15527691,40,2626.6,2504.8,2219.4,0,0,738595.850082815,0,0,0
226418.195275977,40,2624.8,2621.4,2281.2,0,0,738595.850083278,0,0,0
226418.235275043,40,2566.2,2783.4,2413,0,0,738595.850083741,0,0,0
226418.27527411,40,2414.2,2893.8,2636,0,0,738595.850084204,0,0,0
226418.315273176,40,2255,2769.2,2895.8,0,0,738595.850084667,0,0,0
226418.355272242,40,2151.4,2529.8,2958.4,0,0,738595.85008513,0,0,0
226418.395271309,40,2100,2351.8,2795.4,0,0,738595.850085593,0,0,0
226418.435270375,40,2071.2,2260.2,2592.4,0,0,738595.850086056,0,0,0
226418.475269442,40,2063.8,2220.4,2468.2,0,0,738595.850086519,0,0,0
226418.515268508,40,2064,2220.4,2476,0,0,738595.850086982,0,0,0
226418.555267574,40,2079.4,2258.6,2550.4,0,0,738595.850087445,0,0,0
226418.595266641,40,2114.2,2360.4,2704.8,0,0,738595.850087908,0,0,0
226418.635265707,40,2173.2,2491.2,2739.4,0,0,738595.850088371,0,0,0
226418.675264774,40,2266.4,2663.8,2682.8,0,0,738595.850088834,0,0,0
226418.71526384,40,2402,2745.2,2520.8,0,0,738595.850089297,0,0,0
226418.755262906,40,2522,2674.2,2364.4,0,0,738595.85008976,0,0,0
226418.795261973,40,2585.2,2536.8,2259.2,0,0,738595.850090223,0,0,0
226418.835261039,40,2577.8,2430.6,2197.4,0,0,738595.850090686,0,0,0
226418.875260106,40,2540.4,2364.6,2160.8,0,0,738595.850091149,0,0,0
226418.915259172,40,2527,2343.2,2148.8,0,0,738595.850091612,0,0,0
226418.955258238,40,2563.2,2371.6,2160.6,0,0,738595.850092074,0,0,0
226418.995257305,40,2599,2419.8,2181.6,0,0,738595.850092537,0,0,0
226419.035256371,40,2641.8,2526.6,2227.6,0,0,738595.850093,0,0,0
226419.075255438,40,2620,2688.8,2325.6,0,0,738595.850093463,0,0,0
226419.115254504,40,2491.8,2883.2,2522,0,0,738595.850093926,0,0,0
226419.15525357,40,2309.2,2843.8,2826,0,0,738595.850094389,0,0,0
226419.195252637,40,2175.4,2589.4,2985.4,0,0,738595.850094852,0,0,0
226419.235251703,40,2103.6,2373.6,2845.6,0,0,738595.850095315,0,0,0
226419.27525077,40,2071.4,2261,2614.2,0,0,738595.850095778,0,0,0
226419.315249836,40,2054.8,2202.8,2450.8,0,0,738595.850096241,0,0,0
226419.355248902,40,2053.6,2185,2380,0,0,738595.850096704,0,0,0
226419.395247969,40,2058.8,2200,2418.6,0,0,738595.850097167,0,0,0
226419.435247035,40,2072.2,2248.2,2512.6,0,0,738595.85009763,0,0,0
226419.475246102,40,2100.6,2341.8,2694.4,0,0,738595.850098093,0,0,0
226419.515245168,40,2163.2,2478,2738.8,0,0,738595.850098556,0,0,0
226419.555244234,40,2255.6,2656.8,2703,0,0,738595.850099019,0,0,0
226419.595243301,40,2392.8,2742.4,2540.8,0,0,738595.850099482,0,0,0
226419.635242367,40,2523.2,2699.2,2380.4,0,0,738595.850099945,0,0,0
226419.675241434,40,2589.8,2568.6,2267.6,0,0,738595.850100407,0,0,0
226419.7152405,40,2592.8,2448.6,2199.4,0,0,738595.85010087,0,0,0
226419.755239566,40,2570.2,2383.4,2165.4,0,0,738595.850101333,0,0,0
226419.795238633,40,2571,2375.6,2160.8,0,0,738595.850101796,0,0,0
226419.835237699,40,2595.2,2420.4,2178.6,0,0,738595.850102259,0,0,0
226419.875236766,40,2618.4,2485.6,2214,0,0,738595.850102722,0,0,0
226419.915235832,40,2618.4,2585.8,2266.2,0,0,738595.850103185,0,0,0
226419.955234898,40,2565,2730.6,2376.8,0,0,738595.850103648,0,0,0
226419.995233965,40,2433.6,2852.4,2570.2,0,0,738595.850104111,0,0,0
226420.035233031,40,2274.2,2770.4,2825.2,0,0,738595.850104574,0,0,0
226420.075232098,40,2164.4,2544.6,2936.8,0,0,738595.850105037,0,0,0
226420.115231164,40,2098.4,2352.6,2805,0,0,738595.8501055,0,0,0
226420.15523023,40,2067.8,2247.6,2591.6,0,0,738595.850105963,0,0,0
226420.195229297,40,2053.4,2200,2444,0,0,738595.850106426,0,0,0
226420.235228363,40,2046.2,2178.2,2378.4,0,0,738595.850106889,0,0,0
226420.27522743,40,2054,2178.6,2372.4,0,0,738595.850107352,0,0,0
226420.315226496,40,2056.4,2206.4,2439,0,0,738595.850107815,0,0,0
226420.355225562,40,2073,2266.2,2562.8,0,0,738595.850108278,0,0,0
226420.395224629,40,2110.4,2357,2714.4,0,0,738595.850108741,0,0,0
226420.435223695,40,2167.2,2487.8,2753,0,0,738595.850109204,0,0,0
226420.475222762,40,2245.8,2623.4,2687.6,0,0,738595.850109667,0,0,0
226420.515221828,40,2359.8,2718.8,2561.4,0,0,738595.85011013,0,0,0
226420.555220894,40,2473.4,2714.6,2432,0,0,738595.850110592,0,0,0
226420.595219961,40,2568.2,2649.4,2324.6,0,0,738595.850111055,0,0,0
226420.635219027,40,2607.8,2568,2269.2,0,0,738595.850111518,0,0,0
226420.675218094,40,2617.6,2548.2,2252.2,0,0,738595.850111981,0,0,0
226420.71521716,40,2635.2,2610.4,2275.8,0,0,738595.850112444,0,0,0
226420.755216226,40,2623,2686.2,2321,0,0,738595.850112907,0,0,0
226420.795215293,40,2576.2,2777.2,2399.4,0,0,738595.85011337,0,0,0
226420.835214359,40,2463.6,2841.8,2524.6,0,0,738595.850113833,0,0,0
226420.875213426,40,2327.8,2812.4,2718.2,0,0,738595.850114296,0,0,0
226420.915212492,40,2204.4,2616,2861.2,0,0,738595.850114759,0,0,0
226420.955211558,40,2118.6,2399.8,2794.6,0,0,738595.850115222,0,0,0
226420.995210625,40,2073.2,2261.4,2598.2,0,0,738595.850115685,0,0,0
226421.035209691,40,2050.6,2181.4,2417.8,0,0,738595.850116148,0,0,0
226421.075208758,40,2042.6,2149.8,2303.2,0,0,738595.850116611,0,0,0
226421.115207824,40,2034,2127.8,2241.8,0,0,738595.850117074,0,0,0
226421.15520689,40,2034.6,2122.6,2219.8,0,0,738595.850117537,0,0,0
226421.195205957,40,2035,2127.2,2234.2,0,0,738595.850118,0,0,0
226421.235205023,40,2035.2,2134.4,2263.6,0,0,738595.850118463,0,0,0
226421.27520409,40,2044.6,2149.6,2309.4,0,0,738595.850118926,0,0,0
226421.315203156,40,2052.2,2178.4,2379.8,0,0,738595.850119389,0,0,0
226421.355202222,40,2066.4,2229.2,2484.6,0,0,738595.850119852,0,0,0
226421.395201289,40,2095.6,2316.6,2640.8,0,0,738595.850120315,0,0,0
226421.435200355,40,2146.6,2456,2788.6,0,0,738595.850120777,0,0,0
226421.475199422,40,2218.2,2635.6,2788.4,0,0,738595.85012124,0,0,0
226421.515198488,40,2329.2,2758.4,2650.8,0,0,738595.850121703,0,0,0
226421.555197554,40,2442.4,2770.4,2490.4,0,0,738595.850122166,0,0,0
226421.595196621,40,2528.8,2703.2,2385.8,0,0,738595.850122629,0,0,0
226421.635195687,40,2573.6,2651.8,2323.2,0,0,738595.850123092,0,0,0
226421.675194754,40,2579.4,2662,2334.2,0,0,738595.850123555,0,0,0
226421.71519382,40,2561.4,2732.4,2380.8,0,0,738595.850124018,0,0,0
226421.755192886,40,2518.4,2800.4,2452.2,0,0,738595.850124481,0,0,0
226421.795191953,40,2436.6,2848.6,2563.4,0,0,738595.850124944,0,0,0
226421.835191019,40,2331.2,2826.6,2734.4,0,0,738595.850125407,0,0,0
226421.875190086,40,2219.4,2677.8,2898.8,0,0,738595.85012587,0,0,0
226421.915189152,40,2132.8,2456.6,2889,0,0,738595.850126333,0,0,0
226421.955188218,40,2079.6,2288.6,2668.6,0,0,738595.850126796,0,0,0
226421.995187285,40,2053.2,2190.4,2431.8,0,0,738595.850127259,0,0,0
226422.035186351,40,2037.2,2141.6,2286.6,0,0,738595.850127722,0,0,0
226422.075185418,40,2026.8,2119.8,2207,0,0,738595.850128185,0,0,0
226422.115184484,40,2023.8,2100,2172.4,0,0,738595.850128648,0,0,0
226422.15518355,40,2022.4,2098.2,2154,0,0,738595.850129111,0,0,0
226422.195182617,40,2022.4,2106.6,2164.6,0,0,738595.850129573,0,0,0
226422.235181683,40,2029.6,2111,2194.8,0,0,738595.850130036,0,0,0
226422.27518075,40,2035.2,2132.4,2248.6,0,0,738595.850130499,0,0,0
226422.315179816,40,2044.8,2161.4,2337,0,0,738595.850130962,0,0,0
226422.355178882,40,2062.4,2234,2501.2,0,0,738595.850131425,0,0,0
226422.395177949,40,2104.4,2346.8,2711.8,0,0,738595.850131888,0,0,0
226422.435177015,40,2179,2539,2790.6,0,0,738595.850132351,0,0,0
226422.475176082,40,2290.8,2707.8,2683.2,0,0,738595.850132814,0,0,0
226422.515175148,40,2427.8,2738,2494.6,0,0,738595.850133277,0,0,0
226422.555174214,40,2540.2,2646.4,2343.8,0,0,738595.85013374,0,0,0
226422.595173281,40,2577.4,2533.8,2252,0,0,738595.850134203,0,0,0
226422.635172347,40,2583.6,2462.6,2207.8,0,0,738595.850134666,0,0,0
226422.675171414,40,2588.8,2450.6,2201.6,0,0,738595.850135129,0,0,0
226422.71517048,40,2617,2500.8,2223.4,0,0,738595.850135592,0,0,0
226422.755169546,40,2638.8,2582,2259.2,0,0,738595.850136055,0,0,0
226422.795168613,40,2618.2,2688.6,2326.2,0,0,738595.850136518,0,0,0
226422.835167679,40,2548.4,2814.8,2430,0,0,738595.850136981,0,0,0
226422.875166746,40,2417.6,2860.2,2599.6,0,0,738595.850137444,0,0,0
226422.915165812,40,2279,2761.8,2799.4,0,0,738595.850137907,0,0,0
226422.955164878,40,2176.4,2544,2846.8,0,0,738595.85013837,0,0,0
226422.995163945,40,2114,2365,2724.4,0,0,738595.850138833,0,0,0
226423.035163011,40,2079.8,2263.6,2565.6,0,0,738595.850139296,0,0,0
226423.075162078,40,2062,2208.6,2457.8,0,0,738595.850139758,0,0,0
226423.115161144,40,2050.6,2184.8,2403.4,0,0,738595.850140221,0,0,0
226423.15516021,40,2043.6,2178.2,2391.4,0,0,738595.850140684,0,0,0
226423.195159277,40,2050.8,2182.8,2423.6,0,0,738595.850141147,0,0,0
226423.235158343,40,2047.4,2195.4,2459.6,0,0,738595.85014161,0,0,0
226423.27515741,40,2060.2,2217.2,2516.2,0,0,738595.850142073,0,0,0
226423.315156476,40,2072.2,2255.8,2605.2,0,0,738595.850142536,0,0,0
226423.355155542,40,2092.6,2326.6,2693.2,0,0,738595.850142999,0,0,0
226423.395154609,40,2133.2,2407.4,2712.4,0,0,738595.850143462,0,0,0
226423.435153675,40,2192.6,2557.6,2756.8,0,0,738595.850143925,0,0,0
226423.475152742,40,2300,2739.6,2712.4,0,0,738595.850144388,0,0,0
226423.515151808,40,2435,2824.8,2548,0,0,738595.850144851,0,0,0
226423.555150874,40,2553.4,2735.4,2381.8,0,0,738595.850145314,0,0,0
226423.595149941,40,2613.2,2588.8,2272.2,0,0,738595.850145777,0,0,0
226423.635149007,40,2612.6,2472.2,2209.6,0,0,738595.85014624,0,0,0
226423.675148074,40,2592,2413.4,2181.4,0,0,738595.850146703,0,0,0
226423.71514714,40,2587,2410.4,2179,0,0,738595.850147166,0,0,0
226423.755146206,40,2625.6,2459.4,2197,0,0,738595.850147629,0,0,0
226423.795145273,40,2635.4,2523.6,2224,0,0,738595.850148092,0,0,0
226423.835144339,40,2622.6,2617.8,2288.2,0,0,738595.850148555,0,0,0
226423.875143406,40,2572.4,2742.6,2379.2,0,0,738595.850149018,0,0,0
226423.915142472,40,2453.2,2842.6,2542.4,0,0,738595.850149481,0,0,0
226423.955141538,40,2298.2,2775.2,2752.8,0,0,738595.850149943,0,0,0
226423.995140605,40,2180.2,2561.4,2858.8,0,0,738595.850150406,0,0,0
226424.035139671,40,2110.4,2366.2,2739.4,0,0,738595.850150869,0,0,0
226424.075138738,40,2067.6,2238.2,2541.8,0,0,738595.850151332,0,0,0
226424.115137804,40,2045.6,2176.2,2379.8,0,0,738595.850151795,0,0,0
226424.15513687,40,2037.8,2144.2,2283,0,0,738595.850152258,0,0,0
226424.195135937,40,2033.6,2128.8,2232.2,0,0,738595.850152721,0,0,0
226424.235135003,40,2032.6,2122.4,2224,0,0,738595.850153184,0,0,0
226424.27513407,40,2031,2125.6,2246.8,0,0,738595.850153647,0,0,0
226424.315133136,40,2036.2,2143.6,2291.8,0,0,738595.85015411,0,0,0
226424.355132202,40,2050.6,2182.4,2387.2,0,0,738595.850154573,0,0,0
226424.395131269,40,2070.4,2243.4,2522.8,0,0,738595.850155036,0,0,0
226424.435130335,40,2111.4,2364.8,2691.4,0,0,738595.850155499,0,0,0
226424.475129402,40,2185.4,2566.2,2802.6,0,0,738595.850155962,0,0,0
226424.515128468,40,2309.8,2774.6,2705.4,0,0,738595.850156425,0,0,0
226424.555127534,40,2468.2,2808.4,2493,0,0,738595.850156888,0,0,0
226424.595126601,40,2594,2681.2,2329.2,0,0,738595.850157351,0,0,0
226424.635125667,40,2620.2,2531.2,2236,0,0,738595.850157814,0,0,0
226424.675124734,40,2598.2,2449.2,2193.8,0,0,738595.850158277,0,0,0
226424.7151238,40,2615.4,2446,2190,0,0,738595.850158739,0,0,0
226424.755122866,40,2633.2,2504.6,2217.2,0,0,738595.850159202,0,0,0
226424.795121933,40,2642.8,2577,2253.8,0,0,738595.850159665,0,0,0
226424.835120999,40,2609.4,2684.2,2329.2,0,0,738595.850160128,0,0,0
226424.875120066,40,2519.8,2813,2451.8,0,0,738595.850160591,0,0,0
226424.915119132,40,2373.8,2836.2,2645.6,0,0,738595.850161054,0,0,0
226424.955118198,40,2229.8,2673.4,2826,0,0,738595.850161517,0,0,0
226424.995117265,40,2136.8,2446.8,2820.6,0,0,738595.85016198,0,0,0
226425.035116331,40,2082.8,2288.4,2629.6,0,0,738595.850162443,0,0,0
226425.075115398,40,2054.2,2200.2,2439.6,0,0,738595.850162906,0,0,0
226425.115114464,40,2041.4,2145.8,2308.8,0,0,738595.850163369,0,0,0
226425.15511353,40,2034,2128.4,2243,0,0,738595.850163832,0,0,0
226425.195112597,40,2028.8,2119,2219.6,0,0,738595.850164295,0,0,0
226425.235111663,40,2029,2120.6,2225.2,0,0,738595.850164758,0,0,0
226425.27511073,40,2039.2,2138.6,2263.6,0,0,738595.850165221,0,0,0
226425.315109796,40,2044,2162.4,2340.8,0,0,738595.850165684,0,0,0
226425.355108862,40,2064.6,2210.6,2453.6,0,0,738595.850166147,0,0,0
226425.395107929,40,2093,2310.6,2628,0,0,738595.85016661,0,0,0
226425.435106995,40,2149.4,2480.4,2819.8,0,0,738595.850167073,0,0,0
226425.475106062,40,2249.6,2693.4,2780,0,0,738595.850167536,0,0,0
226425.515105128,40,2389.4,2826.8,2602.4,0,0,738595.850167999,0,0,0
226425.555104194,40,2533.8,2754,2410,0,0,738595.850168462,0,0,0
226425.595103261,40,2616.4,2608.2,2281,0,0,738595.850168924,0,0,0
226425.635102327,40,2612,2482.2,2211.4,0,0,738595.850169387,0,0,0
226425.675101394,40,2576.8,2409.2,2182.2,0,0,738595.85016985,0,0,0
226425.71510046,40,2571.2,2396,2168.4,0,0,738595.850170313,0,0,0
226425.755099526,40,2594.4,2433.8,2184.6,0,0,738595.850170776,0,0,0
226425.795098593,40,2616.8,2492.8,2221.2,0,0,738595.850171239,0,0,0
226425.835097659,40,2621.4,2585.2,2269,0,0,738595.850171702,0,0,0
226425.875096726,40,2573,2735.6,2377.2,0,0,738595.850172165,0,0,0
226425.915095792,40,2434.6,2839.4,2569,0,0,738595.850172628,0,0,0
226425.955094858,40,2263.4,2727.6,2786.4,0,0,738595.850173091,0,0,0
226425.995093925,40,2148.6,2478,2825.2,0,0,738595.850173554,0,0,0
226426.035092991,40,2085.8,2300.6,2641,0,0,738595.850174017,0,0,0
226426.075092058,40,2056.8,2202.4,2444,0,0,738595.85017448,0,0,0
226426.115091124,40,2040.8,2154.4,2312.8,0,0,738595.850174943,0,0,0
226426.15509019,40,2038.6,2130.2,2246.8,0,0,738595.850175406,0,0,0
226426.195089257,40,2033.4,2120.8,2221.2,0,0,738595.850175869,0,0,0
226426.235088323,40,2036.6,2124.4,2238.2,0,0,738595.850176332,0,0,0
226426.27508739,40,2039.4,2148.8,2296,0,0,738595.850176795,0,0,0
226426.315086456,40,2052.6,2191.2,2391.2,0,0,738595.850177258,0,0,0
226426.355085522,40,2077.2,2265.4,2569.8,0,0,738595.850177721,0,0,0
226426.395084589,40,2127.2,2421.4,2797.8,0,0,738595.850178184,0,0,0
226426.435083655,40,2220,2648.4,2821,0,0,738595.850178647,0,0,0
226426.475082722,40,2372,2807.4,2623.8,0,0,738595.850179109,0,0,0
226426.515081788,40,2529.2,2746.6,2402,0,0,738595.850179572,0,0,0
226426.555080854,40,2608.4,2558.4,2260.6,0,0,738595.850180035,0,0,0
226426.595079921,40,2568.2,2411,2183.4,0,0,738595.850180498,0,0,0
226426.635078987,40,2509.4,2329.2,2142.4,0,0,738595.850180961,0,0,0
226426.675078054,40,2476.6,2302.8,2133.4,0,0,738595.850181424,0,0,0
226426.71507712,40,2507.6,2322.2,2137.6,0,0,738595.850181887,0,0,0
226426.755076186,40,2549.2,2361,2156.2,0,0,738595.85018235,0,0,0
226426.795075253,40,2597.8,2429.6,2184.8,0,0,738595.850182813,0,0,0
226426.835074319,40,2627.6,2544,2245.2,0,0,738595.850183276,0,0,0
226426.875073386,40,2593.6,2716.8,2355,0,0,738595.850183739,0,0,0
226426.915072452,40,2449.8,2840.8,2556.2,0,0,738595.850184202,0,0,0
226426.955071518,40,2272.2,2750.4,2782.8,0,0,738595.850184665,0,0,0
226426.995070585,40,2155,2504,2845.6,0,0,738595.850185128,0,0,0
226427.035069651,40,2094.8,2318,2680.2,0,0,738595.850185591,0,0,0
226427.075068718,40,2060.6,2218,2481.2,0,0,738595.850186054,0,0,0
226427.115067784,40,2043,2167.2,2341.4,0,0,738595.850186517,0,0,0
226427.15506685,40,2034.8,2136.6,2265.4,0,0,738595.85018698,0,0,0
226427.195065917,40,2034.2,2122,2230,0,0,738595.850187442,0,0,0
226427.235064983,40,2034,2126,2233.6,0,0,738595.850187905,0,0,0
226427.27506405,40,2034.6,2138.2,2277.8,0,0,738595.850188368,0,0,0
226427.315063116,40,2048.6,2166.8,2348,0,0,738595.850188831,0,0,0
226427.355062182,40,2066.2,2222.6,2471.2,0,0,738595.850189294,0,0,0
226427.395061249,40,2095.2,2331.8,2693.2,0,0,738595.850189757,0,0,0
226427.435060315,40,2164.4,2525.2,2833.8,0,0,738595.85019022,0,0,0
226427.475059382,40,2282,2724.6,2729,0,0,738595.850190683,0,0,0
226427.515058448,40,2440.6,2776.4,2501.6,0,0,738595.850191146,0,0,0
226427.555057514,40,2568.4,2653.4,2333.6,0,0,738595.850191609,0,0,0
226427.595056581,40,2593.6,2487.2,2222.8,0,0,738595.850192072,0,0,0
226427.635055647,40,2537.4,2369.4,2163.8,0,0,738595.850192535,0,0,0
226427.675054714,40,2485.4,2313.4,2138.4,0,0,738595.850192998,0,0,0
226427.71505378,40,2475.8,2301.4,2133.2,0,0,738595.850193461,0,0,0
226427.755052846,40,2521.8,2336,2140.8,0,0,738595.850193924,0,0,0
226427.795051913,40,2571.6,2383,2166.6,0,0,738595.850194387,0,0,0
226427.835050979,40,2621.2,2468.6,2207.6,0,0,738595.85019485,0,0,0
226427.875050046,40,2631.6,2611.6,2284.8,0,0,738595.850195313,0,0,0
226427.915049112,40,2544.2,2794.4,2421.6,0,0,738595.850195776,0,0,0
226427.955048178,40,2376,2834.4,2648.2,0,0,738595.850196239,0,0,0
226427.995047245,40,2223,2659.4,2829.8,0,0,738595.850196702,0,0,0
226428.035046311,40,2132,2428.4,2796.4,0,0,738595.850197165,0,0,0
226428.075045378,40,2083.4,2284.8,2616,0,0,738595.850197627,0,0,0
226428.115044444,40,2061,2204.4,2451.4,0,0,738595.85019809,0,0,0
226428.15504351,40,2045.6,2169.8,2348.8,0,0,738595.850198553,0,0,0
226428.195042577,40,2040.2,2148.2,2295,0,0,738595.850199016,0,0,0
226428.235041643,40,2039,2141.8,2284.4,0,0,738595.850199479,0,0,0
226428.27504071,40,2045,2153,2330.4,0,0,738595.850199942,0,0,0
226428.315039776,40,2052,2186.8,2410,0,0,738595.850200405,0,0,0
226428.355038842,40,2072.2,2238.8,2542.2,0,0,738595.850200868,0,0,0
226428.395037909,40,2105,2337.4,2664.2,0,0,738595.850201331,0,0,0
226428.435036975,40,2159.6,2490.2,2766.6,0,0,738595.850201794,0,0,0
226428.475036042,40,2267,2692.6,2726.4,0,0,738595.850202257,0,0,0
226428.515035108,40,2405,2792.4,2550.6,0,0,738595.85020272,0,0,0
226428.555034174,40,2547.6,2707.2,2365.8,0,0,738595.850203183,0,0,0
226428.595033241,40,2609.6,2546.8,2250.4,0,0,738595.850203646,0,0,0
226428.635032307,40,2572.4,2407,2174.6,0,0,738595.850204109,0,0,0
226428.675031374,40,2515.2,2326.2,2145.4,0,0,738595.850204572,0,0,0
226428.71503044,40,2485.6,2298.8,2131,0,0,738595.850205035,0,0,0
226428.755029506,40,2500.2,2311.4,2135.4,0,0,738595.850205498,0,0,0
226428.795028573,40,2542.4,2358,2149.2,0,0,738595.850205961,0,0,0
226428.835027639,40,2582.4,2422,2180.6,0,0,738595.850206424,0,0,0
226428.875026706,40,2624.6,2509.6,2228,0,0,738595.850206887,0,0,0
226428.915025772,40,2614.2,2654,2307.8,0,0,738595.85020735,0,0,0
226428.955024838,40,2518.8,2805.2,2448.6,0,0,738595.850207812,0,0,0
226428.995023905,40,2360.2,2824,2663.2,0,0,738595.850208275,0,0,0
226429.035022971,40,2229.4,2668.6,2843.6,0,0,738595.850208738,0,0,0
226429.075022038,40,2139.8,2456.8,2840.4,0,0,738595.850209201,0,0,0
226429.115021104,40,2091.4,2305.8,2674,0,0,738595.850209664,0,0,0
226429.15502017,40,2065,2223,2502.2,0,0,738595.850210127,0,0,0
226429.195019237,40,2051.2,2178.6,2392.4,0,0,738595.85021059,0,0,0
226429.235018303,40,2042.2,2156.2,2330.6,0,0,738595.850211053,0,0,0
226429.27501737,40,2040.6,2150,2321,0,0,738595.850211516,0,0,0
226429.315016436,40,2042.6,2162.8,2352.2,0,0,738595.850211979,0,0,0
226429.355015502,40,2046,2181,2400.4,0,0,738595.850212442,0,0,0
226429.395014569,40,2060.8,2214.8,2482.2,0,0,738595.850212905,0,0,0
226429.435013635,40,2081.2,2280.4,2590.2,0,0,738595.850213368,0,0,0
226429.475012702,40,2123.8,2384.6,2711,0,0,738595.850213831,0,0,0
226429.515011768,40,2193.4,2568.2,2798,0,0,738595.850214294,0,0,0
226429.555010834,40,2306.2,2745.6,2682.6,0,0,738595.850214757,0,0,0
226429.595009901,40,2459.8,2766.2,2483.2,0,0,738595.85021522,0,0,0
226429.635008967,40,2573.8,2651.2,2324.6,0,0,738595.850215683,0,0,0
226429.675008034,40,2595.4,2489,2220.4,0,0,738595.850216146,0,0,0
226429.7150071,40,2536,2370.8,2165,0,0,738595.850216608,0,0,0
226429.755006166,40,2485.8,2307.6,2140,0,0,738595.850217071,0,0,0
226429.795005233,40,2482,2302.6,2136.8,0,0,738595.850217534,0,0,0
226429.835004299,40,2529.4,2342.4,2148.6,0,0,738595.850217997,0,0,0
226429.875003366,40,2572.8,2386.4,2168.6,0,0,738595.85021846,0,0,0
226429.915002432,40,2616.2,2470.2,2203.8,0,0,738595.850218923,0,0,0
226429.955001498,40,2629.8,2590.8,2269,0,0,738595.850219386,0,0,0
226429.995000565,40,2567.4,2761,2388.6,0,0,738595.850219849,0,0,0
226430.034999631,40,2416,2856.2,2590,0,0,738595.850220312,0,0,0
226430.074998698,40,2270.4,2745.8,2805.2,0,0,738595.850220775,0,0,0
226430.114997764,40,2166.2,2533.2,2873.6,0,0,738595.850221238,0,0,0
226430.15499683,40,2114.6,2380,2775,0,0,738595.850221701,0,0,0
226430.194995897,40,2080.2,2286.2,2634.8,0,0,738595.850222164,0,0,0
226430.234994963,40,2067.2,2238.8,2544.4,0,0,738595.850222627,0,0,0
226430.27499403,40,2059,2229.2,2507,0,0,738595.85022309,0,0,0
226430.314993096,40,2066.6,2233,2543.8,0,0,738595.850223553,0,0,0
226430.354992162,40,2078,2268.8,2601,0,0,738595.850224016,0,0,0
226430.394991229,40,2096.6,2316.8,2678.4,0,0,738595.850224479,0,0,0
226430.434990295,40,2124.6,2393.6,2745.8,0,0,738595.850224942,0,0,0
226430.474989362,40,2173.4,2505.6,2753.2,0,0,738595.850225405,0,0,0
226430.514988428,40,2253.2,2664.2,2718,0,0,738595.850225868,0,0,0
226430.554987494,40,2380.6,2750.2,2562,0,0,738595.850226331,0,0,0
226430.594986561,40,2504.2,2700.4,2399.6,0,0,738595.850226793,0,0,0
226430.634985627,40,2571.8,2562.6,2275.8,0,0,738595.850227256,0,0,0
226430.674984694,40,2553.6,2425.8,2197.4,0,0,738595.850227719,0,0,0
226430.71498376,40,2500.2,2335.4,2148,0,0,738595.850228182,0,0,0
226430.754982826,40,2448.6,2292.8,2128.2,0,0,738595.850228645,0,0,0
226430.794981893,40,2483,2311.4,2134.2,0,0,738595.850229108,0,0,0
226430.834980959,40,2505,2336.8,2148.8,0,0,738595.850229571,0,0,0
226430.874980026,40,2529.6,2354.2,2157,0,0,738595.850230034,0,0,0
226430.914979092,40,2569.8,2385.4,2167,0,0,738595.850230497,0,0,0
226430.954978158,40,2617.4,2458.6,2198,0,0,738595.85023096,0,0,0
226430.994977225,40,2643.8,2587.6,2263.4,0,0,738595.850231423,0,0,0
226431.034976291,40,2594,2779.4,2387.4,0,0,738595.850231886,0,0,0
226431.074975358,40,2439.6,2894.2,2595.8,0,0,738595.850232349,0,0,0
226431.114974424,40,2274,2785.4,2848.6,0,0,738595.850232812,0,0,0
226431.15497349,40,2164,2545.6,2954.6,0,0,738595.850233275,0,0,0
226431.194972557,40,2100,2340,2769.2,0,0,738595.850233738,0,0,0
226431.234971623,40,2062.8,2230,2531.6,0,0,738595.850234201,0,0,0
226431.27497069,40,2046.2,2178.4,2371.8,0,0,738595.850234664,0,0,0
226431.314969756,40,2040.8,2143.6,2284.8,0,0,738595.850235127,0,0,0
226431.354968822,40,2034.6,2132.2,2242.2,0,0,738595.85023559,0,0,0
226431.394967889,40,2033,2126,2230.8,0,0,738595.850236053,0,0,0
226431.434966955,40,2036.8,2128.6,2248.2,0,0,738595.850236516,0,0,0
226431.474966022,40,2043.2,2142.6,2279.2,0,0,738595.850236978,0,0,0
226431.514965088,40,2046.8,2167.4,2335.2,0,0,738595.850237441,0,0,0
226431.554964154,40,2058.6,2199.8,2427.8,0,0,738595.850237904,0,0,0
226431.594963221,40,2081.8,2276.2,2581.6,0,0,738595.850238367,0,0,0
226431.634962287,40,2121.8,2398.6,2750.2,0,0,738595.85023883,0,0,0
226431.674961354,40,2191.8,2575.2,2814.6,0,0,738595.850239293,0,0,0
226431.71496042,40,2299.4,2739,2700.8,0,0,738595.850239756,0,0,0
226431.754959486,40,2421.8,2778,2525,0,0,738595.850240219,0,0,0
226431.794958553,40,2527,2693.8,2374.4,0,0,738595.850240682,0,0,0
226431.834957619,40,2584,2574.2,2279.6,0,0,738595.850241145,0,0,0
226431.874956686,40,2589,2480.6,2218.4,0,0,738595.850241608,0,0,0
226431.914955752,40,2576.8,2429.2,2189.6,0,0,738595.850242071,0,0,0
226431.954954818,40,2575,2429.4,2189.4,0,0,738595.850242534,0,0,0
226431.994953885,40,2609,2475.6,2208.8,0,0,738595.850242997,0,0,0
226432.034952951,40,2627,2508.4,2228.6,0,0,738595.85024346,0,0,0
226432.074952018,40,2645.2,2559.2,2245.6,0,0,738595.850243923,0,0,0
226432.114951084,40,2640.2,2609.4,2273.4,0,0,738595.850244386,0,0,0
226432.15495015,40,2627.2,2671.2,2304,0,0,738595.850244849,0,0,0
226432.194949217,40,2585.2,2727.6,2365.2,0,0,738595.850245312,0,0,0
226432.234948283,40,2541.2,2772.4,2421,0,0,738595.850245774,0,0,0
226432.27494735,40,2488.4,2811.2,2483.6,0,0,738595.850246237,0,0,0
226432.314946416,40,2423.2,2817.2,2548.8,0,0,738595.8502467,0,0,0
226432.354945482,40,2371.4,2809.4,2625.2,0,0,738595.850247163,0,0,0
226432.394944549,40,2318,2792,2711.8,0,0,738595.850247626,0,0,0
226432.434943615,40,2274.2,2753.6,2792.8,0,0,738595.850248089,0,0,0
226432.474942682,40,2231.8,2695.6,2863.8,0,0,738595.850248552,0,0,0
226432.514941748,40,2198.8,2628.6,2915,0,0,738595.850249015,0,0,0
226432.554940814,40,2169.2,2557.2,2923.6,0,0,738595.850249478,0,0,0
226432.594939881,40,2145.8,2488.8,2903.4,0,0,738595.850249941,0,0,0
226432.634938947,40,2126.6,2434.2,2858,0,0,738595.850250404,0,0,0
226432.674938014,40,2109,2391,2816.8,0,0,738595.850250867,0,0,0
226432.71493708,40,2105,2356.8,2772.4,0,0,738595.85025133,0,0,0
226432.754936146,40,2096,2335.6,2740.8,0,0,738595.850251793,0,0,0
226432.794935213,40,2090.2,2318.2,2730.6,0,0,738595.850252256,0,0,0
226432.834934279,40,2087.8,2316.6,2728.6,0,0,738595.850252719,0,0,0
226432.874933346,40,2091.2,2316,2716,0,0,738595.850253182,0,0,0
226432.914932412,40,2089.4,2310,2701.6,0,0,738595.850253645,0,0,0
226432.954931478,40,2087.2,2304,2668.6,0,0,738595.850254108,0,0,0
226432.994930545,40,2084,2296.6,2642.6,0,0,738595.850254571,0,0,0
226433.034929611,40,2088.6,2293.2,2620,0,0,738595.850255034,0,0,0
226433.074928678,40,2083.4,2290,2617.2,0,0,738595.850255497,0,0,0
226433.114927744,40,2082,2283.2,2629.6,0,0,738595.850255959,0,0,0
226433.15492681,40,2079.8,2281.4,2628,0,0,738595.850256422,0,0,0
226433.194925877,40,2080.4,2279.4,2620,0,0,738595.850256885,0,0,0
226433.234924943,40,2080.4,2269.4,2616.6,0,0,738595.850257348,0,0,0
226433.27492401,40,2079.8,2267.4,2605.6,0,0,738595.850257811,0,0,0
226433.314923076,40,2073.6,2262.6,2591.8,0,0,738595.850258274,0,0,0
226433.354922142,40,2075.8,2260.6,2581,0,0,738595.850258737,0,0,0
226433.394921209,40,2071.2,2261.6,2575.8,0,0,738595.8502592,0,0,0
226433.434920275,40,2072.4,2251.2,2575.8,0,0,738595.850259663,0,0,0
226433.474919342,40,2072,2249.6,2570.6,0,0,738595.850260126,0,0,0
226433.514918408,40,2069.2,2246,2569.4,0,0,738595.850260589,0,0,0
226433.554917474,40,2069.6,2244,2555.8,0,0,738595.850261052,0,0,0
226433.594916541,40,2063.4,2235.8,2550,0,0,738595.850261515,0,0,0
226433.634915607,40,2064.6,2231.8,2539.8,0,0,738595.850261978,0,0,0
226433.674914674,40,2063.6,2236.6,2531.6,0,0,738595.850262441,0,0,0
226433.71491374,40,2059.8,2230.4,2522.2,0,0,738595.850262904,0,0,0
226433.754912806,40,2060.6,2226,2516.6,0,0,738595.850263367,0,0,0
226433.794911873,40,2061.8,2220.6,2511.6,0,0,738595.85026383,0,0,0
226433.834910939,40,2056.6,2219.4,2506.2,0,0,738595.850264293,0,0,0
226433.874910006,40,2056.4,2218,2499.4,0,0,738595.850264756,0,0,0
226433.914909072,40,2059.8,2205.6,2488.8,0,0,738595.850265219,0,0,0
226433.954908138,40,2053,2206.6,2490.6,0,0,738595.850265682,0,0,0
226433.994907205,40,2058.8,2204.2,2474.4,0,0,738595.850266144,0,0,0
226434.034906271,40,2056,2203.2,2467.4,0,0,738595.850266607,0,0,0
226434.074905338,40,2050.2,2194.6,2458.6,0,0,738595.85026707,0,0,0
226434.114904404,40,2051.6,2195.4,2450,0,0,738595.850267533,0,0,0
226434.15490347,40,2052.6,2190.2,2442.4,0,0,738595.850267996,0,0,0
226434.194902537,40,2051.6,2187.2,2435.4,0,0,738595.850268459,0,0,0
226434.234901603,40,2049.2,2187.8,2432.4,0,0,738595.850268922,0,0,0
226434.27490067,40,2046.6,2180,2427.4,0,0,738595.850269385,0,0,0
226434.314899736,40,2053.2,2185,2417.4,0,0,738595.850269848,0,0,0
226434.354898802,40,2054,2181.6,2416.2,0,0,738595.850270311,0,0,0
226434.394897869,40,2049.8,2176.6,2408.2,0,0,738595.850270774,0,0,0
226434.434896935,40,2046,2184.8,2405.2,0,0,738595.850271237,0,0,0
226434.474896002,40,2050.8,2181.4,2398.4,0,0,738595.8502717,0,0,0
226434.514895068,40,2050.4,2180.2,2393.4,0,0,738595.850272163,0,0,0
226434.554894134,40,2050.2,2180,2386.6,0,0,738595.850272626,0,0,0
226434.594893201,40,2051.4,2185,2381.4,0,0,738595.850273089,0,0,0
226434.634892267,40,2052,2179.6,2378.2,0,0,738595.850273552,0,0,0
226434.674891334,40,2050.4,2183.2,2385.6,0,0,738595.850274015,0,0,0
226434.7148904,40,2056,2190.8,2403.6,0,0,738595.850274478,0,0,0
226434.754889466,40,2059.6,2210.4,2442.2,0,0,738595.85027494,0,0,0
226434.794888533,40,2073,2255,2533.8,0,0,738595.850275403,0,0,0
226434.834887599,40,2100.8,2327,2658.4,0,0,738595.850275866,0,0,0
226434.874886666,40,2143.2,2452.2,2759.2,0,0,738595.850276329,0,0,0
226434.914885732,40,2220.4,2609.6,2749,0,0,738595.850276792,0,0,0
226434.954884798,40,2339,2731.8,2617.2,0,0,738595.850277255,0,0,0
226434.994883865,40,2463.6,2726,2446.4,0,0,738595.850277718,0,0,0
226435.034882931,40,2553.6,2621.6,2320,0,0,738595.850278181,0,0,0
226435.074881998,40,2582.4,2498.8,2229.6,0,0,738595.850278644,0,0,0
226435.114881064,40,2558.2,2411.6,2188.2,0,0,738595.850279107,0,0,0
226435.15488013,40,2543.4,2381.2,2168.6,0,0,738595.85027957,0,0,0
226435.194879197,40,2565.4,2397.2,2178.2,0,0,738595.850280033,0,0,0
226435.234878263,40,2610.8,2446.2,2193.8,0,0,738595.850280496,0,0,0
226435.27487733,40,2636.6,2515.6,2223.6,0,0,738595.850280959,0,0,0
226435.314876396,40,2644.2,2622,2273.8,0,0,738595.850281422,0,0,0
226435.354875462,40,2588.8,2760,2377.4,0,0,738595.850281885,0,0,0
226435.394874529,40,2452.8,2852.2,2544.4,0,0,738595.850282348,0,0,0
226435.434873595,40,2294.6,2790.8,2770.2,0,0,738595.850282811,0,0,0
226435.474872662,40,2175.8,2549.8,2861.4,0,0,738595.850283274,0,0,0
226435.514871728,40,2105.6,2349.8,2725,0,0,738595.850283737,0,0,0
226435.554870794,40,2068.4,2239,2519.6,0,0,738595.8502842,0,0,0
226435.594869861,40,2049.8,2172.4,2369,0,0,738595.850284662,0,0,0
226435.634868927,40,2038.8,2142.6,2276.2,0,0,738595.850285125,0,0,0
226435.674867994,40,2028.8,2122.2,2228.4,0,0,738595.850285588,0,0,0
226435.71486706,40,2026.8,2119.6,2216.4,0,0,738595.850286051,0,0,0
226435.754866126,40,2034.4,2127,2234.2,0,0,738595.850286514,0,0,0
226435.794865193,40,2032.6,2138.8,2270.8,0,0,738595.850286977,0,0,0
226435.834864259,40,2043.4,2163.2,2349,0,0,738595.85028744,0,0,0
226435.874863326,40,2060.8,2214.6,2478.4,0,0,738595.850287903,0,0,0
226435.914862392,40,2091.2,2296.8,2624,0,0,738595.850288366,0,0,0
226435.954861458,40,2137.4,2438.2,2741,0,0,738595.850288829,0,0,0
226435.994860525,40,2226.6,2638.2,2771.4,0,0,738595.850289292,0,0,0
226436.034859591,40,2354.4,2794.8,2642.4,0,0,738595.850289755,0,0,0
226436.074858658,40,2500.4,2794.6,2464.8,0,0,738595.850290218,0,0,0
226436.114857724,40,2601,2686.4,2332.6,0,0,738595.850290681,0,0,0
226436.15485679,40,2638.2,2586,2259.6,0,0,738595.850291144,0,0,0
226436.194855857,40,2646,2546.6,2239.2,0,0,738595.850291607,0,0,0
226436.234854923,40,2650,2607.2,2268,0,0,738595.85029207,0,0,0
226436.27485399,40,2628.8,2676.8,2322.2,0,0,738595.850292533,0,0,0
226436.314853056,40,2556.4,2787,2408.8,0,0,738595.850292996,0,0,0
226436.354852122,40,2427.6,2856.2,2578,0,0,738595.850293459,0,0,0
226436.394851189,40,2285.6,2776.2,2788,0,0,738595.850293922,0,0,0
226436.434850255,40,2180.2,2574.8,2880,0,0,738595.850294385,0,0,0
226436.474849322,40,2111.8,2394.4,2803.6,0,0,738595.850294847,0,0,0
226436.514848388,40,2076.6,2286,2644.6,0,0,738595.85029531,0,0,0
226436.554847454,40,2063,2226.2,2510,0,0,738595.850295773,0,0,0
226436.594846521,40,2052.6,2192.4,2434.4,0,0,738595.850296236,0,0,0
226436.634845587,40,2049.6,2185.8,2415.6,0,0,738595.850296699,0,0,0
226436.674844654,40,2055.6,2203.2,2451.6,0,0,738595.850297162,0,0,0
226436.71484372,40,2065.4,2230.2,2498.8,0,0,738595.850297625,0,0,0
226436.754842786,40,2084.6,2280.2,2581.4,0,0,738595.850298088,0,0,0
226436.794841853,40,2119.4,2375.2,2695,0,0,738595.850298551,0,0,0
226436.834840919,40,2178.4,2546.8,2805.4,0,0,738595.850299014,0,0,0
226436.874839986,40,2284.4,2720.8,2708.4,0,0,738595.850299477,0,0,0
226436.914839052,40,2410.2,2792,2538.8,0,0,738595.85029994,0,0,0
226436.954838118,40,2536.4,2718,2386.6,0,0,738595.850300403,0,0,0
226436.994837185,40,2599.2,2585.2,2280.4,0,0,738595.850300866,0,0,0
226437.034836251,40,2592.6,2483.2,2222,0,0,738595.850301329,0,0,0
226437.074835318,40,2583,2447.6,2201.6,0,0,738595.850301792,0,0,0
226437.114834384,40,2605.8,2480.6,2211,0,0,738595.850302255,0,0,0
226437.15483345,40,2631.2,2544.2,2239.4,0,0,738595.850302718,0,0,0
226437.194832517,40,2642.6,2625,2282.2,0,0,738595.850303181,0,0,0
226437.234831583,40,2601.6,2746.4,2360.4,0,0,738595.850303643,0,0,0
226437.27483065,40,2508.4,2857,2494.2,0,0,738595.850304106,0,0,0
226437.314829716,40,2365.2,2867.2,2694,0,0,738595.850304569,0,0,0
226437.354828782,40,2233.6,2705.4,2888.8,0,0,738595.850305032,0,0,0
226437.394827849,40,2141.8,2481,2870.8,0,0,738595.850305495,0,0,0
226437.434826915,40,2093,2322.4,2689.2,0,0,738595.850305958,0,0,0
226437.474825982,40,2067.2,2232.2,2516.4,0,0,738595.850306421,0,0,0
226437.514825048,40,2048.6,2186.4,2398,0,0,738595.850306884,0,0,0
226437.554824114,40,2046.2,2164.6,2336.6,0,0,738595.850307347,0,0,0
226437.594823181,40,2045.2,2158,2323.8,0,0,738595.85030781,0,0,0
226437.634822247,40,2046,2172.6,2358.4,0,0,738595.850308273,0,0,0
226437.674821314,40,2051.6,2190,2421.4,0,0,738595.850308736,0,0,0
226437.71482038,40,2066.8,2237.4,2543.8,0,0,738595.850309199,0,0,0
226437.754819446,40,2099.6,2328,2682.6,0,0,738595.850309662,0,0,0
226437.794818513,40,2148.4,2450,2742.6,0,0,738595.850310125,0,0,0
226437.834817579,40,2223.6,2619.6,2740.4,0,0,738595.850310588,0,0,0
226437.874816646,40,2341,2752.6,2619.2,0,0,738595.850311051,0,0,0
226437.914815712,40,2476.6,2780.2,2466.8,0,0,738595.850311514,0,0,0
226437.954814778,40,2581.6,2688.6,2347.2,0,0,738595.850311977,0,0,0
226437.994813845,40,2613.2,2585.4,2269.8,0,0,738595.85031244,0,0,0
226438.034812911,40,2623,2515.4,2235,0,0,738595.850312903,0,0,0
226438.074811978,40,2633.6,2509.8,2222.8,0,0,738595.850313366,0,0,0
226438.114811044,40,2647.2,2556,2243.2,0,0,738595.850313828,0,0,0
226438.15481011,40,2642.2,2611.8,2271.6,0,0,738595.850314291,0,0,0
226438.194809177,40,2618,2701.4,2327.2,0,0,738595.850314754,0,0,0
226438.234808243,40,2543,2813.4,2434.8,0,0,738595.850315217,0,0,0
226438.27480731,40,2414.2,2899.6,2628.2,0,0,738595.85031568,0,0,0
226438.314806376,40,2275.2,2794.6,2858.2,0,0,738595.850316143,0,0,0
226438.354805442,40,2172.4,2583.4,2968.2,0,0,738595.850316606,0,0,0
226438.394804509,40,2112.4,2396.8,2838.8,0,0,738595.850317069,0,0,0
226438.434803575,40,2081.6,2294.4,2656.2,0,0,738595.850317532,0,0,0
226438.474802642,40,2072.8,2247,2535.6,0,0,738595.850317995,0,0,0
226438.514801708,40,2080,2261.8,2551.4,0,0,738595.850318458,0,0,0
226438.554800774,40,2106,2338.4,2647.8,0,0,738595.850318921,0,0,0
226438.594799841,40,2168.4,2505.6,2766.8,0,0,738595.850319384,0,0,0
226438.634798907,40,2281.6,2664.4,2640.6,0,0,738595.850319847,0,0,0
226438.674797974,40,2457,2721.8,2447.4,0,0,738595.85032031,0,0,0
226438.71479704,40,2563.4,2557.6,2274,0,0,738595.850320773,0,0,0
226438.754796106,40,2553.6,2397.8,2178.6,0,0,738595.850321236,0,0,0
226438.794795173,40,2480.2,2307.6,2136.8,0,0,738595.850321699,0,0,0
226438.834794239,40,2469.2,2287.4,2123.6,0,0,738595.850322162,0,0,0
226438.874793306,40,2556.6,2361.2,2153.4,0,0,738595.850322625,0,0,0
226438.914792372,40,2610.6,2494,2220.8,0,0,738595.850323088,0,0,0
226438.954791438,40,2567.8,2721.2,2373,0,0,738595.850323551,0,0,0
226438.994790505,40,2365.8,2828.2,2650.2,0,0,738595.850324013,0,0,0
226439.034789571,40,2192.8,2606.6,2887.4,0,0,738595.850324476,0,0,0
226439.074788638,40,2105,2348.6,2763,0,0,738595.850324939,0,0,0
226439.114787704,40,2065.2,2223.2,2505.4,0,0,738595.850325402,0,0,0
226439.15478677,40,2051,2169.2,2351.2,0,0,738595.850325865,0,0,0
226439.194785837,40,2050.2,2165.6,2328.4,0,0,738595.850326328,0,0,0
226439.234784903,40,2058.2,2202,2425,0,0,738595.850326791,0,0,0
226439.27478397,40,2090.8,2309.4,2651,0,0,738595.850327254,0,0,0
226439.314783036,40,2153.8,2482,2781.4,0,0,738595.850327717,0,0,0
226439.354782102,40,2269,2649.6,2658,0,0,738595.85032818,0,0,0
226439.394781169,40,2430.4,2724,2472,0,0,738595.850328643,0,0,0
226439.434780235,40,2560.4,2597,2298.6,0,0,738595.850329106,0,0,0
226439.474779302,40,2587.2,2461.4,2211.6,0,0,738595.850329569,0,0,0
226439.514778368,40,2557.4,2379.4,2165.6,0,0,738595.850330032,0,0,0
226439.554777434,40,2594.8,2410.4,2177,0,0,738595.850330495,0,0,0
226439.594776501,40,2625.4,2486.6,2214.6,0,0,738595.850330958,0,0,0
226439.635775544,41,2600,2645.4,2311.2,0,0,738595.850331432,0,0,0
226439.67577461,40,2490.2,2789.6,2465,0,0,738595.850331895,0,0,0
226439.715773677,40,2316.6,2793.8,2716.8,0,0,738595.850332358,0,0,0
226439.755772743,40,2187.6,2599.4,2907.4,0,0,738595.850332821,0,0,0
226439.795771809,40,2116.6,2395.2,2848.4,0,0,738595.850333284,0,0,0
226439.835770876,40,2071.4,2273.6,2647.8,0,0,738595.850333747,0,0,0
226439.875769942,40,2059,2221.4,2502.6,0,0,738595.85033421,0,0,0
226439.915769009,40,2063.6,2222.4,2462.2,0,0,738595.850334673,0,0,0
226439.955768075,40,2078,2270.2,2556.4,0,0,738595.850335136,0,0,0
226439.995767141,40,2125.4,2404.6,2758,0,0,738595.850335599,0,0,0
226440.035766208,40,2221.4,2656.2,2834.8,0,0,738595.850336062,0,0,0
226440.075765274,40,2372.8,2796.6,2611.4,0,0,738595.850336525,0,0,0
226440.115764341,40,2530.4,2701,2375.6,0,0,738595.850336988,0,0,0
226440.155763407,40,2588,2510.6,2238.6,0,0,738595.850337451,0,0,0
226440.195762473,40,2535.2,2374,2171.2,0,0,738595.850337914,0,0,0
226440.23576154,40,2485.2,2314,2138.4,0,0,738595.850338376,0,0,0
226440.275760606,40,2512,2333.4,2149.4,0,0,738595.850338839,0,0,0
226440.315759673,40,2583.8,2405.2,2173.6,0,0,738595.850339302,0,0,0
226440.355758739,40,2642.8,2539.6,2231.2,0,0,738595.850339765,0,0,0
226440.395757805,40,2587.2,2747.2,2373.4,0,0,738595.850340228,0,0,0
226440.435756872,40,2405,2848.4,2601.8,0,0,738595.850340691,0,0,0
226440.475755938,40,2229.6,2664.6,2819.8,0,0,738595.850341154,0,0,0
226440.515755005,40,2129.2,2425.6,2789.2,0,0,738595.850341617,0,0,0
226440.555754071,40,2078.4,2273.8,2592,0,0,738595.85034208,0,0,0
226440.595753137,40,2050,2194.6,2422.4,0,0,738595.850342543,0,0,0
226440.635752204,40,2046.4,2171.4,2338.6,0,0,738595.850343006,0,0,0
226440.67575127,40,2050.6,2178.6,2365.4,0,0,738595.850343469,0,0,0
226440.715750337,40,2066.8,2227.2,2478,0,0,738595.850343932,0,0,0
226440.755749403,40,2101.2,2332.6,2648.6,0,0,738595.850344395,0,0,0
226440.795748469,40,2178.4,2519,2759.4,0,0,738595.850344858,0,0,0
226440.835747536,40,2300.8,2698.2,2654.2,0,0,738595.850345321,0,0,0
226440.875746602,40,2454,2728.2,2453.2,0,0,738595.850345784,0,0,0
226440.915745669,40,2562.4,2594.4,2294.6,0,0,738595.850346247,0,0,0
226440.955744735,40,2580,2468,2213.4,0,0,738595.85034671,0,0,0
226440.995743801,40,2570.2,2409.6,2183.8,0,0,738595.850347173,0,0,0
226441.035742868,40,2605.4,2437.4,2186.8,0,0,738595.850347636,0,0,0
226441.075741934,40,2645.2,2552.6,2240,0,0,738595.850348099,0,0,0
226441.115741001,40,2616.4,2710.6,2334.8,0,0,738595.850348561,0,0,0
226441.155740067,40,2474.8,2854.4,2527.4,0,0,738595.850349024,0,0,0
226441.195739133,40,2295,2790.4,2775.4,0,0,738595.850349487,0,0,0
226441.2357382,40,2165.2,2551.4,2891.6,0,0,738595.85034995,0,0,0
226441.275737266,40,2097.2,2350.4,2762,0,0,738595.850350413,0,0,0
226441.315736333,40,2069.2,2244.6,2550.8,0,0,738595.850350876,0,0,0
226441.355735399,40,2049.6,2192,2415,0,0,738595.850351339,0,0,0
226441.395734465,40,2054.6,2188,2381,0,0,738595.850351802,0,0,0
226441.435733532,40,2063.2,2220.4,2464.2,0,0,738595.850352265,0,0,0
226441.475732598,40,2095.4,2309,2637.2,0,0,738595.850352728,0,0,0
226441.515731665,40,2153.2,2471.2,2770.6,0,0,738595.850353191,0,0,0
226441.555730731,40,2254,2632,2672.8,0,0,738595.850353654,0,0,0
226441.595729797,40,2407.4,2710.6,2487,0,0,738595.850354117,0,0,0
226441.635728864,40,2542.8,2620.8,2323,0,0,738595.85035458,0,0,0
226441.67572793,40,2581.4,2477.6,2216,0,0,738595.850355043,0,0,0
226441.715726997,40,2542.6,2371.6,2164.4,0,0,738595.850355506,0,0,0
226441.755726063,40,2521.2,2333.6,2145.2,0,0,738595.850355969,0,0,0
226441.795725129,40,2564,2365.4,2154,0,0,738595.850356432,0,0,0
226441.835724196,40,2610,2440.4,2192,0,0,738595.850356895,0,0,0
226441.875723262,40,2624.8,2585,2268,0,0,738595.850357358,0,0,0
226441.915722329,40,2557.4,2775.2,2404.2,0,0,738595.850357821,0,0,0
226441.955721395,40,2375.4,2865.4,2660.6,0,0,738595.850358283,0,0,0
226441.995720461,40,2219.6,2687,2919.2,0,0,738595.850358746,0,0,0
226442.035719528,40,2125.4,2443,2915,0,0,738595.850359209,0,0,0
226442.075718594,40,2082.2,2300.8,2705.6,0,0,738595.850359672,0,0,0
226442.115717661,40,2064,2229.2,2526.8,0,0,738595.850360135,0,0,0
226442.155716727,40,2061.6,2215.6,2452.6,0,0,738595.850360598,0,0,0
226442.195715793,40,2072,2252.4,2513.8,0,0,738595.850361061,0,0,0
226442.23571486,40,2108.2,2342.6,2667.2,0,0,738595.850361524,0,0,0
226442.275713926,40,2166.6,2528,2827.4,0,0,738595.850361987,0,0,0
226442.315712993,40,2278.2,2707.4,2713,0,0,738595.85036245,0,0,0
226442.355712059,40,2409,2709.4,2481.6,0,0,738595.850362913,0,0,0
226442.395711125,40,2505.2,2587,2321.2,0,0,738595.850363376,0,0,0
226442.435710192,40,2543.6,2466.4,2220.8,0,0,738595.850363839,0,0,0
226442.475709258,40,2522.8,2369.4,2172,0,0,738595.850364302,0,0,0
226442.515708325,40,2498.6,2323.8,2142.6,0,0,738595.850364765,0,0,0
226442.555707391,40,2510.6,2323.4,2143.2,0,0,738595.850365228,0,0,0
226442.595706457,40,2565.4,2369,2157.4,0,0,738595.850365691,0,0,0
226442.635705524,40,2615.2,2452.6,2192.8,0,0,738595.850366154,0,0,0
226442.67570459,40,2632.4,2581.4,2259,0,0,738595.850366617,0,0,0
226442.715703657,40,2565.6,2747.2,2383.2,0,0,738595.85036708,0,0,0
226442.755702723,40,2404.4,2857.2,2609,0,0,738595.850367542,0,0,0
226442.795701789,40,2243.2,2731.6,2876,0,0,738595.850368005,0,0,0
226442.835700856,40,2137.8,2489.4,2944,0,0,738595.850368468,0,0,0
226442.875699922,40,2081,2317.2,2752.8,0,0,738595.850368931,0,0,0
226442.915698989,40,2056.6,2225,2546.2,0,0,738595.850369394,0,0,0
226442.955698055,40,2052.4,2185.4,2419.2,0,0,738595.850369857,0,0,0
226442.995697121,40,2053.6,2182,2389.6,0,0,738595.85037032,0,0,0
226443.035696188,40,2059.2,2206.4,2440.8,0,0,738595.850370783,0,0,0
226443.075695254,40,2081.8,2285.4,2618.4,0,0,738595.850371246,0,0,0
226443.115694321,40,2126.6,2422,2813.6,0,0,738595.850371709,0,0,0
226443.155693387,40,2208.6,2619.2,2819.2,0,0,738595.850372172,0,0,0
226443.195692453,40,2336.6,2757.2,2637.6,0,0,738595.850372635,0,0,0
226443.23569152,40,2465,2722,2433.8,0,0,738595.850373098,0,0,0
226443.275690586,40,2546.2,2596,2301.4,0,0,738595.850373561,0,0,0
226443.315689653,40,2561.8,2478.8,2220.4,0,0,738595.850374024,0,0,0
226443.355688719,40,2559.4,2414,2191.4,0,0,738595.850374487,0,0,0
226443.395687785,40,2578.4,2424,2187.4,0,0,738595.85037495,0,0,0
226443.435686852,40,2627.6,2490,2212,0,0,738595.850375413,0,0,0
226443.475685918,40,2647.8,2576.4,2249.6,0,0,738595.850375876,0,0,0
226443.515684985,40,2614.6,2705.6,2336.8,0,0,738595.850376339,0,0,0
226443.555684051,40,2517,2847.4,2480.6,0,0,738595.850376802,0,0,0
226443.595683117,40,2345.6,2831.6,2690.2,0,0,738595.850377265,0,0,0
226443.635682184,40,2211.2,2642.8,2850.4,0,0,738595.850377727,0,0,0
226443.67568125,40,2134.2,2439,2818,0,0,738595.85037819,0,0,0
226443.715680317,40,2086.4,2301.4,2655.4,0,0,738595.850378653,0,0,0
226443.755679383,40,2066.8,2228.6,2506.2,0,0,738595.850379116,0,0,0
226443.795678449,40,2054.2,2197.6,2428.2,0,0,738595.850379579,0,0,0
226443.835677516,40,2057.8,2201,2417.8,0,0,738595.850380042,0,0,0
226443.875676582,40,2070.4,2235,2509,0,0,738595.850380505,0,0,0
226443.915675649,40,2099.6,2333.4,2667.4,0,0,738595.850380968,0,0,0
226443.955674715,40,2158.8,2485.4,2760.2,0,0,738595.850381431,0,0,0
226443.995673781,40,2263.4,2640.2,2675.6,0,0,738595.850381894,0,0,0
226444.035672848,40,2391,2710.8,2506.6,0,0,738595.850382357,0,0,0
226444.075671914,40,2520,2645.6,2349.6,0,0,738595.85038282,0,0,0
226444.115670981,40,2579.4,2522,2246.4,0,0,738595.850383283,0,0,0
226444.155670047,40,2570.6,2411.4,2186.4,0,0,738595.850383746,0,0,0
226444.195669113,40,2543.2,2356.8,2156.8,0,0,738595.850384209,0,0,0
226444.23566818,40,2542,2351.8,2151.6,0,0,738595.850384672,0,0,0
226444.275667246,40,2581.4,2387.8,2162.6,0,0,738595.850385135,0,0,0
226444.315666313,40,2604.6,2433,2184.6,0,0,738595.850385598,0,0,0
226444.355665379,40,2641.2,2536,2233.8,0,0,738595.850386061,0,0,0
226444.395664445,40,2618,2689.8,2332.2,0,0,738595.850386524,0,0,0
226444.435663512,40,2490.8,2866.4,2518.2,0,0,738595.850386987,0,0,0
226444.475662578,40,2312.6,2833.4,2783.4,0,0,738595.850387449,0,0,0
226444.515661645,40,2187.6,2614.2,2942.6,0,0,738595.850387912,0,0,0
226444.555660711,40,2118.6,2416.6,2853,0,0,738595.850388375,0,0,0
226444.595659777,40,2090.2,2312,2680,0,0,738595.850388838,0,0,0
226444.635658844,40,2079.6,2263.4,2560.8,0,0,738595.850389301,0,0,0
226444.67565791,40,2090.2,2284.4,2578.8,0,0,738595.850389764,0,0,0
226444.715656977,40,2110,2344.6,2656,0,0,738595.850390227,0,0,0
226444.755656043,40,2156.6,2479.6,2762.6,0,0,738595.85039069,0,0,0
226444.795655109,40,2244.6,2613,2683.6,0,0,738595.850391153,0,0,0
226444.835654176,40,2377.4,2742.8,2554.6,0,0,738595.850391616,0,0,0
226444.875653242,40,2522.8,2713.6,2387.2,0,0,738595.850392079,0,0,0
226444.915652309,40,2604.6,2565.6,2262.2,0,0,738595.850392542,0,0,0
226444.955651375,40,2587.2,2426.4,2184.4,0,0,738595.850393005,0,0,0
226444.995650441,40,2516.4,2334,2148,0,0,738595.850393468,0,0,0
226445.035649508,40,2475.8,2289.2,2124.8,0,0,738595.850393931,0,0,0
226445.075648574,40,2492.8,2299.6,2128,0,0,738595.850394394,0,0,0
226445.115647641,40,2541.6,2347.6,2154.6,0,0,738595.850394857,0,0,0
226445.155646707,40,2598.6,2425.2,2185.8,0,0,738595.85039532,0,0,0
226445.195645773,40,2639.2,2587,2258.6,0,0,738595.850395783,0,0,0
226445.23564484,40,2569,2795,2406.8,0,0,738595.850396246,0,0,0
226445.275643906,40,2379.6,2891.8,2675.8,0,0,738595.850396708,0,0,0
226445.315642973,40,2226,2720.2,2921,0,0,738595.850397171,0,0,0
226445.355642039,40,2139,2474.4,2918.2,0,0,738595.850397634,0,0,0
226445.395641105,40,2094.2,2329.8,2724.4,0,0,738595.850398097,0,0,0
226445.435640172,40,2076,2253.2,2567.4,0,0,738595.85039856,0,0,0
226445.475639238,40,2065.2,2233.4,2491.6,0,0,738595.850399023,0,0,0
226445.515638305,40,2077.8,2252,2530.2,0,0,738595.850399486,0,0,0
226445.555637371,40,2093.8,2315,2637,0,0,738595.850399949,0,0,0
226445.595636437,40,2138.8,2430.8,2728.2,0,0,738595.850400412,0,0,0
226445.635635504,40,2211.6,2576.8,2722,0,0,738595.850400875,0,0,0
226445.67563457,40,2329.6,2723,2612.2,0,0,738595.850401338,0,0,0
226445.715633637,40,2469.4,2735.4,2442,0,0,738595.850401801,0,0,0
226445.755632703,40,2572.4,2618.6,2304.4,0,0,738595.850402264,0,0,0
226445.795631769,40,2597.8,2484.2,2223.2,0,0,738595.850402727,0,0,0
226445.835630836,40,2567.6,2389.6,2172.6,0,0,738595.85040319,0,0,0
226445.875629902,40,2531.4,2344,2144.8,0,0,738595.850403653,0,0,0
226445.915628969,40,2537.8,2345.8,2150.6,0,0,738595.850404116,0,0,0
226445.955628035,40,2573,2378,2161.2,0,0,738595.850404579,0,0,0
226445.995627101,40,2602.6,2425,2183.2,0,0,738595.850405042,0,0,0
226446.035626168,40,2634.4,2510.4,2222,0,0,738595.850405505,0,0,0
226446.075625234,40,2624.4,2642.2,2303,0,0,738595.850405968,0,0,0
226446.115624301,40,2534.8,2815.4,2445,0,0,738595.850406431,0,0,0
226446.155623367,40,2367.2,2861.4,2676.6,0,0,738595.850406893,0,0,0
226446.195622433,40,2229,2699.4,2883,0,0,738595.850407356,0,0,0
226446.2356215,40,2143,2490.4,2890.2,0,0,738595.850407819,0,0,0
226446.275620566,40,2099.4,2340.6,2746.4,0,0,738595.850408282,0,0,0
226446.315619633,40,2078.6,2272.2,2605,0,0,738595.850408745,0,0,0
226446.355618699,40,2072,2244.2,2532.2,0,0,738595.850409208,0,0,0
226446.395617765,40,2078.2,2257.4,2542.8,0,0,738595.850409671,0,0,0
226446.435616832,40,2098,2313.2,2635.2,0,0,738595.850410134,0,0,0
226446.475615898,40,2134.4,2418.6,2722.2,0,0,738595.850410597,0,0,0
226446.515614965,40,2198.8,2555.8,2730,0,0,738595.85041106,0,0,0
226446.555614031,40,2314,2706.6,2624.2,0,0,738595.850411523,0,0,0
226446.595613097,40,2461,2722.6,2448,0,0,738595.850411986,0,0,0
226446.635612164,40,2559.2,2598,2304.8,0,0,738595.850412449,0,0,0
226446.67561123,40,2567,2447.8,2207.4,0,0,738595.850412912,0,0,0
226446.715610297,40,2509.4,2344.2,2151.8,0,0,738595.850413375,0,0,0
226446.755609363,40,2464.6,2290.4,2126.2,0,0,738595.850413838,0,0,0
226446.795608429,40,2469,2295.2,2132,0,0,738595.850414301,0,0,0
226446.835607496,40,2521,2335.6,2143,0,0,738595.850414764,0,0,0
226446.875606562,40,2576.8,2386.4,2165.4,0,0,738595.850415227,0,0,0
226446.915605629,40,2618.4,2490.6,2215.8,0,0,738595.85041569,0,0,0
226446.955604695,40,2617.6,2660.8,2310.6,0,0,738595.850416153,0,0,0
226446.995603761,40,2478.8,2825,2502.6,0,0,738595.850416615,0,0,0
226447.035602828,40,2296.8,2773.4,2754.6,0,0,738595.850417078,0,0,0
226447.075601894,40,2168.6,2540.8,2868.8,0,0,738595.850417541,0,0,0
226447.115600961,40,2101.2,2340.4,2728,0,0,738595.850418004,0,0,0
226447.155600027,40,2066,2232.6,2524.4,0,0,738595.850418467,0,0,0
226447.195599093,40,2047.6,2179.6,2382.4,0,0,738595.85041893,0,0,0
226447.23559816,40,2042.6,2160.6,2318.2,0,0,738595.850419393,0,0,0
226447.275597226,40,2044,2162,2323.4,0,0,738595.850419856,0,0,0
226447.315596293,40,2055.2,2187.8,2393.6,0,0,738595.850420319,0,0,0
226447.355595359,40,2074.4,2252.8,2523.4,0,0,738595.850420782,0,0,0
226447.395594425,40,2111.2,2358,2679.8,0,0,738595.850421245,0,0,0
226447.435593492,40,2186.8,2539.2,2768.6,0,0,738595.850421708,0,0,0
226447.475592558,40,2300,2719.8,2679.8,0,0,738595.850422171,0,0,0
226447.515591625,40,2443.8,2759.2,2481.2,0,0,738595.850422634,0,0,0
226447.555590691,40,2569.4,2660.2,2330.8,0,0,738595.850423097,0,0,0
226447.595589757,40,2606.8,2513.6,2238.2,0,0,738595.85042356,0,0,0
226447.635588824,40,2584,2418.6,2186,0,0,738595.850424023,0,0,0
226447.67558789,40,2563.4,2381.6,2164.6,0,0,738595.850424486,0,0,0
226447.715586957,40,2588.2,2404.6,2173.2,0,0,738595.850424949,0,0,0
226447.755586023,40,2621.8,2464.4,2193.6,0,0,738595.850425411,0,0,0
226447.795585089,40,2631,2531.2,2234.4,0,0,738595.850425874,0,0,0
226447.835584156,40,2613.2,2632.2,2297.8,0,0,738595.850426337,0,0,0
226447.875583222,40,2533.8,2745.4,2401.8,0,0,738595.8504268,0,0,0
226447.915582289,40,2403.4,2798.8,2567.6,0,0,738595.850427263,0,0,0
226447.955581355,40,2261,2720.4,2777,0,0,738595.850427726,0,0,0
226447.995580421,40,2156.8,2515.4,2872.8,0,0,738595.850428189,0,0,0
226448.035579488,40,2096,2334.8,2740.2,0,0,738595.850428652,0,0,0
226448.075578554,40,2061.2,2223.2,2518.6,0,0,738595.850429115,0,0,0
226448.115577621,40,2044,2166.6,2358,0,0,738595.850429578,0,0,0
226448.155576687,40,2034.4,2139.8,2271.4,0,0,738595.850430041,0,0,0
226448.195575753,40,2032.2,2123.2,2229.6,0,0,738595.850430504,0,0,0
226448.23557482,40,2025.8,2127,2221.8,0,0,738595.850430967,0,0,0
226448.275573886,40,2038.4,2129.8,2247.8,0,0,738595.85043143,0,0,0
226448.315572953,40,2040.4,2155,2301.2,0,0,738595.850431893,0,0,0
226448.355572019,40,2054.8,2197.6,2404.2,0,0,738595.850432356,0,0,0
226448.395571085,40,2079.8,2278.8,2578,0,0,738595.850432819,0,0,0
226448.435570152,40,2132.4,2425.4,2741.6,0,0,738595.850433282,0,0,0
226448.475569218,40,2225.6,2621.8,2746.4,0,0,738595.850433745,0,0,0
226448.515568285,40,2356,2750.4,2588.2,0,0,738595.850434208,0,0,0
226448.555567351,40,2488.8,2718,2422.8,0,0,738595.850434671,0,0,0
226448.595566417,40,2570,2640.4,2327.2,0,0,738595.850435134,0,0,0
226448.635565484,40,2606.8,2626.6,2300.8,0,0,738595.850435596,0,0,0
226448.67556455,40,2595.2,2712.6,2344,0,0,738595.850436059,0,0,0
226448.715563617,40,2566.2,2828.2,2420.8,0,0,738595.850436522,0,0,0
226448.755562683,40,2464.2,2893.2,2559.4,0,0,738595.850436985,0,0,0
226448.795561749,40,2353.4,2864.6,2730.8,0,0,738595.850437448,0,0,0
226448.835560816,40,2230.2,2696,2870.4,0,0,738595.850437911,0,0,0
226448.875559882,40,2144.4,2472.4,2843.4,0,0,738595.850438374,0,0,0
226448.915558949,40,2090.2,2310.6,2668.4,0,0,738595.850438837,0,0,0
226448.955558015,40,2057,2213.6,2460.6,0,0,738595.8504393,0,0,0
226448.995557081,40,2040,2152.8,2315.8,0,0,738595.850439763,0,0,0
226449.035556148,40,2028.4,2117.8,2220.2,0,0,738595.850440226,0,0,0
226449.075555214,40,2023.4,2105.6,2163.6,0,0,738595.850440689,0,0,0
226449.115554281,40,2017,2094.6,2137.6,0,0,738595.850441152,0,0,0
226449.155553347,40,2020.2,2093.2,2131.2,0,0,738595.850441615,0,0,0
226449.195552413,40,2024.6,2095.8,2145,0,0,738595.850442078,0,0,0
226449.23555148,40,2024.8,2100.4,2170.2,0,0,738595.850442541,0,0,0
226449.275550546,40,2036.4,2131.2,2234.8,0,0,738595.850443004,0,0,0
226449.315549613,40,2045.6,2170.8,2356.6,0,0,738595.850443467,0,0,0
226449.355548679,40,2072.8,2260.6,2566.6,0,0,738595.85044393,0,0,0
226449.395547745,40,2127.8,2413.8,2767.6,0,0,738595.850444393,0,0,0
226449.435546812,40,2214,2618,2780.6,0,0,738595.850444856,0,0,0
226449.475545878,40,2342.4,2755.2,2620.2,0,0,738595.850445319,0,0,0
226449.515544945,40,2459.4,2743.4,2457.8,0,0,738595.850445781,0,0,0
226449.555544011,40,2521.4,2704,2382.2,0,0,738595.850446244,0,0,0
226449.595543077,40,2535.6,2727.4,2393.4,0,0,738595.850446707,0,0,0
226449.635542144,40,2495,2812.4,2475,0,0,738595.85044717,0,0,0
226449.67554121,40,2410.8,2864,2611.8,0,0,738595.850447633,0,0,0
226449.715540277,40,2289.8,2820.6,2819.6,0,0,738595.850448096,0,0,0
226449.755539343,40,2184,2616.8,2973.2,0,0,738595.850448559,0,0,0
226449.795538409,40,2104,2389,2857,0,0,738595.850449022,0,0,0
226449.835537476,40,2063.6,2230.8,2558.2,0,0,738595.850449485,0,0,0
226449.875536542,40,2043.2,2156.6,2326.4,0,0,738595.850449948,0,0,0
226449.915535609,40,2029,2118.4,2202.8,0,0,738595.850450411,0,0,0
226449.955534675,40,2026.4,2100.4,2144.4,0,0,738595.850450874,0,0,0
226449.995533741,40,2013.2,2083,2113.8,0,0,738595.850451337,0,0,0
226450.035532808,40,2016,2083.4,2105.6,0,0,738595.8504518,0,0,0
226450.075531874,40,2015.8,2083.6,2104.6,0,0,738595.850452263,0,0,0
226450.115530941,40,2020.4,2088.2,2128.8,0,0,738595.850452726,0,0,0
226450.155530007,40,2025.6,2108.6,2171.8,0,0,738595.850453189,0,0,0
226450.195529073,40,2035.4,2140.6,2271.6,0,0,738595.850453652,0,0,0
226450.23552814,40,2063,2219.2,2463,0,0,738595.850454115,0,0,0
226450.275527206,40,2114,2365.4,2708.4,0,0,738595.850454577,0,0,0
226450.315526273,40,2200.8,2595.4,2795.8,0,0,738595.85045504,0,0,0
226450.355525339,40,2342.6,2762.2,2629.8,0,0,738595.850455503,0,0,0
226450.395524405,40,2483,2760.2,2456.8,0,0,738595.850455966,0,0,0
226450.435523472,40,2559.6,2701,2359.4,0,0,738595.850456429,0,0,0
226450.475522538,40,2578.8,2713,2358.8,0,0,738595.850456892,0,0,0
226450.515521605,40,2542.8,2804.8,2431.4,0,0,738595.850457355,0,0,0
226450.555520671,40,2463,2881.4,2557,0,0,738595.850457818,0,0,0
226450.595519737,40,2335.6,2865.8,2758.6,0,0,738595.850458281,0,0,0
226450.635518804,40,2212,2686.2,2947.8,0,0,738595.850458744,0,0,0
226450.67551787,40,2125.8,2435.8,2891,0,0,738595.850459207,0,0,0
226450.715516937,40,2074.4,2263.6,2620.2,0,0,738595.85045967,0,0,0
226450.755516003,40,2050,2176.4,2376.6,0,0,738595.850460133,0,0,0
226450.795515069,40,2033.8,2132.4,2236.4,0,0,738595.850460596,0,0,0
226450.835514136,40,2021.6,2106.6,2166.4,0,0,738595.850461059,0,0,0
226450.875513202,40,2020.8,2091.8,2128.4,0,0,738595.850461522,0,0,0
226450.915512269,40,2016.6,2083.8,2116.8,0,0,738595.850461985,0,0,0
226450.955511335,40,2015.6,2083.4,2114.8,0,0,738595.850462448,0,0,0
226450.995510401,40,2020.6,2090.4,2130.4,0,0,738595.850462911,0,0,0
226451.035509468,40,2025.2,2103.2,2168,0,0,738595.850463374,0,0,0
226451.075508534,40,2031.4,2136.4,2253.8,0,0,738595.850463837,0,0,0
226451.115507601,40,2054.2,2201.2,2429.4,0,0,738595.8504643,0,0,0
226451.155506667,40,2110.6,2341,2668.2,0,0,738595.850464762,0,0,0
226451.195505733,40,2199.4,2570.2,2761.4,0,0,738595.850465225,0,0,0
226451.2355048,40,2352,2735.8,2585.6,0,0,738595.850465688,0,0,0
226451.275503866,40,2514.6,2711,2398.2,0,0,738595.850466151,0,0,0
226451.315502933,40,2593.4,2609,2295.6,0,0,738595.850466614,0,0,0
226451.355501999,40,2619.6,2572.2,2260.6,0,0,738595.850467077,0,0,0
226451.395501065,40,2635,2667.6,2299.6,0,0,738595.85046754,0,0,0
226451.435500132,40,2584.8,2793.4,2394.6,0,0,738595.850468003,0,0,0
226451.475499198,40,2457,2887.8,2561.2,0,0,738595.850468466,0,0,0
226451.515498265,40,2299,2818.4,2794.6,0,0,738595.850468929,0,0,0
226451.555497331,40,2169.4,2549,2877,0,0,738595.850469392,0,0,0
226451.595496397,40,2095.8,2324.8,2680,0,0,738595.850469855,0,0,0
226451.635495464,40,2059.4,2200.4,2431,0,0,738595.850470318,0,0,0
226451.67549453,40,2036.8,2140.8,2266.2,0,0,738595.850470781,0,0,0
226451.715493597,40,2025.6,2106.6,2177.4,0,0,738595.850471244,0,0,0
226451.755492663,40,2015.4,2092.4,2128.4,0,0,738595.850471707,0,0,0
226451.795491729,40,2015.4,2085,2103.8,0,0,738595.85047217,0,0,0
226451.835490796,40,2018.4,2077.4,2100.2,0,0,738595.850472633,0,0,0
226451.875489862,40,2018.2,2082.4,2118.4,0,0,738595.850473096,0,0,0
226451.915488929,40,2020.8,2101.6,2143.4,0,0,738595.850473559,0,0,0
226451.955487995,40,2034.6,2122,2213.2,0,0,738595.850474022,0,0,0
226451.995487061,40,2046.2,2172.2,2372.8,0,0,738595.850474484,0,0,0
226452.035486128,40,2083.6,2288.6,2630,0,0,738595.850474947,0,0,0
226452.075485194,40,2158.2,2496.2,2804.8,0,0,738595.85047541,0,0,0
226452.115484261,40,2286.2,2718.2,2707.4,0,0,738595.850475873,0,0,0
226452.155483327,40,2451.8,2763.6,2480.2,0,0,738595.850476336,0,0,0
226452.195482393,40,2560.2,2658,2330.2,0,0,738595.850476799,0,0,0
226452.23548146,40,2595.6,2580,2270.6,0,0,738595.850477262,0,0,0
226452.275480526,40,2603.8,2614.2,2287.2,0,0,738595.850477725,0,0,0
226452.315479593,40,2591.8,2735.2,2359.4,0,0,738595.850478188,0,0,0
226452.355478659,40,2498,2868.8,2514,0,0,738595.850478651,0,0,0
226452.395477725,40,2334.4,2872.8,2767,0,0,738595.850479114,0,0,0
226452.435476792,40,2190.4,2642.8,2963.6,0,0,738595.850479577,0,0,0
226452.475475858,40,2103,2364.6,2811.6,0,0,738595.85048004,0,0,0
226452.515474925,40,2058.4,2214,2487.8,0,0,738595.850480503,0,0,0
226452.555473991,40,2038,2138.8,2278.2,0,0,738595.850480966,0,0,0
226452.595473057,40,2023.4,2104.6,2177.6,0,0,738595.850481429,0,0,0
226452.635472124,40,2017,2089.8,2126.6,0,0,738595.850481892,0,0,0
226452.67547119,40,2014.4,2084,2100.6,0,0,738595.850482355,0,0,0
226452.715470257,40,2012.8,2076.6,2098.8,0,0,738595.850482818,0,0,0
226452.755469323,40,2016.4,2084.4,2113.6,0,0,738595.850483281,0,0,0
226452.795468389,40,2021.8,2097.8,2146.8,0,0,738595.850483743,0,0,0
226452.835467456,40,2031,2127.2,2220.6,0,0,738595.850484206,0,0,0
226452.875466522,40,2051.2,2189.4,2389,0,0,738595.850484669,0,0,0
226452.915465589,40,2094.2,2316.8,2672.8,0,0,738595.850485132,0,0,0
226452.955464655,40,2177.4,2556,2845.6,0,0,738595.850485595,0,0,0
226452.995463721,40,2326.6,2791.4,2689.8,0,0,738595.850486058,0,0,0
226453.035462788,40,2498.8,2784.8,2457,0,0,738595.850486521,0,0,0
226453.075461854,40,2599.8,2671.4,2318,0,0,738595.850486984,0,0,0
226453.115460921,40,2625.2,2598,2272.6,0,0,738595.850487447,0,0,0
226453.155459987,40,2630.8,2660,2305.6,0,0,738595.85048791,0,0,0
226453.195459053,40,2592.4,2761,2374.6,0,0,738595.850488373,0,0,0
226453.23545812,40,2490.2,2868.6,2510.4,0,0,738595.850488836,0,0,0
226453.275457186,40,2345.6,2854.6,2731.4,0,0,738595.850489299,0,0,0
226453.315456253,40,2196.8,2642.2,2903.4,0,0,738595.850489762,0,0,0
226453.355455319,40,2112.8,2385.8,2795.4,0,0,738595.850490225,0,0,0
226453.395454385,40,2067,2227,2514.6,0,0,738595.850490688,0,0,0
226453.435453452,40,2043.6,2150,2304.6,0,0,738595.850491151,0,0,0
226453.475452518,40,2027,2109,2191.4,0,0,738595.850491614,0,0,0
226453.515451585,40,2024,2093.4,2136,0,0,738595.850492077,0,0,0
226453.555450651,40,2013.4,2082.6,2108.8,0,0,738595.85049254,0,0,0
226453.595449717,40,2015.6,2084.4,2096,0,0,738595.850493003,0,0,0
226453.635448784,40,2016.8,2088.4,2110.2,0,0,738595.850493466,0,0,0
226453.67544785,40,2022.6,2095.2,2143.4,0,0,738595.850493928,0,0,0
226453.715446917,40,2031,2119.8,2210.6,0,0,738595.850494391,0,0,0
226453.755445983,40,2044.4,2172,2349.6,0,0,738595.850494854,0,0,0
226453.795445049,40,2083.4,2275.4,2582.6,0,0,738595.850495317,0,0,0
226453.835444116,40,2147.6,2459.4,2760.4,0,0,738595.85049578,0,0,0
226453.875443182,40,2262,2676.4,2718.6,0,0,738595.850496243,0,0,0
226453.915442249,40,2408.6,2784.4,2545.2,0,0,738595.850496706,0,0,0
226453.955441315,40,2532,2755.4,2407.8,0,0,738595.850497169,0,0,0
226453.995440381,40,2582.8,2728.8,2367.4,0,0,738595.850497632,0,0,0
226454.035439448,40,2560,2806,2417.2,0,0,738595.850498095,0,0,0
226454.075438514,40,2492.2,2899.6,2541,0,0,738595.850498558,0,0,0
226454.115437581,40,2355.6,2886,2719,0,0,738595.850499021,0,0,0
226454.155436647,40,2223.2,2692.4,2915.4,0,0,738595.850499484,0,0,0
226454.195435713,40,2126,2440.2,2874,0,0,738595.850499947,0,0,0
226454.23543478,40,2074.8,2255.2,2581.4,0,0,738595.85050041,0,0,0
226454.275433846,40,2048.4,2166.8,2342,0,0,738595.850500873,0,0,0
226454.315432913,40,2034.4,2122.4,2211.8,0,0,738595.850501336,0,0,0
226454.355431979,40,2019.6,2092,2151.4,0,0,738595.850501799,0,0,0
226454.395431045,40,2014.2,2086.8,2112.4,0,0,738595.850502262,0,0,0
226454.435430112,40,2014,2076.4,2096.4,0,0,738595.850502725,0,0,0
226454.475429178,40,2014.2,2082.4,2098.8,0,0,738595.850503188,0,0,0
226454.515428245,40,2023.4,2085.8,2116.6,0,0,738595.85050365,0,0,0
226454.555427311,40,2023.4,2105.6,2165.6,0,0,738595.850504113,0,0,0
226454.595426377,40,2041.8,2141.8,2269.8,0,0,738595.850504576,0,0,0
226454.635425444,40,2060.4,2222.2,2468.6,0,0,738595.850505039,0,0,0
226454.67542451,40,2110.6,2361.4,2716.8,0,0,738595.850505502,0,0,0
226454.715423577,40,2201,2586.8,2789.6,0,0,738595.850505965,0,0,0
226454.755422643,40,2334,2761.2,2636.4,0,0,738595.850506428,0,0,0
226454.795421709,40,2479.6,2770.4,2464,0,0,738595.850506891,0,0,0
226454.835420776,40,2560.4,2715.4,2363.2,0,0,738595.850507354,0,0,0
226454.875419842,40,2584.2,2702.2,2349,0,0,738595.850507817,0,0,0
226454.915418909,40,2547.6,2790.8,2415,0,0,738595.85050828,0,0,0
226454.955417975,40,2485,2854.4,2516.8,0,0,738595.850508743,0,0,0
226454.995417041,40,2353.2,2873.4,2730.2,0,0,738595.850509206,0,0,0
226455.035416108,40,2219.6,2708.8,2946.4,0,0,738595.850509669,0,0,0
226455.075415174,40,2121.6,2438.6,2920.4,0,0,738595.850510132,0,0,0
226455.115414241,40,2067.2,2249.4,2616.6,0,0,738595.850510595,0,0,0
226455.155413307,40,2042,2163.2,2343.4,0,0,738595.850511058,0,0,0
226455.195412373,40,2029,2117.4,2206.6,0,0,738595.850511521,0,0,0
226455.23541144,40,2023.6,2095.4,2144.4,0,0,738595.850511984,0,0,0
226455.275410506,40,2018.6,2088.2,2109.4,0,0,738595.850512446,0,0,0
226455.315409573,40,2019.4,2080.6,2096.4,0,0,738595.850512909,0,0,0
226455.355408639,40,2015.4,2080,2106,0,0,738595.850513372,0,0,0
226455.395407705,40,2022.6,2091.4,2119.4,0,0,738595.850513835,0,0,0
226455.435406772,40,2024.6,2104.4,2170.2,0,0,738595.850514298,0,0,0
226455.475405838,40,2039,2139,2267.2,0,0,738595.850514761,0,0,0
226455.515404905,40,2057.4,2210.6,2454,0,0,738595.850515224,0,0,0
226455.555403971,40,2104.4,2343.8,2698.6,0,0,738595.850515687,0,0,0
226455.595403037,40,2177.8,2551.6,2837.4,0,0,738595.85051615,0,0,0
226455.635402104,40,2292,2755.6,2736.6,0,0,738595.850516613,0,0,0
226455.67540117,40,2414.4,2827.6,2572.2,0,0,738595.850517076,0,0,0
226455.715400237,40,2501.6,2809.6,2466.2,0,0,738595.850517539,0,0,0
226455.755399303,40,2536.4,2820.4,2440,0,0,738595.850518002,0,0,0
226455.795398369,40,2509.2,2870.2,2491.8,0,0,738595.850518465,0,0,0
226455.835397436,40,2461.4,2893.4,2568.2,0,0,738595.850518928,0,0,0
226455.875396502,40,2384,2876.6,2666.4,0,0,738595.850519391,0,0,0
226455.915395569,40,2302.4,2802.2,2770.2,0,0,738595.850519854,0,0,0
226455.955394635,40,2216.2,2663.2,2860.4,0,0,738595.850520317,0,0,0
226455.995393701,40,2146.2,2490.8,2849.2,0,0,738595.85052078,0,0,0
226456.035392768,40,2101.6,2350.6,2719.4,0,0,738595.850521243,0,0,0
226456.075391834,40,2071.6,2256.2,2563.2,0,0,738595.850521706,0,0,0
226456.115390901,40,2053,2197.6,2436.8,0,0,738595.850522169,0,0,0
226456.155389967,40,2043.4,2164,2359.8,0,0,738595.850522631,0,0,0
226456.195389033,40,2038,2147.6,2310.8,0,0,738595.850523094,0,0,0
