164721.135318967,40,2040.4,2148.2,2319.4,0,0,738583.612304807,0,0,0
164721.175318033,40,2038.6,2147.2,2313.6,0,0,738583.61230527,0,0,0
164721.2153171,40,2037,2140.6,2310,0,0,738583.612305733,0,0,0
164721.255316166,40,2038,2140.6,2309.8,0,0,738583.612306196,0,0,0
164721.295315232,40,2040.2,2141,2303.8,0,0,738583.612306659,0,0,0
164721.335314299,40,2041.2,2146.6,2300.6,0,0,738583.612307122,0,0,0
164721.375313365,40,2036.4,2138.8,2290.6,0,0,738583.612307585,0,0,0
164721.415312432,40,2038.8,2135.2,2289.8,0,0,738583.612308048,0,0,0
164721.455311498,40,2034,2135.8,2282.8,0,0,738583.612308511,0,0,0
164721.495310564,40,2035.2,2133.6,2281.2,0,0,738583.612308974,0,0,0
164721.535309631,40,2036.8,2137.2,2278.2,0,0,738583.612309437,0,0,0
164721.575308697,40,2033.4,2132,2271.8,0,0,738583.6123099,0,0,0
164721.615307764,40,2033,2126,2263.2,0,0,738583.612310363,0,0,0
164721.65530683,40,2032.2,2129.4,2264,0,0,738583.612310826,0,0,0
164721.695305896,40,2033.8,2123.8,2256.2,0,0,738583.612311289,0,0,0
164721.735304963,40,2034.2,2128.8,2255.8,0,0,738583.612311752,0,0,0
164721.775304029,40,2028.8,2124.4,2253.4,0,0,738583.612312214,0,0,0
164721.815303096,40,2033.2,2119.2,2246.6,0,0,738583.612312677,0,0,0
164721.855302162,40,2029.4,2124,2243.8,0,0,738583.61231314,0,0,0
164721.895301228,40,2033.8,2120.4,2245.8,0,0,738583.612313603,0,0,0
164721.935300295,40,2030.4,2122.8,2235.6,0,0,738583.612314066,0,0,0
164721.975299361,40,2033.2,2119,2234.6,0,0,738583.612314529,0,0,0
164722.015298428,40,2029,2114.2,2231.2,0,0,738583.612314992,0,0,0
164722.055297494,40,2030,2116,2231.2,0,0,738583.612315455,0,0,0
164722.09529656,40,2029,2122,2222.8,0,0,738583.612315918,0,0,0
164722.135295627,40,2028.6,2111.6,2220.4,0,0,738583.612316381,0,0,0
164722.175294693,40,2028.2,2115.4,2219.2,0,0,738583.612316844,0,0,0
164722.21529376,40,2032.6,2110.6,2215.4,0,0,738583.612317307,0,0,0
164722.255292826,40,2033,2111.2,2209.2,0,0,738583.61231777,0,0,0
164722.295291892,40,2027,2108.8,2210.4,0,0,738583.612318233,0,0,0
164722.335290959,40,2028.8,2111.4,2204.8,0,0,738583.612318696,0,0,0
164722.375290025,40,2030.2,2107.6,2199.6,0,0,738583.612319159,0,0,0
164722.415289092,40,2022.8,2110,2195.8,0,0,738583.612319622,0,0,0
164722.455288158,40,2024,2110.8,2194.8,0,0,738583.612320085,0,0,0
164722.495287224,40,2023.2,2103,2196,0,0,738583.612320548,0,0,0
164722.535286291,40,2024.2,2105,2192,0,0,738583.612321011,0,0,0
164722.575285357,40,2025.2,2106,2187.6,0,0,738583.612321474,0,0,0
164722.615284424,40,2028.2,2107.2,2184.8,0,0,738583.612321937,0,0,0
164722.65528349,40,2026.4,2097.8,2183,0,0,738583.6123224,0,0,0
164722.695282556,40,2020,2103.8,2180.6,0,0,738583.612322862,0,0,0
164722.735281623,40,2026,2099.4,2177.2,0,0,738583.612323325,0,0,0
164722.775280689,40,2021,2099.2,2174.2,0,0,738583.612323788,0,0,0
164722.815279756,40,2023.4,2098.6,2166.4,0,0,738583.612324251,0,0,0
164722.855278822,40,2019.6,2097.2,2165.6,0,0,738583.612324714,0,0,0
164722.895277888,40,2024.6,2092.8,2165.8,0,0,738583.612325177,0,0,0
164722.935276955,40,2024.4,2095.4,2162.6,0,0,738583.61232564,0,0,0
164722.975276021,40,2022.8,2096.4,2160.6,0,0,738583.612326103,0,0,0
164723.015275088,40,2021.4,2095.6,2159,0,0,738583.612326566,0,0,0
164723.055274154,40,2026.4,2095.8,2157.4,0,0,738583.612327029,0,0,0
164723.09527322,40,2016.8,2095.4,2152.2,0,0,738583.612327492,0,0,0
164723.135272287,40,2023.6,2090.8,2152.6,0,0,738583.612327955,0,0,0
164723.175271353,40,2021.2,2094.4,2150.6,0,0,738583.612328418,0,0,0
164723.21527042,40,2019.8,2089.2,2149.6,0,0,738583.612328881,0,0,0
164723.255269486,40,2021.2,2095,2142.2,0,0,738583.612329344,0,0,0
164723.295268552,40,2023,2089.4,2144.8,0,0,738583.612329807,0,0,0
164723.335267619,40,2020.4,2091.6,2143.8,0,0,738583.61233027,0,0,0
164723.375266685,40,2021,2090.2,2141.6,0,0,738583.612330733,0,0,0
164723.415265752,40,2024,2092.2,2137,0,0,738583.612331196,0,0,0
164723.455264818,40,2018.8,2088.4,2135,0,0,738583.612331658,0,0,0
164723.495263884,40,2016.6,2088.6,2128.4,0,0,738583.612332121,0,0,0
164723.535262951,40,2020.2,2086.6,2134.8,0,0,738583.612332584,0,0,0
164723.575262017,40,2021.2,2087.2,2133.8,0,0,738583.612333047,0,0,0
164723.615261084,40,2017.8,2085.6,2128.6,0,0,738583.61233351,0,0,0
164723.65526015,40,2023.4,2088.4,2126.2,0,0,738583.612333973,0,0,0
164723.695259216,40,2020.4,2083.2,2126.2,0,0,738583.612334436,0,0,0
164723.735258283,40,2020.6,2081.6,2127.4,0,0,738583.612334899,0,0,0
164723.775257349,40,2019.6,2087.8,2123.6,0,0,738583.612335362,0,0,0
164723.815256416,40,2017.6,2081,2122.2,0,0,738583.612335825,0,0,0
164723.855255482,40,2013.8,2082,2117,0,0,738583.612336288,0,0,0
164723.895254548,40,2017.2,2084.6,2119.4,0,0,738583.612336751,0,0,0
164723.935253615,40,2014.6,2083,2116.8,0,0,738583.612337214,0,0,0
164723.975252681,40,2017,2083.6,2117.6,0,0,738583.612337677,0,0,0
164724.015251748,40,2015.6,2082.4,2110.4,0,0,738583.61233814,0,0,0
164724.055250814,40,2019.2,2079,2112.6,0,0,738583.612338603,0,0,0
164724.09524988,40,2011.8,2079.4,2110.8,0,0,738583.612339066,0,0,0
164724.135248947,40,2016,2078.6,2108,0,0,738583.612339529,0,0,0
164724.175248013,40,2016.4,2080.2,2109.6,0,0,738583.612339992,0,0,0
164724.21524708,40,2012.6,2076.8,2109,0,0,738583.612340455,0,0,0
164724.255246146,40,2012.4,2076,2106.2,0,0,738583.612340918,0,0,0
164724.295245212,40,2015.8,2081,2102.2,0,0,738583.61234138,0,0,0
164724.335244279,40,2014.4,2076.8,2102.2,0,0,738583.612341843,0,0,0
164724.375243345,40,2013.6,2071.8,2099.6,0,0,738583.612342306,0,0,0
164724.415242412,40,2013.6,2074,2097.6,0,0,738583.612342769,0,0,0
164724.455241478,40,2014.8,2074.4,2093.2,0,0,738583.612343232,0,0,0
164724.495240544,40,2015.8,2075.2,2093.2,0,0,738583.612343695,0,0,0
164724.535239611,40,2013.2,2072.4,2094.8,0,0,738583.612344158,0,0,0
164724.575238677,40,2012.6,2075.6,2096.4,0,0,738583.612344621,0,0,0
164724.615237744,40,2016.2,2071.8,2095.2,0,0,738583.612345084,0,0,0
164724.65523681,40,2013,2073.2,2093.8,0,0,738583.612345547,0,0,0
164724.695235876,40,2017.6,2070.6,2090,0,0,738583.61234601,0,0,0
164724.735234943,40,2013.4,2075,2096.2,0,0,738583.612346473,0,0,0
164724.775234009,40,2015.2,2070.2,2088.8,0,0,738583.612346936,0,0,0
164724.815233076,40,2012.6,2071.6,2087.8,0,0,738583.612347399,0,0,0
164724.855232142,40,2012.6,2071.2,2086.6,0,0,738583.612347862,0,0,0
164724.895231208,40,2014.8,2071.2,2085.2,0,0,738583.612348325,0,0,0
164724.935230275,40,2012.8,2071.4,2087.4,0,0,738583.612348788,0,0,0
164724.975229341,40,2011.6,2075.4,2082.4,0,0,738583.612349251,0,0,0
164725.015228408,40,2012,2068.6,2081.4,0,0,738583.612349714,0,0,0
164725.055227474,40,2008.2,2064.8,2084.6,0,0,738583.612350177,0,0,0
164725.09522654,40,2010,2066.8,2079.6,0,0,738583.61235064,0,0,0
164725.135225607,40,2012.6,2067.4,2078.2,0,0,738583.612351103,0,0,0
164725.175224673,40,2013.4,2068.4,2084.6,0,0,738583.612351565,0,0,0
164725.21522374,40,2010.6,2068,2083.2,0,0,738583.612352028,0,0,0
164725.255222806,40,2011.2,2070.2,2079.6,0,0,738583.612352491,0,0,0
164725.295221872,40,2011.8,2070.4,2078.6,0,0,738583.612352954,0,0,0
164725.335220939,40,2011.8,2067.6,2079,0,0,738583.612353417,0,0,0
164725.375220005,40,2014.2,2069.2,2077.4,0,0,738583.61235388,0,0,0
164725.415219072,40,2012.6,2067.4,2077.2,0,0,738583.612354343,0,0,0
164725.455218138,40,2012.2,2063.4,2080,0,0,738583.612354806,0,0,0
164725.495217204,40,2010.6,2067.6,2073.6,0,0,738583.612355269,0,0,0
164725.535216271,40,2010.8,2066.8,2076.2,0,0,738583.612355732,0,0,0
164725.575215337,40,2012.8,2066.8,2076.2,0,0,738583.612356195,0,0,0
164725.615214404,40,2007.4,2065.2,2078.6,0,0,738583.612356658,0,0,0
164725.65521347,40,2013.2,2068.4,2081.4,0,0,738583.612357121,0,0,0
164725.695212536,40,2009.2,2069.4,2078.6,0,0,738583.612357584,0,0,0
164725.735211603,40,2013.6,2067.2,2075.2,0,0,738583.612358047,0,0,0
164725.775210669,40,2012.8,2066.6,2079.2,0,0,738583.61235851,0,0,0
164725.815209736,40,2012.2,2068.2,2079.2,0,0,738583.612358973,0,0,0
164725.855208802,40,2012.2,2069.4,2078.8,0,0,738583.612359436,0,0,0
164725.895207868,40,2011.4,2066,2080.6,0,0,738583.612359899,0,0,0
164725.935206935,40,2011,2068,2076.2,0,0,738583.612360361,0,0,0
164725.975206001,40,2015,2073.2,2076.6,0,0,738583.612360824,0,0,0
164726.015205068,40,2015,2068,2081.2,0,0,738583.612361287,0,0,0
164726.055204134,40,2008.6,2074,2079.6,0,0,738583.61236175,0,0,0
164726.0952032,40,2015.6,2069.4,2075.6,0,0,738583.612362213,0,0,0
164726.135202267,40,2009,2069,2080.8,0,0,738583.612362676,0,0,0
164726.175201333,40,2013.6,2066,2079.4,0,0,738583.612363139,0,0,0
164726.2152004,40,2013.6,2070,2083.6,0,0,738583.612363602,0,0,0
164726.255199466,40,2011,2063.6,2078.4,0,0,738583.612364065,0,0,0
164726.295198532,40,2013.2,2066.4,2077.8,0,0,738583.612364528,0,0,0
164726.335197599,40,2015,2063,2078.8,0,0,738583.612364991,0,0,0
164726.375196665,40,2009.8,2067,2078.4,0,0,738583.612365454,0,0,0
164726.415195732,40,2011.2,2066.4,2077,0,0,738583.612365917,0,0,0
164726.455194798,40,2009.4,2076.4,2074.6,0,0,738583.61236638,0,0,0
164726.495193864,40,2008.6,2070.8,2077.4,0,0,738583.612366843,0,0,0
164726.535192931,40,2007.2,2070.4,2077.4,0,0,738583.612367306,0,0,0
164726.575191997,40,2012.2,2066.4,2080.8,0,0,738583.612367769,0,0,0
164726.615191064,40,2014.6,2064,2081.2,0,0,738583.612368232,0,0,0
164726.65519013,40,2013.6,2066,2079.8,0,0,738583.612368695,0,0,0
164726.695189196,40,2014.6,2066.8,2080.8,0,0,738583.612369158,0,0,0
164726.735188263,40,2008,2069,2082.2,0,0,738583.612369621,0,0,0
164726.775187329,40,2013.8,2068.8,2082,0,0,738583.612370084,0,0,0
164726.815186396,40,2008.4,2071.2,2080,0,0,738583.612370546,0,0,0
164726.855185462,40,2011,2064.4,2077.6,0,0,738583.612371009,0,0,0
164726.895184528,40,2008.2,2063.4,2076.4,0,0,738583.612371472,0,0,0
164726.935183595,40,2011,2067.4,2078.8,0,0,738583.612371935,0,0,0
164726.975182661,40,2012.8,2066.8,2083,0,0,738583.612372398,0,0,0
164727.015181728,40,2010,2070.8,2077.6,0,0,738583.612372861,0,0,0
164727.055180794,40,2010.8,2067.6,2078.8,0,0,738583.612373324,0,0,0
164727.09517986,40,2015.2,2067.8,2085,0,0,738583.612373787,0,0,0
164727.135178927,40,2013.4,2067.6,2077.6,0,0,738583.61237425,0,0,0
164727.175177993,40,2012,2070,2082.6,0,0,738583.612374713,0,0,0
164727.21517706,40,2009.8,2063,2077.8,0,0,738583.612375176,0,0,0
164727.258176056,43,2013.2,2064.4,2078.8,0,0,738583.612375674,0,0,0
164727.298175122,40,2011.8,2069,2077.8,0,0,738583.612376137,0,0,0
164727.338174189,40,2010,2066.8,2079.4,0,0,738583.6123766,0,0,0
164727.378173255,40,2014.4,2070.8,2078.2,0,0,738583.612377063,0,0,0
164727.418172322,40,2013.6,2073.2,2079.4,0,0,738583.612377525,0,0,0
164727.458171388,40,2014.8,2070.2,2079.8,0,0,738583.612377988,0,0,0
164727.498170454,40,2016,2070.6,2080.8,0,0,738583.612378451,0,0,0
164727.538169521,40,2006.4,2067.2,2078.8,0,0,738583.612378914,0,0,0
164727.578168587,40,2011.4,2068,2077.6,0,0,738583.612379377,0,0,0
164727.618167654,40,2015.6,2070.6,2079.6,0,0,738583.61237984,0,0,0
164727.65816672,40,2013,2069.4,2078.6,0,0,738583.612380303,0,0,0
164727.698165786,40,2011.4,2066.8,2075.2,0,0,738583.612380766,0,0,0
164727.738164853,40,2010.6,2067.8,2077,0,0,738583.612381229,0,0,0
164727.778163919,40,2010.8,2073.2,2077.2,0,0,738583.612381692,0,0,0
164727.818162986,40,2009.8,2073.6,2080.4,0,0,738583.612382155,0,0,0
164727.858162052,40,2009.4,2069,2076.6,0,0,738583.612382618,0,0,0
164727.898161118,40,2009.4,2066.6,2078.4,0,0,738583.612383081,0,0,0
164727.938160185,40,2012.8,2069.2,2074.4,0,0,738583.612383544,0,0,0
164727.978159251,40,2010.4,2069.6,2077,0,0,738583.612384007,0,0,0
164728.018158318,40,2009.6,2066.2,2077.6,0,0,738583.61238447,0,0,0
164728.058157384,40,2013.2,2068.2,2077.6,0,0,738583.612384933,0,0,0
164728.09815645,40,2014.4,2068.4,2080,0,0,738583.612385396,0,0,0
164728.138155517,40,2013.8,2071.6,2080.8,0,0,738583.612385859,0,0,0
164728.178154583,40,2009.2,2069,2078.4,0,0,738583.612386322,0,0,0
164728.21815365,40,2012.6,2070.8,2076.6,0,0,738583.612386785,0,0,0
164728.258152716,40,2012.6,2068.2,2078.2,0,0,738583.612387248,0,0,0
164728.298151782,40,2016.6,2070.6,2076.6,0,0,738583.61238771,0,0,0
164728.338150849,40,2011.4,2070.2,2077.4,0,0,738583.612388173,0,0,0
164728.378149915,40,2013.6,2066.6,2079,0,0,738583.612388636,0,0,0
164728.418148982,40,2012.4,2068.2,2076.4,0,0,738583.612389099,0,0,0
164728.458148048,40,2004.6,2070.4,2076.6,0,0,738583.612389562,0,0,0
164728.498147114,40,2012.2,2070.2,2078.2,0,0,738583.612390025,0,0,0
164728.538146181,40,2010.4,2067.8,2080.4,0,0,738583.612390488,0,0,0
164728.578145247,40,2012.4,2068.4,2082.2,0,0,738583.612390951,0,0,0
164728.618144314,40,2011,2070.2,2081.4,0,0,738583.612391414,0,0,0
164728.65814338,40,2011.4,2067.8,2079,0,0,738583.612391877,0,0,0
164728.698142446,40,2015.2,2067,2079.2,0,0,738583.61239234,0,0,0
164728.738141513,40,2009.4,2069.6,2078.4,0,0,738583.612392803,0,0,0
164728.778140579,40,2012.2,2069.8,2077.4,0,0,738583.612393266,0,0,0
164728.818139646,40,2011,2069.2,2074.6,0,0,738583.612393729,0,0,0
164728.858138712,40,2012.4,2070,2078.2,0,0,738583.612394192,0,0,0
164728.898137778,40,2014.8,2069.8,2079.4,0,0,738583.612394655,0,0,0
164728.938136845,40,2012.6,2066,2078.8,0,0,738583.612395118,0,0,0
164728.978135911,40,2010.2,2071.8,2082.2,0,0,738583.612395581,0,0,0
164729.018134978,40,2012,2069.2,2078.8,0,0,738583.612396044,0,0,0
164729.058134044,40,2007.4,2069.6,2080.8,0,0,738583.612396506,0,0,0
164729.09813311,40,2013.8,2068.6,2079.4,0,0,738583.612396969,0,0,0
164729.138132177,40,2010.8,2069,2080,0,0,738583.612397432,0,0,0
164729.178131243,40,2010,2070,2079,0,0,738583.612397895,0,0,0
164729.21813031,40,2012,2070,2081,0,0,738583.612398358,0,0,0
164729.258129376,40,2012.6,2069.2,2074.4,0,0,738583.612398821,0,0,0
164729.298128442,40,2012.2,2071.4,2075.4,0,0,738583.612399284,0,0,0
164729.338127509,40,2014.4,2070.2,2079.4,0,0,738583.612399747,0,0,0
164729.378126575,40,2014.4,2068.8,2081.6,0,0,738583.61240021,0,0,0
164729.418125642,40,2011.2,2068.6,2080.6,0,0,738583.612400673,0,0,0
164729.458124708,40,2015,2068.4,2077.6,0,0,738583.612401136,0,0,0
164729.498123774,40,2012.6,2069,2080.8,0,0,738583.612401599,0,0,0
164729.538122841,40,2015.6,2068,2077.8,0,0,738583.612402062,0,0,0
164729.578121907,40,2012.6,2070.2,2076,0,0,738583.612402525,0,0,0
164729.618120974,40,2011.2,2068.2,2081.8,0,0,738583.612402988,0,0,0
164729.65812004,40,2013.6,2067.4,2078,0,0,738583.612403451,0,0,0
164729.698119106,40,2013.4,2064.2,2077,0,0,738583.612403914,0,0,0
164729.738118173,40,2014.8,2065.6,2078,0,0,738583.612404377,0,0,0
164729.778117239,40,2014.2,2066.8,2077,0,0,738583.61240484,0,0,0
164729.818116306,40,2012.4,2069.4,2078.2,0,0,738583.612405303,0,0,0
164729.858115372,40,2010.6,2068.6,2078.2,0,0,738583.612405766,0,0,0
164729.898114438,40,2010,2069.4,2080,0,0,738583.612406229,0,0,0
164729.938113505,40,2014,2068.8,2080,0,0,738583.612406691,0,0,0
164729.978112571,40,2008.8,2067.4,2083.6,0,0,738583.612407154,0,0,0
164730.018111638,40,2014,2069.8,2076.8,0,0,738583.612407617,0,0,0
164730.058110704,40,2014.2,2069,2076.8,0,0,738583.61240808,0,0,0
164730.09810977,40,2011.2,2065,2080,0,0,738583.612408543,0,0,0
164730.138108837,40,2013.8,2068.6,2079.4,0,0,738583.612409006,0,0,0
164730.178107903,40,2014.4,2071.6,2081.6,0,0,738583.612409469,0,0,0
164730.21810697,40,2010.4,2065,2079.8,0,0,738583.612409932,0,0,0
164730.258106036,40,2012,2069,2080.4,0,0,738583.612410395,0,0,0
164730.298105102,40,2009.6,2067.2,2079.2,0,0,738583.612410858,0,0,0
164730.338104169,40,2011.8,2067.6,2079.2,0,0,738583.612411321,0,0,0
164730.378103235,40,2011,2067.8,2076.8,0,0,738583.612411784,0,0,0
164730.418102302,40,2011.2,2070.2,2080.8,0,0,738583.612412247,0,0,0
164730.458101368,40,2013.2,2065.8,2081,0,0,738583.61241271,0,0,0
164730.498100434,40,2011.6,2066.6,2078.4,0,0,738583.612413173,0,0,0
164730.538099501,40,2012.4,2068.2,2075.6,0,0,738583.612413636,0,0,0
164730.578098567,40,2014.8,2069.6,2078,0,0,738583.612414099,0,0,0
164730.618097634,40,2013.6,2071.6,2078.6,0,0,738583.612414562,0,0,0
164730.6580967,40,2011.8,2071.8,2079.6,0,0,738583.612415025,0,0,0
164730.698095766,40,2014.2,2073.2,2076.4,0,0,738583.612415488,0,0,0
164730.738094833,40,2013.8,2069.4,2072.2,0,0,738583.612415951,0,0,0
164730.778093899,40,2009.8,2068.4,2078.2,0,0,738583.612416413,0,0,0
164730.818092966,40,2013.4,2069.4,2077.2,0,0,738583.612416876,0,0,0
164730.858092032,40,2015.4,2069.4,2078.8,0,0,738583.612417339,0,0,0
164730.898091098,40,2009.2,2069.2,2079.6,0,0,738583.612417802,0,0,0
164730.938090165,40,2009.4,2069.6,2077.2,0,0,738583.612418265,0,0,0
164730.978089231,40,2014.4,2071.6,2077.4,0,0,738583.612418728,0,0,0
164731.018088298,40,2014.4,2066.8,2082.8,0,0,738583.612419191,0,0,0
164731.058087364,40,2011.6,2068.4,2079.6,0,0,738583.612419654,0,0,0
164731.09808643,40,2012.8,2072,2076.4,0,0,738583.612420117,0,0,0
164731.138085497,40,2009.4,2068.8,2082.4,0,0,738583.61242058,0,0,0
164731.178084563,40,2012.6,2071,2079.8,0,0,738583.612421043,0,0,0
164731.21808363,40,2008.6,2067.6,2080,0,0,738583.612421506,0,0,0
164731.258082696,40,2008,2069.4,2082,0,0,738583.612421969,0,0,0
164731.298081762,40,2013.8,2065.2,2077.8,0,0,738583.612422432,0,0,0
164731.338080829,40,2009.2,2064.4,2079,0,0,738583.612422895,0,0,0
164731.378079895,40,2011,2065.6,2079.8,0,0,738583.612423358,0,0,0
164731.418078962,40,2013.8,2070,2077.8,0,0,738583.612423821,0,0,0
164731.458078028,40,2010,2071.8,2081.2,0,0,738583.612424284,0,0,0
164731.498077094,40,2007,2067.8,2076,0,0,738583.612424747,0,0,0
164731.538076161,40,2011.6,2068.6,2079.4,0,0,738583.61242521,0,0,0
164731.578075227,40,2013.8,2065,2081.2,0,0,738583.612425672,0,0,0
164731.618074294,40,2010.8,2065.4,2082.2,0,0,738583.612426135,0,0,0
164731.65807336,40,2009.6,2065.2,2078,0,0,738583.612426598,0,0,0
164731.698072426,40,2012.8,2068,2082,0,0,738583.612427061,0,0,0
164731.738071493,40,2011,2067.2,2076.2,0,0,738583.612427524,0,0,0
164731.778070559,40,2010.8,2070.2,2076.4,0,0,738583.612427987,0,0,0
164731.818069626,40,2007.2,2069.2,2078.4,0,0,738583.61242845,0,0,0
164731.858068692,40,2012.4,2067,2076.6,0,0,738583.612428913,0,0,0
164731.898067758,40,2010,2064.6,2079.4,0,0,738583.612429376,0,0,0
164731.938066825,40,2011.2,2069.6,2078.6,0,0,738583.612429839,0,0,0
164731.978065891,40,2012.4,2069.2,2078.4,0,0,738583.612430302,0,0,0
164732.018064958,40,2011.2,2064.8,2079.8,0,0,738583.612430765,0,0,0
164732.058064024,40,2010.2,2064.2,2077.2,0,0,738583.612431228,0,0,0
164732.09806309,40,2011.8,2063,2075.6,0,0,738583.612431691,0,0,0
164732.138062157,40,2009.2,2069.8,2078,0,0,738583.612432154,0,0,0
164732.178061223,40,2015.8,2071.2,2078.8,0,0,738583.612432617,0,0,0
164732.21806029,40,2010.4,2067,2079.8,0,0,738583.61243308,0,0,0
164732.258059356,40,2007.8,2067.2,2076.2,0,0,738583.612433543,0,0,0
164732.298058422,40,2011,2064.2,2080.6,0,0,738583.612434006,0,0,0
164732.338057489,40,2010.2,2069.2,2083.6,0,0,738583.612434469,0,0,0
164732.378056555,40,2014.2,2069.8,2078.8,0,0,738583.612434932,0,0,0
164732.418055622,40,2008.6,2065.8,2075.2,0,0,738583.612435395,0,0,0
164732.458054688,40,2013.8,2063.4,2079.2,0,0,738583.612435857,0,0,0
164732.498053754,40,2009.2,2069,2077.8,0,0,738583.61243632,0,0,0
164732.538052821,40,2012.6,2071.2,2077.6,0,0,738583.612436783,0,0,0
164732.578051887,40,2011,2066.4,2076.6,0,0,738583.612437246,0,0,0
164732.618050954,40,2016.2,2070.4,2074.6,0,0,738583.612437709,0,0,0
164732.65805002,40,2010.2,2070.8,2077,0,0,738583.612438172,0,0,0
164732.698049086,40,2014.8,2067.4,2079.2,0,0,738583.612438635,0,0,0
164732.738048153,40,2008.6,2065.6,2079.4,0,0,738583.612439098,0,0,0
164732.778047219,40,2011.4,2068.2,2078.8,0,0,738583.612439561,0,0,0
164732.818046286,40,2012.4,2070,2083,0,0,738583.612440024,0,0,0
164732.858045352,40,2010.4,2069.2,2077.6,0,0,738583.612440487,0,0,0
164732.898044418,40,2012.4,2068.8,2077.4,0,0,738583.61244095,0,0,0
164732.938043485,40,2013.8,2070.4,2081,0,0,738583.612441413,0,0,0
164732.978042551,40,2013.4,2064.8,2081.2,0,0,738583.612441876,0,0,0
164733.018041618,40,2012.6,2064.4,2076.8,0,0,738583.612442339,0,0,0
164733.058040684,40,2011.8,2065.4,2075.2,0,0,738583.612442802,0,0,0
164733.09803975,40,2010.8,2069.2,2076.6,0,0,738583.612443265,0,0,0
164733.138038817,40,2007.4,2071.8,2083.2,0,0,738583.612443728,0,0,0
164733.178037883,40,2008,2069,2079.2,0,0,738583.612444191,0,0,0
164733.21803695,40,2007.4,2068.2,2080.8,0,0,738583.612444654,0,0,0
164733.258036016,40,2011.6,2067,2078.6,0,0,738583.612445117,0,0,0
164733.298035082,40,2008.6,2068.6,2081.6,0,0,738583.612445579,0,0,0
164733.338034149,40,2013.4,2071,2086.4,0,0,738583.612446042,0,0,0
164733.378033215,40,2016.2,2076.8,2101.6,0,0,738583.612446505,0,0,0
164733.418032282,40,2020.8,2087.8,2132,0,0,738583.612446968,0,0,0
164733.458031348,40,2026.2,2107.6,2187,0,0,738583.612447431,0,0,0
164733.498030414,40,2034,2137,2280.2,0,0,738583.612447894,0,0,0
164733.538029481,40,2048.2,2181,2422.6,0,0,738583.612448357,0,0,0
164733.578028547,40,2066.4,2248.4,2600.6,0,0,738583.61244882,0,0,0
164733.618027614,40,2095.4,2326.2,2762.2,0,0,738583.612449283,0,0,0
164733.65802668,40,2111.6,2392.6,2857.2,0,0,738583.612449746,0,0,0
164733.698025746,40,2117.8,2419,2906.6,0,0,738583.612450209,0,0,0
164733.738024813,40,2109.8,2396.8,2889.6,0,0,738583.612450672,0,0,0
164733.778023879,40,2098.2,2347.6,2815.4,0,0,738583.612451135,0,0,0
164733.818022946,40,2076.8,2288.4,2688.8,0,0,738583.612451598,0,0,0
164733.858022012,40,2066,2230.6,2545.4,0,0,738583.612452061,0,0,0
164733.898021078,40,2047.8,2177.2,2395.6,0,0,738583.612452524,0,0,0
164733.938020145,40,2034.2,2135.6,2274.6,0,0,738583.612452987,0,0,0
164733.978019211,40,2025.8,2105.2,2182.4,0,0,738583.61245345,0,0,0
164734.018018278,40,2018.2,2082.4,2127,0,0,738583.612453913,0,0,0
164734.058017344,40,2011.6,2070.2,2092.2,0,0,738583.612454375,0,0,0
164734.09801641,40,2015.2,2070.4,2075.2,0,0,738583.612454838,0,0,0
164734.138015477,40,2014.6,2072.2,2086,0,0,738583.612455301,0,0,0
164734.178014543,40,2014.4,2074.8,2106.8,0,0,738583.612455764,0,0,0
164734.21801361,40,2016.8,2088,2140.2,0,0,738583.612456227,0,0,0
164734.258012676,40,2028,2117.6,2213.2,0,0,738583.61245669,0,0,0
164734.298011742,40,2049.6,2162.2,2341.8,0,0,738583.612457153,0,0,0
164734.338010809,40,2068.6,2241.4,2544.8,0,0,738583.612457616,0,0,0
164734.378009875,40,2096.6,2345.4,2749.4,0,0,738583.612458079,0,0,0
164734.418008942,40,2130.8,2444.2,2869.2,0,0,738583.612458542,0,0,0
164734.458008008,40,2145.8,2495.8,2899.8,0,0,738583.612459005,0,0,0
164734.498007074,40,2139.4,2464.2,2885.8,0,0,738583.612459468,0,0,0
164734.538006141,40,2122.6,2405.4,2802.4,0,0,738583.612459931,0,0,0
164734.578005207,40,2101.2,2324.8,2691.2,0,0,738583.612460394,0,0,0
164734.618004274,40,2077.8,2253.6,2551.2,0,0,738583.612460857,0,0,0
164734.65800334,40,2051.8,2187.4,2408.6,0,0,738583.61246132,0,0,0
164734.698002406,40,2037.6,2142.6,2278.2,0,0,738583.612461783,0,0,0
164734.738001473,40,2023.4,2105.6,2183.2,0,0,738583.612462246,0,0,0
164734.778000539,40,2020,2086.2,2131,0,0,738583.612462709,0,0,0
164734.817999606,40,2017,2080.2,2097.8,0,0,738583.612463172,0,0,0
164734.857998672,40,2010.6,2079,2090,0,0,738583.612463635,0,0,0
164734.897997738,40,2016.8,2076,2097.2,0,0,738583.612464098,0,0,0
164734.937996805,40,2019.2,2086.4,2121.4,0,0,738583.61246456,0,0,0
164734.977995871,40,2018.6,2101.6,2170.2,0,0,738583.612465023,0,0,0
164735.017994938,40,2034,2128,2253.8,0,0,738583.612465486,0,0,0
164735.057994004,40,2042,2166.2,2384.6,0,0,738583.612465949,0,0,0
164735.09799307,40,2064,2227.8,2548.2,0,0,738583.612466412,0,0,0
164735.137992137,40,2084.8,2290.2,2707.8,0,0,738583.612466875,0,0,0
164735.177991203,40,2103,2361.8,2811.6,0,0,738583.612467338,0,0,0
164735.21799027,40,2121.2,2411,2859.8,0,0,738583.612467801,0,0,0
164735.257989336,40,2134.6,2444,2869.4,0,0,738583.612468264,0,0,0
164735.297988402,40,2133.4,2443.4,2870,0,0,738583.612468727,0,0,0
164735.337987469,40,2124,2427.6,2845,0,0,738583.61246919,0,0,0
164735.377986535,40,2122.6,2409.4,2834.6,0,0,738583.612469653,0,0,0
164735.417985602,40,2121.6,2405.8,2820.6,0,0,738583.612470116,0,0,0
164735.457984668,40,2120.2,2403.2,2816.2,0,0,738583.612470579,0,0,0
164735.497983734,40,2121,2395.8,2811.8,0,0,738583.612471042,0,0,0
164735.537982801,40,2117.4,2390.2,2799.4,0,0,738583.612471505,0,0,0
164735.577981867,40,2117,2388.2,2787.4,0,0,738583.612471968,0,0,0
164735.617980934,40,2116.4,2377.2,2770.8,0,0,738583.612472431,0,0,0
164735.65798,40,2111.4,2368.8,2754.4,0,0,738583.612472894,0,0,0
164735.697979066,40,2112.4,2362,2749.2,0,0,738583.612473357,0,0,0
164735.737978133,40,2109.6,2358.4,2742,0,0,738583.61247382,0,0,0
164735.777977199,40,2104.6,2353.4,2740.2,0,0,738583.612474283,0,0,0
164735.817976266,40,2104.8,2348,2733.6,0,0,738583.612474745,0,0,0
164735.857975332,40,2104,2341.4,2737.8,0,0,738583.612475208,0,0,0
164735.897974398,40,2101,2343,2734.8,0,0,738583.612475671,0,0,0
164735.937973465,40,2095.6,2335,2725,0,0,738583.612476134,0,0,0
164735.977972531,40,2096,2335.6,2727.2,0,0,738583.612476597,0,0,0
164736.017971598,40,2096.4,2328.6,2708.6,0,0,738583.61247706,0,0,0
164736.057970664,40,2091.2,2321,2703.8,0,0,738583.612477523,0,0,0
164736.09796973,40,2092.6,2316.8,2692.8,0,0,738583.612477986,0,0,0
164736.137968797,40,2090,2310.8,2691.2,0,0,738583.612478449,0,0,0
164736.177967863,40,2093.4,2308,2680.8,0,0,738583.612478912,0,0,0
164736.21796693,40,2091,2302,2676.4,0,0,738583.612479375,0,0,0
164736.257965996,40,2088.4,2300,2670.8,0,0,738583.612479838,0,0,0
164736.297965062,40,2089.8,2296,2658.2,0,0,738583.612480301,0,0,0
164736.337964129,40,2087.6,2292.4,2656.6,0,0,738583.612480764,0,0,0
164736.377963195,40,2084,2286.8,2654.6,0,0,738583.612481227,0,0,0
164736.417962262,40,2080.4,2283.2,2651,0,0,738583.61248169,0,0,0
164736.457961328,40,2081.6,2276,2645,0,0,738583.612482153,0,0,0
164736.497960394,40,2082.4,2279.6,2630.8,0,0,738583.612482616,0,0,0
164736.537959461,40,2079,2277.4,2627.6,0,0,738583.612483079,0,0,0
164736.577958527,40,2080,2268.8,2614.6,0,0,738583.612483541,0,0,0
164736.617957594,40,2077.6,2271.2,2614.8,0,0,738583.612484004,0,0,0
164736.65795666,40,2076,2264.2,2601.6,0,0,738583.612484467,0,0,0
164736.697955726,40,2072,2261.4,2594.8,0,0,738583.61248493,0,0,0
164736.737954793,40,2071.6,2258.8,2595.2,0,0,738583.612485393,0,0,0
164736.777953859,40,2075.4,2253.2,2588,0,0,738583.612485856,0,0,0
164736.817952926,40,2067.4,2252.4,2585,0,0,738583.612486319,0,0,0
164736.857951992,40,2071.8,2247.4,2572,0,0,738583.612486782,0,0,0
164736.897951058,40,2067.2,2244,2567.2,0,0,738583.612487245,0,0,0
164736.937950125,40,2067.2,2241,2560,0,0,738583.612487708,0,0,0
164736.977949191,40,2068.6,2238,2556,0,0,738583.612488171,0,0,0
164737.017948258,40,2068,2232.8,2547.6,0,0,738583.612488634,0,0,0
164737.057947324,40,2065.2,2231,2541.4,0,0,738583.612489097,0,0,0
164737.09794639,40,2066,2227.8,2535.2,0,0,738583.61248956,0,0,0
164737.137945457,40,2064.6,2226.8,2524.8,0,0,738583.612490023,0,0,0
164737.177944523,40,2063.8,2221.8,2514,0,0,738583.612490486,0,0,0
164737.21794359,40,2061.6,2219,2514.8,0,0,738583.612490949,0,0,0
164737.257942656,40,2061.2,2215,2509.6,0,0,738583.612491412,0,0,0
164737.297941722,40,2061.4,2210.8,2505.8,0,0,738583.612491875,0,0,0
164737.337940789,40,2060.8,2212.4,2494.6,0,0,738583.612492338,0,0,0
164737.377939855,40,2060.8,2212.6,2490.6,0,0,738583.612492801,0,0,0
164737.417938922,40,2059.2,2207,2481.6,0,0,738583.612493264,0,0,0
164737.457937988,40,2057.4,2205,2476.2,0,0,738583.612493726,0,0,0
164737.497937054,40,2057,2199.6,2470,0,0,738583.612494189,0,0,0
164737.537936121,40,2056.2,2199.4,2461.2,0,0,738583.612494652,0,0,0
164737.577935187,40,2053.6,2201.4,2458.2,0,0,738583.612495115,0,0,0
164737.617934254,40,2057.8,2192.6,2451.2,0,0,738583.612495578,0,0,0
164737.65793332,40,2054.6,2191.4,2444.2,0,0,738583.612496041,0,0,0
164737.697932386,40,2052.6,2187.8,2436.4,0,0,738583.612496504,0,0,0
164737.737931453,40,2052,2192,2433.6,0,0,738583.612496967,0,0,0
164737.777930519,40,2051.6,2185.6,2428.2,0,0,738583.61249743,0,0,0
164737.817929586,40,2049.4,2180.6,2417.6,0,0,738583.612497893,0,0,0
164737.857928652,40,2053,2182,2415.2,0,0,738583.612498356,0,0,0
164737.897927718,40,2049,2180.4,2406.8,0,0,738583.612498819,0,0,0
164737.937926785,40,2046.2,2177.8,2409,0,0,738583.612499282,0,0,0
164737.977925851,40,2052.8,2178.2,2399.2,0,0,738583.612499745,0,0,0
164738.017924918,40,2050,2172.2,2391.8,0,0,738583.612500208,0,0,0
164738.057923984,40,2046.6,2170.4,2386.4,0,0,738583.612500671,0,0,0
164738.09792305,40,2046.8,2171.8,2382.6,0,0,738583.612501134,0,0,0
164738.137922117,40,2046.2,2167.2,2373.2,0,0,738583.612501597,0,0,0
164738.177921183,40,2041.4,2165.2,2374.2,0,0,738583.61250206,0,0,0
164738.21792025,40,2046,2166.4,2362,0,0,738583.612502523,0,0,0
164738.257919316,40,2043.2,2154.4,2361.8,0,0,738583.612502986,0,0,0
164738.297918382,40,2044.6,2158.8,2353.8,0,0,738583.612503449,0,0,0
164738.337917449,40,2044,2160.2,2346.4,0,0,738583.612503911,0,0,0
