248626.270927393,40,2047.6,2183.4,2449.2,0,0,738602.750957997,0,0,0
248626.310926459,40,2047.2,2183.6,2435.8,0,0,738602.750958459,0,0,0
248626.350925526,40,2046.6,2181.8,2432.6,0,0,738602.750958922,0,0,0
248626.390924592,40,2047.4,2181.8,2419.2,0,0,738602.750959385,0,0,0
248626.430923658,40,2046.8,2178.6,2413.4,0,0,738602.750959848,0,0,0
248626.470922725,40,2047.8,2173,2417.2,0,0,738602.750960311,0,0,0
248626.510921791,40,2046.2,2172.6,2407.6,0,0,738602.750960774,0,0,0
248626.550920858,40,2042.8,2173,2406.8,0,0,738602.750961237,0,0,0
248626.590919924,40,2045,2175.4,2396.6,0,0,738602.7509617,0,0,0
248626.63091899,40,2044,2164.8,2395.4,0,0,738602.750962163,0,0,0
248626.670918057,40,2045.6,2171.4,2395.2,0,0,738602.750962626,0,0,0
248626.710917123,40,2045.2,2166.8,2393.2,0,0,738602.750963089,0,0,0
248626.75091619,40,2042.8,2168,2398.6,0,0,738602.750963552,0,0,0
248626.790915256,40,2043.8,2173.6,2404.8,0,0,738602.750964015,0,0,0
248626.830914322,40,2047.6,2178,2415.2,0,0,738602.750964478,0,0,0
248626.870913389,40,2046,2179.2,2435,0,0,738602.750964941,0,0,0
248626.910912455,40,2048.2,2184,2452.8,0,0,738602.750965404,0,0,0
248626.950911522,40,2050.2,2186,2474.4,0,0,738602.750965867,0,0,0
248626.990910588,40,2050.2,2195.8,2496.8,0,0,738602.75096633,0,0,0
248627.030909654,40,2051.6,2203,2514.4,0,0,738602.750966793,0,0,0
248627.070908721,40,2057.6,2214.4,2524.2,0,0,738602.750967256,0,0,0
248627.110907787,40,2059.4,2212.6,2539.6,0,0,738602.750967719,0,0,0
248627.150906854,40,2057.2,2211.6,2541.8,0,0,738602.750968182,0,0,0
248627.19090592,40,2053.4,2214.2,2541.8,0,0,738602.750968644,0,0,0
248627.230904986,40,2055.6,2208.2,2542.2,0,0,738602.750969107,0,0,0
248627.270904053,40,2058.8,2210.6,2537.6,0,0,738602.75096957,0,0,0
248627.310903119,40,2052.6,2210.6,2532.8,0,0,738602.750970033,0,0,0
248627.350902186,40,2050.8,2210.2,2533.6,0,0,738602.750970496,0,0,0
248627.390901252,40,2051.2,2207,2524.4,0,0,738602.750970959,0,0,0
248627.430900318,40,2053,2203.6,2512.6,0,0,738602.750971422,0,0,0
248627.470899385,40,2050.8,2200.4,2505.6,0,0,738602.750971885,0,0,0
248627.510898451,40,2049,2198,2502.6,0,0,738602.750972348,0,0,0
248627.550897518,40,2047.6,2198,2494.2,0,0,738602.750972811,0,0,0
248627.590896584,40,2051.6,2197.6,2483.2,0,0,738602.750973274,0,0,0
248627.63089565,40,2048.8,2192.8,2474.2,0,0,738602.750973737,0,0,0
248627.670894717,40,2049.4,2190.2,2475.8,0,0,738602.7509742,0,0,0
248627.710893783,40,2049,2188.8,2462.6,0,0,738602.750974663,0,0,0
248627.75089285,40,2047.2,2186,2461.2,0,0,738602.750975126,0,0,0
248627.790891916,40,2049.4,2179.6,2447,0,0,738602.750975589,0,0,0
248627.830890982,40,2046.2,2177.2,2444.6,0,0,738602.750976052,0,0,0
248627.870890049,40,2041.6,2174.4,2438.4,0,0,738602.750976515,0,0,0
248627.910889115,40,2043.6,2170.8,2425.2,0,0,738602.750976978,0,0,0
248627.950888182,40,2046.4,2175.6,2418.6,0,0,738602.750977441,0,0,0
248627.990887248,40,2042.4,2174.2,2412.4,0,0,738602.750977903,0,0,0
248628.030886314,40,2046.2,2165.6,2407.2,0,0,738602.750978366,0,0,0
248628.070885381,40,2042,2169.6,2398,0,0,738602.750978829,0,0,0
248628.110884447,40,2045,2159.8,2396,0,0,738602.750979292,0,0,0
248628.150883514,40,2040.6,2161.2,2382.6,0,0,738602.750979755,0,0,0
248628.19088258,40,2040.2,2162,2378.6,0,0,738602.750980218,0,0,0
248628.230881646,40,2041.8,2159.2,2372.8,0,0,738602.750980681,0,0,0
248628.270880713,40,2039.8,2152.6,2365.6,0,0,738602.750981144,0,0,0
248628.310879779,40,2040.4,2154,2359.2,0,0,738602.750981607,0,0,0
248628.350878846,40,2039.8,2152,2357.2,0,0,738602.75098207,0,0,0
248628.390877912,40,2038.6,2150.8,2349,0,0,738602.750982533,0,0,0
248628.430876978,40,2041,2146.4,2345.2,0,0,738602.750982996,0,0,0
248628.470876045,40,2036.8,2148,2340.8,0,0,738602.750983459,0,0,0
248628.510875111,40,2037.2,2145.8,2333.2,0,0,738602.750983922,0,0,0
248628.550874178,40,2036.6,2143.6,2319.6,0,0,738602.750984385,0,0,0
248628.590873244,40,2039.8,2142.6,2322,0,0,738602.750984848,0,0,0
248628.63087231,40,2036.6,2144,2316,0,0,738602.750985311,0,0,0
248628.670871377,40,2037,2145.2,2313.8,0,0,738602.750985774,0,0,0
248628.710870443,40,2033,2138.8,2306.2,0,0,738602.750986237,0,0,0
248628.75086951,40,2035.6,2138.4,2305.2,0,0,738602.7509867,0,0,0
248628.790868576,40,2032,2138.4,2297.6,0,0,738602.750987163,0,0,0
248628.830867642,40,2034.4,2131,2295,0,0,738602.750987625,0,0,0
248628.870866709,40,2035.4,2137.2,2294.6,0,0,738602.750988088,0,0,0
248628.910865775,40,2036,2135,2285.6,0,0,738602.750988551,0,0,0
248628.950864842,40,2032.6,2134,2284.4,0,0,738602.750989014,0,0,0
248628.990863908,40,2029,2131.6,2281.4,0,0,738602.750989477,0,0,0
248629.030862974,40,2034,2130.6,2270.2,0,0,738602.75098994,0,0,0
248629.070862041,40,2033,2132,2266.6,0,0,738602.750990403,0,0,0
248629.110861107,40,2029.2,2127.8,2262,0,0,738602.750990866,0,0,0
248629.150860174,40,2031,2125.8,2254.2,0,0,738602.750991329,0,0,0
248629.19085924,40,2029.2,2124.2,2252.8,0,0,738602.750991792,0,0,0
248629.230858306,40,2029.6,2124,2252.6,0,0,738602.750992255,0,0,0
248629.270857373,40,2032.6,2120.2,2247.2,0,0,738602.750992718,0,0,0
248629.310856439,40,2032,2121.8,2238.8,0,0,738602.750993181,0,0,0
248629.350855506,40,2029.4,2120.6,2237.6,0,0,738602.750993644,0,0,0
248629.390854572,40,2032.4,2124.8,2228,0,0,738602.750994107,0,0,0
248629.430853638,40,2030.4,2122,2222,0,0,738602.75099457,0,0,0
248629.470852705,40,2031.6,2121.6,2218.4,0,0,738602.750995033,0,0,0
248629.510851771,40,2032.2,2117.6,2216,0,0,738602.750995496,0,0,0
248629.550850838,40,2030.6,2117,2212.6,0,0,738602.750995959,0,0,0
248629.590849904,40,2031,2117.6,2212,0,0,738602.750996422,0,0,0
248629.63084897,40,2025.6,2114.6,2209.4,0,0,738602.750996885,0,0,0
248629.670848037,40,2026.2,2116,2209.2,0,0,738602.750997348,0,0,0
248629.710847103,40,2027.2,2113,2206.2,0,0,738602.75099781,0,0,0
248629.75084617,40,2027.4,2110,2200.8,0,0,738602.750998273,0,0,0
248629.790845236,40,2025.4,2106.8,2196.2,0,0,738602.750998736,0,0,0
248629.830844302,40,2022.6,2110,2194,0,0,738602.750999199,0,0,0
248629.870843369,40,2028.8,2109.6,2191.6,0,0,738602.750999662,0,0,0
248629.910842435,40,2024.6,2106.6,2184.6,0,0,738602.751000125,0,0,0
248629.950841502,40,2024,2105.6,2183.4,0,0,738602.751000588,0,0,0
248629.990840568,40,2022.4,2106.8,2185,0,0,738602.751001051,0,0,0
248630.030839634,40,2022,2104.8,2180,0,0,738602.751001514,0,0,0
248630.070838701,40,2024,2103.2,2173.8,0,0,738602.751001977,0,0,0
248630.110837767,40,2026,2100,2170.2,0,0,738602.75100244,0,0,0
248630.150836834,40,2023,2100,2171.8,0,0,738602.751002903,0,0,0
248630.1908359,40,2021.8,2103.8,2168.8,0,0,738602.751003366,0,0,0
248630.230834966,40,2022.8,2100.2,2165.6,0,0,738602.751003829,0,0,0
248630.270834033,40,2020.2,2096.4,2159,0,0,738602.751004292,0,0,0
248630.310833099,40,2023,2097.8,2162.4,0,0,738602.751004755,0,0,0
248630.350832166,40,2019.4,2098.6,2162.6,0,0,738602.751005218,0,0,0
248630.390831232,40,2021,2095.8,2158,0,0,738602.751005681,0,0,0
248630.430830298,40,2019.8,2098,2153.2,0,0,738602.751006144,0,0,0
248630.470829365,40,2016.8,2093.6,2154.6,0,0,738602.751006607,0,0,0
248630.510828431,40,2020.2,2098.6,2147.8,0,0,738602.751007069,0,0,0
248630.550827498,40,2020.2,2097.4,2149.8,0,0,738602.751007532,0,0,0
248630.590826564,40,2022.4,2094.4,2139.6,0,0,738602.751007995,0,0,0
248630.63082563,40,2021.8,2093.6,2144.2,0,0,738602.751008458,0,0,0
248630.670824697,40,2023,2094,2139.8,0,0,738602.751008921,0,0,0
248630.710823763,40,2019.6,2093.2,2138.8,0,0,738602.751009384,0,0,0
248630.75082283,40,2024,2092.6,2140.2,0,0,738602.751009847,0,0,0
248630.790821896,40,2022.2,2092.8,2136.8,0,0,738602.75101031,0,0,0
248630.830820962,40,2016.6,2091.2,2142,0,0,738602.751010773,0,0,0
248630.870820029,40,2019,2088.8,2140.4,0,0,738602.751011236,0,0,0
248630.910819095,40,2020.4,2090.4,2139.6,0,0,738602.751011699,0,0,0
248630.950818162,40,2017.8,2088.4,2136.2,0,0,738602.751012162,0,0,0
248630.990817228,40,2020.6,2089.2,2132.6,0,0,738602.751012625,0,0,0
248631.030816294,40,2019.2,2092.2,2136.4,0,0,738602.751013088,0,0,0
248631.070815361,40,2019.4,2090.2,2141.2,0,0,738602.751013551,0,0,0
248631.110814427,40,2022.4,2093.6,2137.2,0,0,738602.751014014,0,0,0
248631.150813494,40,2020,2094,2149.2,0,0,738602.751014477,0,0,0
248631.19081256,40,2021.2,2095.8,2155.2,0,0,738602.75101494,0,0,0
248631.230811626,40,2022,2095.8,2162.8,0,0,738602.751015403,0,0,0
248631.270810693,40,2022,2102.8,2175.4,0,0,738602.751015866,0,0,0
248631.310809759,40,2023.6,2108.2,2191.6,0,0,738602.751016328,0,0,0
248631.350808826,40,2026.4,2112.6,2210,0,0,738602.751016791,0,0,0
248631.390807892,40,2027,2124.2,2229.8,0,0,738602.751017254,0,0,0
248631.430806958,40,2032,2129,2261,0,0,738602.751017717,0,0,0
248631.470806025,40,2037.6,2144.6,2295.4,0,0,738602.75101818,0,0,0
248631.510805091,40,2044,2159,2332.2,0,0,738602.751018643,0,0,0
248631.550804158,40,2044.6,2165.2,2367.8,0,0,738602.751019106,0,0,0
248631.590803224,40,2048.2,2172.6,2396.8,0,0,738602.751019569,0,0,0
248631.63080229,40,2047.6,2176.6,2402.8,0,0,738602.751020032,0,0,0
248631.670801357,40,2047.4,2170.6,2392,0,0,738602.751020495,0,0,0
248631.710800423,40,2042.2,2171.2,2386.2,0,0,738602.751020958,0,0,0
248631.75079949,40,2043.8,2166.6,2379,0,0,738602.751021421,0,0,0
248631.790798556,40,2043.2,2168.2,2369.6,0,0,738602.751021884,0,0,0
248631.830797622,40,2043.2,2158,2365.4,0,0,738602.751022347,0,0,0
248631.870796689,40,2041.2,2159.8,2355.2,0,0,738602.75102281,0,0,0
248631.910795755,40,2040.8,2156.2,2349.4,0,0,738602.751023273,0,0,0
248631.950794822,40,2040.4,2149.8,2333.8,0,0,738602.751023736,0,0,0
248631.990793888,40,2037.6,2143,2305,0,0,738602.751024199,0,0,0
248632.030792954,40,2034.6,2128,2264.8,0,0,738602.751024662,0,0,0
248632.070792021,40,2028,2120.2,2215.8,0,0,738602.751025125,0,0,0
248632.110791087,40,2024.4,2107.2,2166.6,0,0,738602.751025588,0,0,0
248632.150790154,40,2017,2095,2131.2,0,0,738602.751026051,0,0,0
248632.19078922,40,2017.6,2082.6,2112.6,0,0,738602.751026513,0,0,0
248632.230788286,40,2018.2,2095.6,2126.6,0,0,738602.751026976,0,0,0
248632.270787353,40,2023.6,2101.8,2171.4,0,0,738602.751027439,0,0,0
248632.310786419,40,2033,2117.8,2221.8,0,0,738602.751027902,0,0,0
248632.350785486,40,2039.4,2146.2,2295.8,0,0,738602.751028365,0,0,0
248632.390784552,40,2040,2159.8,2356.6,0,0,738602.751028828,0,0,0
248632.430783618,40,2046.2,2164.6,2370.4,0,0,738602.751029291,0,0,0
248632.470782685,40,2043.8,2149.4,2334.8,0,0,738602.751029754,0,0,0
248632.510781751,40,2037.2,2145.8,2302,0,0,738602.751030217,0,0,0
248632.550780818,40,2030,2123.2,2246.8,0,0,738602.75103068,0,0,0
248632.590779884,40,2025,2105.2,2191.8,0,0,738602.751031143,0,0,0
248632.63077895,40,2022,2090.6,2136.6,0,0,738602.751031606,0,0,0
248632.670778017,40,2015.2,2083.4,2105.2,0,0,738602.751032069,0,0,0
248632.710777083,40,2014.6,2080.8,2099.8,0,0,738602.751032532,0,0,0
248632.75077615,40,2015,2084,2123.4,0,0,738602.751032995,0,0,0
248632.790775216,40,2022.6,2100.4,2161.2,0,0,738602.751033458,0,0,0
248632.830774282,40,2025.4,2113.8,2223.8,0,0,738602.751033921,0,0,0
248632.870773349,40,2035.4,2138.8,2297.6,0,0,738602.751034384,0,0,0
248632.910772415,40,2041.8,2160,2353.8,0,0,738602.751034847,0,0,0
248632.950771482,40,2046,2168.8,2361.4,0,0,738602.75103531,0,0,0
248632.990770548,40,2040.6,2153,2317.6,0,0,738602.751035772,0,0,0
248633.030769614,40,2036.2,2146,2294.4,0,0,738602.751036235,0,0,0
248633.070768681,40,2033.8,2126,2263.2,0,0,738602.751036698,0,0,0
248633.110767747,40,2033.8,2115.8,2213,0,0,738602.751037161,0,0,0
248633.150766814,40,2022.8,2100,2158,0,0,738602.751037624,0,0,0
248633.19076588,40,2016.6,2085.6,2122.4,0,0,738602.751038087,0,0,0
248633.230764946,40,2013.2,2086,2092.6,0,0,738602.75103855,0,0,0
248633.270764013,40,2015,2075,2091,0,0,738602.751039013,0,0,0
248633.310763079,40,2015.8,2084,2108,0,0,738602.751039476,0,0,0
248633.350762146,40,2019.8,2092,2139.8,0,0,738602.751039939,0,0,0
248633.390761212,40,2026,2111.6,2191.4,0,0,738602.751040402,0,0,0
248633.430760278,40,2032,2133.2,2261.4,0,0,738602.751040865,0,0,0
248633.470759345,40,2042.2,2155.4,2347,0,0,738602.751041328,0,0,0
248633.510758411,40,2047,2172.2,2409.2,0,0,738602.751041791,0,0,0
248633.550757478,40,2046.2,2173,2408.6,0,0,738602.751042254,0,0,0
248633.590756544,40,2042.2,2157.2,2363.4,0,0,738602.751042717,0,0,0
248633.63075561,40,2037.8,2141.6,2311.4,0,0,738602.75104318,0,0,0
248633.670754677,40,2032.8,2128,2261.6,0,0,738602.751043643,0,0,0
248633.710753743,40,2027.6,2111.4,2199.8,0,0,738602.751044106,0,0,0
248633.75075281,40,2021.2,2094.8,2147.8,0,0,738602.751044569,0,0,0
248633.790751876,40,2011.6,2081,2110.8,0,0,738602.751045032,0,0,0
248633.830750942,40,2014.8,2075.2,2086.2,0,0,738602.751045494,0,0,0
248633.870750009,40,2009.6,2072,2076.4,0,0,738602.751045957,0,0,0
248633.910749075,40,2014.4,2073.8,2090,0,0,738602.75104642,0,0,0
248633.950748142,40,2017.2,2084.4,2103,0,0,738602.751046883,0,0,0
248633.990747208,40,2018.2,2092.4,2142.2,0,0,738602.751047346,0,0,0
248634.030746274,40,2032.2,2111.8,2188.4,0,0,738602.751047809,0,0,0
248634.070745341,40,2031.2,2129.2,2268.8,0,0,738602.751048272,0,0,0
248634.110744407,40,2036.4,2156.8,2350.4,0,0,738602.751048735,0,0,0
248634.150743474,40,2045.8,2162.6,2371.6,0,0,738602.751049198,0,0,0
248634.19074254,40,2043.4,2156.4,2330.6,0,0,738602.751049661,0,0,0
248634.230741606,40,2040,2139.8,2295.8,0,0,738602.751050124,0,0,0
248634.270740673,40,2033.2,2130.4,2253.6,0,0,738602.751050587,0,0,0
248634.310739739,40,2029.8,2117.2,2204.2,0,0,738602.75105105,0,0,0
248634.350738806,40,2023,2099.6,2158.6,0,0,738602.751051513,0,0,0
248634.390737872,40,2014.4,2084.6,2119.8,0,0,738602.751051976,0,0,0
248634.430736938,40,2012.2,2078.4,2087.6,0,0,738602.751052439,0,0,0
248634.470736005,40,2014.2,2070.6,2076.8,0,0,738602.751052902,0,0,0
248634.510735071,40,2016,2077.4,2087.2,0,0,738602.751053365,0,0,0
248634.550734138,40,2017.2,2083.8,2106.8,0,0,738602.751053828,0,0,0
248634.590733204,40,2016,2093.2,2146.4,0,0,738602.751054291,0,0,0
248634.63073227,40,2029.2,2113.8,2198.4,0,0,738602.751054754,0,0,0
248634.670731337,40,2033,2137.2,2282.8,0,0,738602.751055217,0,0,0
248634.710730403,40,2042.8,2161,2372.6,0,0,738602.751055679,0,0,0
248634.75072947,40,2047.2,2177.2,2411.6,0,0,738602.751056142,0,0,0
248634.790728536,40,2046.4,2175.4,2389.8,0,0,738602.751056605,0,0,0
248634.830727602,40,2044,2157,2339.6,0,0,738602.751057068,0,0,0
248634.870726669,40,2041.2,2145,2308.2,0,0,738602.751057531,0,0,0
248634.910725735,40,2031.2,2127.4,2261.8,0,0,738602.751057994,0,0,0
248634.950724802,40,2028.8,2110,2207,0,0,738602.751058457,0,0,0
248634.990723868,40,2020.8,2098.8,2151,0,0,738602.75105892,0,0,0
248635.030722934,40,2014,2082.6,2112,0,0,738602.751059383,0,0,0
248635.070722001,40,2016,2077.8,2079.8,0,0,738602.751059846,0,0,0
248635.110721067,40,2012.6,2074,2079.2,0,0,738602.751060309,0,0,0
248635.150720134,40,2010.8,2075.8,2099.2,0,0,738602.751060772,0,0,0
248635.1907192,40,2020.4,2091,2130.4,0,0,738602.751061235,0,0,0
248635.230718266,40,2022,2108.8,2187.4,0,0,738602.751061698,0,0,0
248635.270717333,40,2035.2,2134,2279.8,0,0,738602.751062161,0,0,0
248635.310716399,40,2043.4,2171.4,2396.4,0,0,738602.751062624,0,0,0
248635.350715466,40,2060.6,2209,2491.2,0,0,738602.751063087,0,0,0
248635.390714532,40,2060,2220.4,2513.4,0,0,738602.75106355,0,0,0
248635.430713598,40,2057.8,2209.4,2476,0,0,738602.751064013,0,0,0
248635.470712665,40,2054.2,2194.8,2451,0,0,738602.751064476,0,0,0
248635.510711731,40,2046.6,2176.4,2402,0,0,738602.751064938,0,0,0
248635.550710798,40,2041.6,2152,2348.2,0,0,738602.751065401,0,0,0
248635.590709864,40,2037.4,2129.6,2264.4,0,0,738602.751065864,0,0,0
248635.63070893,40,2024,2111.2,2195.8,0,0,738602.751066327,0,0,0
248635.670707997,40,2016.2,2092.8,2134.6,0,0,738602.75106679,0,0,0
248635.710707063,40,2017.2,2076.8,2093.6,0,0,738602.751067253,0,0,0
248635.75070613,40,2006.6,2071.6,2074.4,0,0,738602.751067716,0,0,0
248635.790705196,40,2011.2,2068.2,2069.4,0,0,738602.751068179,0,0,0
248635.830704262,40,2006.4,2074.8,2078.6,0,0,738602.751068642,0,0,0
248635.870703329,40,2013,2078,2087.4,0,0,738602.751069105,0,0,0
248635.910702395,40,2017.6,2081.6,2122.6,0,0,738602.751069568,0,0,0
248635.950701462,40,2019.4,2107.4,2170.2,0,0,738602.751070031,0,0,0
248635.990700528,40,2029.8,2129.8,2244.4,0,0,738602.751070494,0,0,0
248636.030699594,40,2044.6,2160.2,2344,0,0,738602.751070957,0,0,0
248636.070698661,40,2053,2191.4,2435.4,0,0,738602.75107142,0,0,0
248636.110697727,40,2057,2208.6,2475.4,0,0,738602.751071883,0,0,0
248636.150696794,40,2052.8,2189,2437.2,0,0,738602.751072346,0,0,0
248636.19069586,40,2046.2,2169.4,2385.8,0,0,738602.751072809,0,0,0
248636.230694926,40,2042.4,2153.6,2328.2,0,0,738602.751073272,0,0,0
248636.270693993,40,2034.6,2129.2,2261.2,0,0,738602.751073735,0,0,0
248636.310693059,40,2024.4,2112.8,2199.2,0,0,738602.751074198,0,0,0
248636.350692126,40,2018.6,2094,2140.4,0,0,738602.75107466,0,0,0
248636.390691192,40,2015.8,2079.2,2101.4,0,0,738602.751075123,0,0,0
248636.430690258,40,2012.8,2074,2078.4,0,0,738602.751075586,0,0,0
248636.470689325,40,2012,2071,2069.4,0,0,738602.751076049,0,0,0
248636.510688391,40,2012.2,2072.2,2081.8,0,0,738602.751076512,0,0,0
248636.550687458,40,2017.6,2079.2,2102.4,0,0,738602.751076975,0,0,0
248636.590686524,40,2016.4,2093.4,2136.6,0,0,738602.751077438,0,0,0
248636.63068559,40,2026.6,2111.2,2205.6,0,0,738602.751077901,0,0,0
248636.670684657,40,2038.2,2147.6,2301.4,0,0,738602.751078364,0,0,0
248636.710683723,40,2046,2175,2416.4,0,0,738602.751078827,0,0,0
248636.75068279,40,2051.4,2188.8,2449.8,0,0,738602.75107929,0,0,0
248636.790681856,40,2047.2,2179.2,2413.6,0,0,738602.751079753,0,0,0
248636.830680922,40,2039.4,2160.6,2368.8,0,0,738602.751080216,0,0,0
248636.870679989,40,2034.8,2144.2,2315,0,0,738602.751080679,0,0,0
248636.910679055,40,2029.8,2128.4,2258.8,0,0,738602.751081142,0,0,0
248636.950678122,40,2022.2,2108,2199.2,0,0,738602.751081605,0,0,0
248636.990677188,40,2020.6,2092.8,2143.6,0,0,738602.751082068,0,0,0
248637.030676254,40,2013.6,2079.2,2109.8,0,0,738602.751082531,0,0,0
248637.070675321,40,2011.8,2072,2081.4,0,0,738602.751082994,0,0,0
248637.110674387,40,2011.4,2068.6,2068.2,0,0,738602.751083457,0,0,0
248637.150673454,40,2006.8,2071.4,2066.2,0,0,738602.75108392,0,0,0
248637.19067252,40,2013.2,2072.6,2075.6,0,0,738602.751084383,0,0,0
248637.230671586,40,2013.4,2075.2,2089.8,0,0,738602.751084845,0,0,0
248637.270670653,40,2019.6,2092.8,2124.6,0,0,738602.751085308,0,0,0
248637.310669719,40,2024.6,2111.8,2180.8,0,0,738602.751085771,0,0,0
248637.350668786,40,2035,2132.4,2273.6,0,0,738602.751086234,0,0,0
248637.390667852,40,2040,2162,2370.6,0,0,738602.751086697,0,0,0
248637.430666918,40,2049.2,2171.4,2400.6,0,0,738602.75108716,0,0,0
248637.470665985,40,2041.4,2163.6,2352.4,0,0,738602.751087623,0,0,0
248637.510665051,40,2042.4,2151,2308.2,0,0,738602.751088086,0,0,0
248637.550664118,40,2036,2135.2,2270.2,0,0,738602.751088549,0,0,0
248637.590663184,40,2027.8,2118.6,2225.8,0,0,738602.751089012,0,0,0
248637.63066225,40,2023.2,2104,2182.4,0,0,738602.751089475,0,0,0
248637.670661317,40,2015.8,2090.4,2140.4,0,0,738602.751089938,0,0,0
248637.710660383,40,2011.6,2077.8,2102.8,0,0,738602.751090401,0,0,0
248637.75065945,40,2010.8,2073.8,2083.4,0,0,738602.751090864,0,0,0
248637.790658516,40,2008.8,2072.6,2068.8,0,0,738602.751091327,0,0,0
248637.830657582,40,2010.6,2065.8,2059.2,0,0,738602.75109179,0,0,0
248637.870656649,40,2009.8,2068.8,2072,0,0,738602.751092253,0,0,0
248637.910655715,40,2010.4,2072.2,2077.6,0,0,738602.751092716,0,0,0
248637.950654782,40,2017.4,2079.8,2104.6,0,0,738602.751093179,0,0,0
248637.990653848,40,2021.8,2089,2129.8,0,0,738602.751093642,0,0,0
248638.030652914,40,2023.2,2102.6,2186.6,0,0,738602.751094104,0,0,0
248638.070651981,40,2028.2,2127.4,2254.6,0,0,738602.751094567,0,0,0
248638.110651047,40,2037.4,2145.4,2310,0,0,738602.75109503,0,0,0
248638.150650114,40,2039.6,2146,2307.2,0,0,738602.751095493,0,0,0
248638.19064918,40,2029.2,2135,2276.8,0,0,738602.751095956,0,0,0
248638.230648246,40,2030.2,2128.8,2241,0,0,738602.751096419,0,0,0
248638.270647313,40,2024.6,2114.2,2207.4,0,0,738602.751096882,0,0,0
248638.310646379,40,2021,2101.4,2173.6,0,0,738602.751097345,0,0,0
248638.350645446,40,2019.4,2090.6,2138.2,0,0,738602.751097808,0,0,0
248638.390644512,40,2012,2081,2108.4,0,0,738602.751098271,0,0,0
248638.430643578,40,2015.2,2073.4,2085.4,0,0,738602.751098734,0,0,0
248638.470642645,40,2010.6,2064.8,2070.8,0,0,738602.751099197,0,0,0
248638.510641711,40,2008.2,2067.6,2072,0,0,738602.75109966,0,0,0
248638.550640778,40,2014.8,2070.8,2073.8,0,0,738602.751100123,0,0,0
248638.590639844,40,2013.4,2075.6,2090.2,0,0,738602.751100586,0,0,0
248638.63063891,40,2015.8,2089.2,2117.8,0,0,738602.751101049,0,0,0
248638.670637977,40,2024.4,2100.4,2165.2,0,0,738602.751101512,0,0,0
248638.710637043,40,2029,2121.6,2230.4,0,0,738602.751101975,0,0,0
248638.75063611,40,2038.6,2154,2319.6,0,0,738602.751102438,0,0,0
248638.790635176,40,2050.2,2181.6,2424.6,0,0,738602.751102901,0,0,0
248638.830634242,40,2055.4,2202.6,2492.6,0,0,738602.751103363,0,0,0
248638.870633309,40,2056.2,2202,2504.6,0,0,738602.751103826,0,0,0
248638.910632375,40,2047,2190,2471.6,0,0,738602.751104289,0,0,0
248638.950631442,40,2044,2175.2,2429.6,0,0,738602.751104752,0,0,0
248638.990630508,40,2038,2157.6,2365.6,0,0,738602.751105215,0,0,0
248639.030629574,40,2031.4,2133.4,2292,0,0,738602.751105678,0,0,0
248639.070628641,40,2020.8,2114.4,2224,0,0,738602.751106141,0,0,0
248639.110627707,40,2019.8,2100,2165.8,0,0,738602.751106604,0,0,0
248639.150626774,40,2018,2085.2,2129.8,0,0,738602.751107067,0,0,0
248639.19062584,40,2013.8,2084.8,2106.4,0,0,738602.75110753,0,0,0
248639.230624906,40,2017.4,2083.6,2101,0,0,738602.751107993,0,0,0
248639.270623973,40,2018.8,2087.2,2114,0,0,738602.751108456,0,0,0
248639.310623039,40,2017.6,2096,2136.6,0,0,738602.751108919,0,0,0
248639.350622106,40,2021.8,2102,2166.4,0,0,738602.751109382,0,0,0
248639.390621172,40,2025.6,2110.2,2207.2,0,0,738602.751109845,0,0,0
248639.430620238,40,2033,2129.2,2257,0,0,738602.751110308,0,0,0
248639.470619305,40,2038,2145.6,2324.4,0,0,738602.751110771,0,0,0
248639.510618371,40,2041.6,2159.4,2390.6,0,0,738602.751111234,0,0,0
248639.550617438,40,2046.2,2173.8,2430,0,0,738602.751111697,0,0,0
248639.590616504,40,2043.8,2171.8,2437.4,0,0,738602.75111216,0,0,0
248639.63061557,40,2046,2172,2415,0,0,738602.751112623,0,0,0
248639.670614637,40,2040.6,2166,2400,0,0,738602.751113086,0,0,0
248639.710613703,40,2039.8,2165.4,2392.8,0,0,738602.751113548,0,0,0
248639.75061277,40,2039.2,2162.4,2385.4,0,0,738602.751114011,0,0,0
248639.790611836,40,2041.4,2155,2371.2,0,0,738602.751114474,0,0,0
248639.830610902,40,2039.8,2157,2368,0,0,738602.751114937,0,0,0
248639.870609969,40,2036.6,2149.6,2361.8,0,0,738602.7511154,0,0,0
248639.910609035,40,2040,2151.8,2355.6,0,0,738602.751115863,0,0,0
248639.950608102,40,2036.4,2149.8,2346.2,0,0,738602.751116326,0,0,0
248639.990607168,40,2036.4,2148.6,2344.8,0,0,738602.751116789,0,0,0
248640.030606234,40,2036.6,2147,2337.2,0,0,738602.751117252,0,0,0
248640.070605301,40,2035.6,2146.4,2332,0,0,738602.751117715,0,0,0
248640.110604367,40,2033.4,2147.6,2328.6,0,0,738602.751118178,0,0,0
248640.150603434,40,2033,2143.2,2325,0,0,738602.751118641,0,0,0
248640.1906025,40,2039,2148,2320,0,0,738602.751119104,0,0,0
248640.230601566,40,2039,2143.4,2315.6,0,0,738602.751119567,0,0,0
248640.270600633,40,2036,2139.8,2312.2,0,0,738602.75112003,0,0,0
248640.310599699,40,2033.8,2137.2,2311.4,0,0,738602.751120493,0,0,0
248640.350598766,40,2035.2,2140.6,2302.6,0,0,738602.751120956,0,0,0
248640.390597832,40,2034.4,2136.6,2299.2,0,0,738602.751121419,0,0,0
248640.430596898,40,2032,2133.4,2296.2,0,0,738602.751121882,0,0,0
248640.470595965,40,2033,2136.6,2289.6,0,0,738602.751122345,0,0,0
248640.510595031,40,2036.8,2135.6,2281.8,0,0,738602.751122808,0,0,0
248640.550594098,40,2031.2,2127.8,2282.2,0,0,738602.75112327,0,0,0
248640.590593164,40,2034.2,2132.6,2276.6,0,0,738602.751123733,0,0,0
248640.63059223,40,2028.8,2129.8,2276.4,0,0,738602.751124196,0,0,0
248640.670591297,40,2031.4,2127.6,2268.8,0,0,738602.751124659,0,0,0
248640.710590363,40,2028.6,2132,2258.2,0,0,738602.751125122,0,0,0
248640.75058943,40,2031.2,2129.8,2258.6,0,0,738602.751125585,0,0,0
248640.790588496,40,2031,2128,2255.6,0,0,738602.751126048,0,0,0
248640.830587562,40,2031.6,2128.2,2255,0,0,738602.751126511,0,0,0
248640.870586629,40,2032.4,2131,2250.8,0,0,738602.751126974,0,0,0
248640.910585695,40,2032.4,2127,2248.6,0,0,738602.751127437,0,0,0
248640.950584762,40,2031.4,2131,2250.6,0,0,738602.7511279,0,0,0
248640.990583828,40,2033.4,2130.6,2249.2,0,0,738602.751128363,0,0,0
248641.030582894,40,2033.8,2123.8,2249.6,0,0,738602.751128826,0,0,0
248641.070581961,40,2032.6,2127.2,2252,0,0,738602.751129289,0,0,0
248641.110581027,40,2030.6,2125.6,2251.8,0,0,738602.751129752,0,0,0
248641.150580094,40,2029.8,2128,2252.4,0,0,738602.751130215,0,0,0
248641.19057916,40,2034.6,2129.2,2256.4,0,0,738602.751130678,0,0,0
248641.230578226,40,2034.2,2130.8,2265,0,0,738602.751131141,0,0,0
248641.270577293,40,2033.2,2136.4,2266.2,0,0,738602.751131604,0,0,0
248641.310576359,40,2035,2135.4,2272.4,0,0,738602.751132067,0,0,0
