210513.382502971,40,2061,2223.2,2516.6,0,0,738592.67728452,0,0,0
210513.422502038,40,2063.6,2219.4,2511.8,0,0,738592.677284983,0,0,0
210513.462501104,40,2057,2213.2,2511.2,0,0,738592.677285446,0,0,0
210513.502500171,40,2061.6,2217,2500.4,0,0,738592.677285909,0,0,0
210513.542499237,40,2056.2,2211.2,2495.4,0,0,738592.677286372,0,0,0
210513.582498303,40,2060,2211.8,2483.8,0,0,738592.677286835,0,0,0
210513.62249737,40,2060.2,2208.2,2475.6,0,0,738592.677287298,0,0,0
210513.662496436,40,2057.2,2212.6,2463.8,0,0,738592.677287761,0,0,0
210513.702495503,40,2059.2,2210.8,2465.2,0,0,738592.677288224,0,0,0
210513.742494569,40,2054,2206.4,2471,0,0,738592.677288686,0,0,0
210513.782493635,40,2059.2,2208,2468.2,0,0,738592.677289149,0,0,0
210513.822492702,40,2055.2,2203.8,2466.8,0,0,738592.677289612,0,0,0
210513.862491768,40,2056.8,2203.6,2465.2,0,0,738592.677290075,0,0,0
210513.902490835,40,2057.8,2199,2463.4,0,0,738592.677290538,0,0,0
210513.942489901,40,2051,2204,2465.2,0,0,738592.677291001,0,0,0
210513.982488967,40,2055.2,2201.2,2462,0,0,738592.677291464,0,0,0
210514.022488034,40,2051.2,2199.4,2457.8,0,0,738592.677291927,0,0,0
210514.0624871,40,2053.2,2194.4,2450.8,0,0,738592.67729239,0,0,0
210514.102486167,40,2052.8,2198.2,2451.8,0,0,738592.677292853,0,0,0
210514.142485233,40,2053.8,2194.6,2446,0,0,738592.677293316,0,0,0
210514.182484299,40,2057.4,2199.6,2449.8,0,0,738592.677293779,0,0,0
210514.222483366,40,2051.8,2197.8,2454,0,0,738592.677294242,0,0,0
210514.262482432,40,2053.4,2204.2,2464.6,0,0,738592.677294705,0,0,0
210514.302481499,40,2059,2209.2,2465,0,0,738592.677295168,0,0,0
210514.342480565,40,2060.8,2221.2,2481.6,0,0,738592.677295631,0,0,0
210514.382479631,40,2063.2,2228.2,2503.8,0,0,738592.677296094,0,0,0
210514.422478698,40,2069.2,2232.8,2530.2,0,0,738592.677296557,0,0,0
210514.462477764,40,2069.8,2250.2,2556.2,0,0,738592.67729702,0,0,0
210514.502476831,40,2068.6,2247.8,2562.4,0,0,738592.677297482,0,0,0
210514.542475897,40,2070.4,2247,2570,0,0,738592.677297945,0,0,0
210514.582474963,40,2068.6,2239,2571.8,0,0,738592.677298408,0,0,0
210514.62247403,40,2066.4,2236.6,2582.4,0,0,738592.677298871,0,0,0
210514.662473096,40,2066.6,2230.8,2590,0,0,738592.677299334,0,0,0
210514.702472163,40,2062.4,2233.2,2591.2,0,0,738592.677299797,0,0,0
210514.742471229,40,2057.4,2226,2580.8,0,0,738592.67730026,0,0,0
210514.782470295,40,2059.4,2215.4,2563.4,0,0,738592.677300723,0,0,0
210514.822469362,40,2059.4,2220,2553.8,0,0,738592.677301186,0,0,0
210514.862468428,40,2057.8,2225,2557.2,0,0,738592.677301649,0,0,0
210514.902467495,40,2069.4,2252.4,2625.8,0,0,738592.677302112,0,0,0
210514.942466561,40,2086.6,2311.8,2726.2,0,0,738592.677302575,0,0,0
210514.982465627,40,2125.2,2417.6,2810.2,0,0,738592.677303038,0,0,0
210515.022464694,40,2177.6,2538.4,2781.6,0,0,738592.677303501,0,0,0
210515.06246376,40,2266.6,2638.4,2634.6,0,0,738592.677303964,0,0,0
210515.102462827,40,2359.8,2655.4,2463,0,0,738592.677304427,0,0,0
210515.142461893,40,2432,2579.2,2322.6,0,0,738592.67730489,0,0,0
210515.182460959,40,2462,2466.6,2237.2,0,0,738592.677305353,0,0,0
210515.222460026,40,2455.8,2386.2,2183.4,0,0,738592.677305816,0,0,0
210515.262459092,40,2439.8,2339.8,2158.6,0,0,738592.677306279,0,0,0
210515.302458159,40,2436.8,2350.2,2161.4,0,0,738592.677306742,0,0,0
210515.342457225,40,2435.4,2412.8,2210.4,0,0,738592.677307204,0,0,0
210515.382456291,40,2392,2500.4,2306.2,0,0,738592.677307667,0,0,0
210515.422455358,40,2280,2570,2500.6,0,0,738592.67730813,0,0,0
210515.462454424,40,2160.6,2466.6,2721.6,0,0,738592.677308593,0,0,0
210515.502453491,40,2075.6,2267.4,2602,0,0,738592.677309056,0,0,0
210515.542452557,40,2040,2154.6,2333,0,0,738592.677309519,0,0,0
210515.582451623,40,2027.2,2111.6,2205.6,0,0,738592.677309982,0,0,0
210515.62245069,40,2028.4,2129.6,2253.2,0,0,738592.677310445,0,0,0
210515.662449756,40,2042.8,2164.2,2382,0,0,738592.677310908,0,0,0
210515.702448823,40,2068,2252.4,2559.8,0,0,738592.677311371,0,0,0
210515.742447889,40,2122.4,2387.8,2719.6,0,0,738592.677311834,0,0,0
210515.782446955,40,2203,2527.2,2659.4,0,0,738592.677312297,0,0,0
210515.822446022,40,2307.4,2597,2492,0,0,738592.67731276,0,0,0
210515.862445088,40,2402.8,2551.8,2338.2,0,0,738592.677313223,0,0,0
210515.902444155,40,2443.4,2447.8,2233.2,0,0,738592.677313686,0,0,0
210515.942443221,40,2431.8,2352,2165.8,0,0,738592.677314149,0,0,0
210515.982442287,40,2428.2,2350.8,2173.8,0,0,738592.677314612,0,0,0
210516.022441354,40,2427.8,2436,2227.6,0,0,738592.677315075,0,0,0
210516.06244042,40,2370.8,2536.8,2354.4,0,0,738592.677315538,0,0,0
210516.102439487,40,2239,2563.6,2586.8,0,0,738592.677316001,0,0,0
210516.142438553,40,2119.4,2388,2727.4,0,0,738592.677316464,0,0,0
210516.182437619,40,2059,2208.6,2480.6,0,0,738592.677316927,0,0,0
210516.222436686,40,2036.6,2122.6,2244.4,0,0,738592.677317389,0,0,0
210516.262435752,40,2020.8,2094.8,2152.6,0,0,738592.677317852,0,0,0
210516.302434819,40,2020.2,2101.6,2172.8,0,0,738592.677318315,0,0,0
210516.342433885,40,2030.2,2128.2,2260.4,0,0,738592.677318778,0,0,0
210516.382432951,40,2049.6,2186.8,2422.8,0,0,738592.677319241,0,0,0
210516.422432018,40,2092.4,2286.6,2591.8,0,0,738592.677319704,0,0,0
210516.462431084,40,2151.8,2438.4,2685,0,0,738592.677320167,0,0,0
210516.502430151,40,2245.4,2577.4,2588.6,0,0,738592.67732063,0,0,0
210516.542429217,40,2358.6,2598.8,2417.6,0,0,738592.677321093,0,0,0
210516.582428283,40,2436.4,2508.4,2275.2,0,0,738592.677321556,0,0,0
210516.62242735,40,2451.2,2407,2198.8,0,0,738592.677322019,0,0,0
210516.662426416,40,2444.4,2398.8,2198.6,0,0,738592.677322482,0,0,0
210516.702425483,40,2422.2,2480.6,2265.8,0,0,738592.677322945,0,0,0
210516.742424549,40,2356.8,2543,2372,0,0,738592.677323408,0,0,0
210516.782423615,40,2247.6,2574.8,2591.8,0,0,738592.677323871,0,0,0
210516.822422682,40,2136,2436,2796.2,0,0,738592.677324334,0,0,0
210516.862421748,40,2065.8,2239.2,2608.4,0,0,738592.677324797,0,0,0
210516.902420815,40,2037.2,2141.8,2312.8,0,0,738592.67732526,0,0,0
210516.942419881,40,2019.4,2098.6,2168,0,0,738592.677325723,0,0,0
210516.982418947,40,2015.8,2091,2147.4,0,0,738592.677326186,0,0,0
210517.022418014,40,2022,2110.6,2215.6,0,0,738592.677326648,0,0,0
210517.06241708,40,2039.2,2154.2,2373.4,0,0,738592.677327111,0,0,0
210517.102416147,40,2067.2,2246.6,2637.8,0,0,738592.677327574,0,0,0
210517.142415213,40,2121.6,2397.4,2786,0,0,738592.677328037,0,0,0
210517.182414279,40,2207.4,2559.8,2694,0,0,738592.6773285,0,0,0
210517.222413346,40,2313.4,2613.8,2494.6,0,0,738592.677328963,0,0,0
210517.262412412,40,2411.2,2546.6,2321,0,0,738592.677329426,0,0,0
210517.302411479,40,2433.6,2425.6,2222.4,0,0,738592.677329889,0,0,0
210517.342410545,40,2426.8,2423.2,2223.6,0,0,738592.677330352,0,0,0
210517.382409611,40,2383.8,2507.8,2314.2,0,0,738592.677330815,0,0,0
210517.422408678,40,2315.8,2615.8,2496.4,0,0,738592.677331278,0,0,0
210517.462407744,40,2178.6,2526,2773.6,0,0,738592.677331741,0,0,0
210517.502406811,40,2084,2307.8,2740,0,0,738592.677332204,0,0,0
210517.542405877,40,2041.6,2159,2387.4,0,0,738592.677332667,0,0,0
210517.582404943,40,2023.6,2104.8,2187.8,0,0,738592.67733313,0,0,0
210517.62240401,40,2014,2087.2,2139.4,0,0,738592.677333593,0,0,0
210517.662403076,40,2021.4,2101.4,2188,0,0,738592.677334056,0,0,0
210517.702402143,40,2034.8,2136.2,2322.6,0,0,738592.677334519,0,0,0
210517.742401209,40,2053.6,2215,2595.4,0,0,738592.677334982,0,0,0
210517.782400275,40,2102.8,2372.8,2873.8,0,0,738592.677335445,0,0,0
210517.822399342,40,2187.2,2574.2,2827.4,0,0,738592.677335908,0,0,0
210517.862398408,40,2302.8,2652.6,2558.2,0,0,738592.67733637,0,0,0
210517.902397475,40,2408.2,2586.6,2355.2,0,0,738592.677336833,0,0,0
210517.942396541,40,2453.8,2463.8,2242.6,0,0,738592.677337296,0,0,0
210517.982395607,40,2441.8,2427.2,2220.4,0,0,738592.677337759,0,0,0
210518.022394674,40,2412,2500,2288.2,0,0,738592.677338222,0,0,0
210518.06239374,40,2341.4,2578.4,2420.8,0,0,738592.677338685,0,0,0
210518.102392807,40,2219.6,2560.2,2648.4,0,0,738592.677339148,0,0,0
210518.142391873,40,2108.4,2369.6,2750.8,0,0,738592.677339611,0,0,0
210518.182390939,40,2052,2194.6,2473.4,0,0,738592.677340074,0,0,0
210518.222390006,40,2029.8,2117,2222.4,0,0,738592.677340537,0,0,0
210518.262389072,40,2016.2,2088,2133.8,0,0,738592.677341,0,0,0
210518.302388139,40,2015.2,2089.8,2151.8,0,0,738592.677341463,0,0,0
210518.342387205,40,2028.2,2122.2,2246.8,0,0,738592.677341926,0,0,0
210518.382386271,40,2048.2,2177,2452,0,0,738592.677342389,0,0,0
210518.422385338,40,2089,2306.2,2715.4,0,0,738592.677342852,0,0,0
210518.462384404,40,2157,2487.4,2777,0,0,738592.677343315,0,0,0
210518.502383471,40,2271.2,2625,2592.8,0,0,738592.677343778,0,0,0
210518.542382537,40,2389.4,2591.4,2380.8,0,0,738592.677344241,0,0,0
210518.582381603,40,2435.8,2455.4,2240.4,0,0,738592.677344704,0,0,0
210518.62238067,40,2424,2353.8,2172,0,0,738592.677345167,0,0,0
210518.662379736,40,2430.8,2386,2191.4,0,0,738592.67734563,0,0,0
210518.702378803,40,2415,2479.8,2275.4,0,0,738592.677346093,0,0,0
210518.742377869,40,2346.4,2580.8,2426.6,0,0,738592.677346555,0,0,0
210518.782376935,40,2216,2560.4,2665.6,0,0,738592.677347018,0,0,0
210518.822376002,40,2109.4,2365.2,2759.4,0,0,738592.677347481,0,0,0
210518.862375068,40,2058.6,2200.8,2484.2,0,0,738592.677347944,0,0,0
210518.902374135,40,2029.8,2128.2,2254.8,0,0,738592.677348407,0,0,0
210518.942373201,40,2023.8,2107,2189.8,0,0,738592.67734887,0,0,0
210518.982372267,40,2034.8,2128.6,2268.6,0,0,738592.677349333,0,0,0
210519.022371334,40,2048.8,2183,2436.6,0,0,738592.677349796,0,0,0
210519.0623704,40,2076.4,2284.2,2706.8,0,0,738592.677350259,0,0,0
210519.102369467,40,2134.4,2454,2861.6,0,0,738592.677350722,0,0,0
210519.142368533,40,2224.8,2623.4,2735.4,0,0,738592.677351185,0,0,0
210519.182367599,40,2328.2,2685,2528.4,0,0,738592.677351648,0,0,0
210519.222366666,40,2412.8,2626,2374.4,0,0,738592.677352111,0,0,0
210519.262365732,40,2434,2580,2326,0,0,738592.677352574,0,0,0
210519.302364799,40,2422,2614.6,2358.6,0,0,738592.677353037,0,0,0
210519.342363865,40,2390.6,2651.4,2421.2,0,0,738592.6773535,0,0,0
210519.382362931,40,2343,2681.4,2509.8,0,0,738592.677353963,0,0,0
210519.422361998,40,2280.2,2671.2,2637,0,0,738592.677354426,0,0,0
210519.462361064,40,2201.8,2592.2,2797.6,0,0,738592.677354889,0,0,0
210519.502360131,40,2129.6,2428.2,2841.2,0,0,738592.677355352,0,0,0
210519.542359197,40,2075.8,2261,2616,0,0,738592.677355814,0,0,0
210519.582358263,40,2045.8,2159.8,2355.4,0,0,738592.677356277,0,0,0
210519.62235733,40,2030.2,2131.2,2272,0,0,738592.67735674,0,0,0
210519.662356396,40,2044.2,2156.8,2342.6,0,0,738592.677357203,0,0,0
210519.702355463,40,2060.2,2220.4,2524.6,0,0,738592.677357666,0,0,0
210519.742354529,40,2098,2338,2741.6,0,0,738592.677358129,0,0,0
210519.782353595,40,2164.6,2510.8,2801,0,0,738592.677358592,0,0,0
210519.822352662,40,2254.2,2640.2,2672.2,0,0,738592.677359055,0,0,0
210519.862351728,40,2316.4,2678.4,2557.8,0,0,738592.677359518,0,0,0
210519.902350795,40,2321,2682.4,2552,0,0,738592.677359981,0,0,0
210519.942349861,40,2273.4,2660.8,2638.6,0,0,738592.677360444,0,0,0
210519.982348927,40,2219.8,2602.8,2731.4,0,0,738592.677360907,0,0,0
210520.022347994,40,2157.2,2490.4,2802,0,0,738592.67736137,0,0,0
210520.06234706,40,2106.2,2357.8,2744.4,0,0,738592.677361833,0,0,0
210520.102346127,40,2070.2,2243.2,2579.2,0,0,738592.677362296,0,0,0
210520.142345193,40,2045,2172.6,2406.2,0,0,738592.677362759,0,0,0
210520.182344259,40,2043.6,2169.8,2383,0,0,738592.677363222,0,0,0
210520.222343326,40,2056.8,2220.2,2504.8,0,0,738592.677363685,0,0,0
210520.262342392,40,2096,2322.4,2656,0,0,738592.677364148,0,0,0
210520.302341459,40,2155.4,2452.2,2720.2,0,0,738592.677364611,0,0,0
210520.342340525,40,2232,2579,2641,0,0,738592.677365074,0,0,0
210520.382339591,40,2301.8,2650.2,2555.2,0,0,738592.677365536,0,0,0
210520.422338658,40,2351,2673.8,2495,0,0,738592.677365999,0,0,0
210520.462337724,40,2328.4,2687.8,2540.2,0,0,738592.677366462,0,0,0
210520.502336791,40,2267.8,2660.4,2646.6,0,0,738592.677366925,0,0,0
210520.542335857,40,2208.2,2591.8,2772,0,0,738592.677367388,0,0,0
210520.582334923,40,2127.6,2445.6,2859.6,0,0,738592.677367851,0,0,0
210520.62233399,40,2078,2282.4,2688.4,0,0,738592.677368314,0,0,0
210520.662333056,40,2041.2,2169.4,2399.4,0,0,738592.677368777,0,0,0
210520.702332123,40,2025.4,2113.8,2208.4,0,0,738592.67736924,0,0,0
210520.742331189,40,2017.4,2090.8,2143.8,0,0,738592.677369703,0,0,0
210520.782330255,40,2021.4,2095.8,2150.4,0,0,738592.677370166,0,0,0
210520.822329322,40,2023.4,2110,2216.4,0,0,738592.677370629,0,0,0
210520.862328388,40,2034.8,2151.2,2358.6,0,0,738592.677371092,0,0,0
210520.902327455,40,2059.8,2232.4,2623.2,0,0,738592.677371555,0,0,0
210520.942326521,40,2101.6,2370.4,2862.6,0,0,738592.677372018,0,0,0
210520.982325587,40,2177,2555.4,2832.6,0,0,738592.677372481,0,0,0
210521.022324654,40,2257.8,2648.8,2658.8,0,0,738592.677372944,0,0,0
210521.06232372,40,2302.6,2662,2562.6,0,0,738592.677373407,0,0,0
210521.102322787,40,2288.4,2652.4,2591.4,0,0,738592.67737387,0,0,0
210521.142321853,40,2245.2,2627.4,2675.2,0,0,738592.677374333,0,0,0
210521.182320919,40,2181.4,2536.4,2766.8,0,0,738592.677374796,0,0,0
210521.222319986,40,2124,2396.6,2777.6,0,0,738592.677375259,0,0,0
210521.262319052,40,2070.8,2256.2,2595.6,0,0,738592.677375721,0,0,0
210521.302318119,40,2046.2,2162.2,2367.6,0,0,738592.677376184,0,0,0
210521.342317185,40,2025.2,2111,2218,0,0,738592.677376647,0,0,0
210521.382316251,40,2023.6,2104,2167,0,0,738592.67737711,0,0,0
210521.422315318,40,2023.4,2116.4,2222.8,0,0,738592.677377573,0,0,0
210521.462314384,40,2038.8,2159.2,2337.6,0,0,738592.677378036,0,0,0
210521.502313451,40,2068,2237.4,2533,0,0,738592.677378499,0,0,0
210521.542312517,40,2120.2,2369.2,2698.4,0,0,738592.677378962,0,0,0
210521.582311583,40,2198.4,2532,2676,0,0,738592.677379425,0,0,0
210521.62231065,40,2290.2,2645.8,2576.6,0,0,738592.677379888,0,0,0
210521.662309716,40,2340.2,2669.6,2497.8,0,0,738592.677380351,0,0,0
210521.702308783,40,2332,2676,2520.2,0,0,738592.677380814,0,0,0
210521.742307849,40,2293.4,2654.8,2578.2,0,0,738592.677381277,0,0,0
210521.782306915,40,2233.4,2604.4,2667.6,0,0,738592.67738174,0,0,0
210521.822305982,40,2171.6,2497,2743,0,0,738592.677382203,0,0,0
210521.862305048,40,2109.2,2357.4,2738.2,0,0,738592.677382666,0,0,0
210521.902304115,40,2060.6,2230.2,2551.6,0,0,738592.677383129,0,0,0
210521.942303181,40,2032.8,2143.8,2328,0,0,738592.677383592,0,0,0
210521.982302247,40,2018.2,2103.4,2187.2,0,0,738592.677384055,0,0,0
210522.022301314,40,2016.8,2089.6,2140.8,0,0,738592.677384518,0,0,0
210522.06230038,40,2021.6,2099.2,2162.4,0,0,738592.67738498,0,0,0
210522.102299447,40,2030,2120.6,2257.4,0,0,738592.677385443,0,0,0
210522.142298513,40,2045.6,2178.4,2420.6,0,0,738592.677385906,0,0,0
210522.182297579,40,2071.2,2260.4,2646,0,0,738592.677386369,0,0,0
210522.222296646,40,2112,2380.8,2811.8,0,0,738592.677386832,0,0,0
210522.262295712,40,2163.8,2511,2826.4,0,0,738592.677387295,0,0,0
210522.302294779,40,2206.6,2589.2,2767.2,0,0,738592.677387758,0,0,0
210522.342293845,40,2207.6,2604.2,2788.4,0,0,738592.677388221,0,0,0
210522.382292911,40,2174.8,2541,2828.2,0,0,738592.677388684,0,0,0
210522.422291978,40,2133,2444.4,2849.6,0,0,738592.677389147,0,0,0
210522.462291044,40,2093,2325.6,2774.8,0,0,738592.67738961,0,0,0
210522.502290111,40,2060,2228.4,2592.2,0,0,738592.677390073,0,0,0
210522.542289177,40,2036,2151.2,2366.6,0,0,738592.677390536,0,0,0
210522.582288243,40,2026.6,2110,2216.4,0,0,738592.677390999,0,0,0
210522.62228731,40,2010.8,2087.4,2134.6,0,0,738592.677391462,0,0,0
210522.662286376,40,2013.6,2089.2,2129.8,0,0,738592.677391925,0,0,0
210522.702285443,40,2021,2097.6,2163.4,0,0,738592.677392388,0,0,0
210522.742284509,40,2030,2120.2,2252.4,0,0,738592.677392851,0,0,0
210522.782283575,40,2043.8,2178.6,2430.2,0,0,738592.677393314,0,0,0
210522.822282642,40,2069.8,2257.4,2669.8,0,0,738592.677393777,0,0,0
210522.862281708,40,2108,2380.8,2827.2,0,0,738592.677394239,0,0,0
210522.902280775,40,2162.8,2509.8,2866.2,0,0,738592.677394702,0,0,0
210522.942279841,40,2195,2579,2803.6,0,0,738592.677395165,0,0,0
210522.982278907,40,2193.2,2572,2812.4,0,0,738592.677395628,0,0,0
210523.022277974,40,2155.8,2507.4,2851,0,0,738592.677396091,0,0,0
210523.06227704,40,2115,2400,2827,0,0,738592.677396554,0,0,0
210523.102276107,40,2074,2274.8,2692.2,0,0,738592.677397017,0,0,0
210523.142275173,40,2046.2,2180.4,2455.6,0,0,738592.67739748,0,0,0
210523.182274239,40,2028.4,2121,2260.6,0,0,738592.677397943,0,0,0
210523.222273306,40,2018,2092.6,2152,0,0,738592.677398406,0,0,0
210523.262272372,40,2013.6,2084,2116.4,0,0,738592.677398869,0,0,0
210523.302271439,40,2014,2087,2142.2,0,0,738592.677399332,0,0,0
210523.342270505,40,2025.8,2110.4,2206.6,0,0,738592.677399795,0,0,0
210523.382269571,40,2037,2150.6,2355.6,0,0,738592.677400258,0,0,0
210523.422268638,40,2060.6,2230,2580.4,0,0,738592.677400721,0,0,0
210523.462267704,40,2102.4,2347.6,2776.8,0,0,738592.677401184,0,0,0
210523.502266771,40,2155.4,2487,2826.4,0,0,738592.677401647,0,0,0
210523.542265837,40,2209.4,2599.6,2757.4,0,0,738592.67740211,0,0,0
210523.582264903,40,2231.4,2624.4,2729.6,0,0,738592.677402573,0,0,0
210523.62226397,40,2200.2,2579.2,2770.6,0,0,738592.677403036,0,0,0
210523.662263036,40,2157.2,2494.2,2824.6,0,0,738592.677403499,0,0,0
210523.702262103,40,2102.4,2365.6,2804.4,0,0,738592.677403962,0,0,0
210523.742261169,40,2067,2244,2632,0,0,738592.677404424,0,0,0
210523.782260235,40,2037.2,2158.6,2380.8,0,0,738592.677404887,0,0,0
210523.822259302,40,2023.6,2112.6,2212.8,0,0,738592.67740535,0,0,0
210523.862258368,40,2013.2,2086.4,2130.4,0,0,738592.677405813,0,0,0
210523.902257435,40,2014.8,2087,2139.4,0,0,738592.677406276,0,0,0
210523.942256501,40,2022,2107.6,2192.6,0,0,738592.677406739,0,0,0
210523.982255567,40,2036.6,2138.2,2297.6,0,0,738592.677407202,0,0,0
210524.022254634,40,2049,2196.2,2488.2,0,0,738592.677407665,0,0,0
210524.0622537,40,2082.6,2296.8,2686.4,0,0,738592.677408128,0,0,0
210524.102252767,40,2131.6,2417.8,2804.8,0,0,738592.677408591,0,0,0
210524.142251833,40,2181.4,2549.2,2788.4,0,0,738592.677409054,0,0,0
210524.182250899,40,2224.4,2616.6,2742,0,0,738592.677409517,0,0,0
210524.222249966,40,2205.2,2599.8,2782.4,0,0,738592.67740998,0,0,0
210524.262249032,40,2165.2,2510.8,2824,0,0,738592.677410443,0,0,0
210524.302248099,40,2110.8,2384,2817.2,0,0,738592.677410906,0,0,0
210524.342247165,40,2069.2,2260.4,2654.4,0,0,738592.677411369,0,0,0
210524.382246231,40,2044,2170.8,2411.2,0,0,738592.677411832,0,0,0
210524.422245298,40,2027.8,2112.4,2219.4,0,0,738592.677412295,0,0,0
210524.462244364,40,2017.4,2084.8,2129,0,0,738592.677412758,0,0,0
210524.502243431,40,2015,2078.2,2112.4,0,0,738592.677413221,0,0,0
210524.542242497,40,2017,2089.2,2135.6,0,0,738592.677413684,0,0,0
210524.582241563,40,2025,2112,2205,0,0,738592.677414146,0,0,0
210524.62224063,40,2036.6,2141,2323.8,0,0,738592.677414609,0,0,0
210524.662239696,40,2054,2213.6,2524.6,0,0,738592.677415072,0,0,0
210524.702238763,40,2089.6,2315.4,2727.6,0,0,738592.677415535,0,0,0
210524.742237829,40,2140.6,2450.8,2804.6,0,0,738592.677415998,0,0,0
210524.782236895,40,2193,2560.8,2774.2,0,0,738592.677416461,0,0,0
210524.822235962,40,2208.8,2588.6,2762,0,0,738592.677416924,0,0,0
210524.862235028,40,2171.4,2550,2850.4,0,0,738592.677417387,0,0,0
210524.902234095,40,2147.4,2471,2840.2,0,0,738592.67741785,0,0,0
210524.942233161,40,2107,2362.6,2773,0,0,738592.677418313,0,0,0
210524.982232227,40,2075.2,2266.6,2619.2,0,0,738592.677418776,0,0,0
210525.022231294,40,2047.4,2185,2426.8,0,0,738592.677419239,0,0,0
210525.06223036,40,2038.4,2138.4,2281.6,0,0,738592.677419702,0,0,0
210525.102229427,40,2024.4,2103.4,2195.8,0,0,738592.677420165,0,0,0
210525.142228493,40,2024.2,2101.2,2179.6,0,0,738592.677420628,0,0,0
210525.182227559,40,2024.2,2116.6,2221,0,0,738592.677421091,0,0,0
210525.222226626,40,2039.4,2148,2307.2,0,0,738592.677421554,0,0,0
210525.262225692,40,2051,2189.8,2422,0,0,738592.677422017,0,0,0
210525.302224759,40,2066.8,2241.2,2564.2,0,0,738592.67742248,0,0,0
210525.342223825,40,2087.4,2302.2,2664.4,0,0,738592.677422943,0,0,0
210525.382222891,40,2103.8,2361.2,2755,0,0,738592.677423405,0,0,0
210525.422221958,40,2129.2,2421,2803.2,0,0,738592.677423868,0,0,0
210525.462221024,40,2139,2452.2,2819.2,0,0,738592.677424331,0,0,0
210525.502220091,40,2142,2457.4,2839.8,0,0,738592.677424794,0,0,0
210525.542219157,40,2131.6,2446,2850.8,0,0,738592.677425257,0,0,0
210525.582218223,40,2120.6,2404.2,2856,0,0,738592.67742572,0,0,0
210525.62221729,40,2098.4,2354,2836,0,0,738592.677426183,0,0,0
210525.662216356,40,2077,2286.2,2723.4,0,0,738592.677426646,0,0,0
210525.702215423,40,2055.8,2217,2559.6,0,0,738592.677427109,0,0,0
210525.742214489,40,2040,2157.4,2381.2,0,0,738592.677427572,0,0,0
210525.782213555,40,2031.6,2123.4,2246.4,0,0,738592.677428035,0,0,0
210525.822212622,40,2017,2095,2171,0,0,738592.677428498,0,0,0
210525.862211688,40,2017.6,2088.8,2138.6,0,0,738592.677428961,0,0,0
210525.902210755,40,2022,2096,2148,0,0,738592.677429424,0,0,0
210525.942209821,40,2019.8,2104.2,2184.2,0,0,738592.677429887,0,0,0
210525.982208887,40,2029,2127.8,2258,0,0,738592.67743035,0,0,0
210526.022207954,40,2040.4,2158.2,2364.2,0,0,738592.677430813,0,0,0
210526.06220702,40,2051.6,2190.4,2483.6,0,0,738592.677431276,0,0,0
210526.102206087,40,2062.2,2238.8,2607.8,0,0,738592.677431739,0,0,0
210526.142205153,40,2076.8,2279.2,2713,0,0,738592.677432202,0,0,0
210526.182204219,40,2086.2,2320.8,2772.6,0,0,738592.677432665,0,0,0
210526.222203286,40,2095,2343.2,2803.6,0,0,738592.677433128,0,0,0
210526.262202352,40,2100.2,2357,2805.8,0,0,738592.67743359,0,0,0
210526.302201419,40,2097.2,2347.4,2788.8,0,0,738592.677434053,0,0,0
210526.342200485,40,2091.2,2329.4,2766.8,0,0,738592.677434516,0,0,0
210526.382199551,40,2088.2,2316.2,2741.4,0,0,738592.677434979,0,0,0
210526.422198618,40,2089,2313,2724.8,0,0,738592.677435442,0,0,0
210526.462197684,40,2086.4,2309,2728.2,0,0,738592.677435905,0,0,0
210526.502196751,40,2081.4,2302,2729.6,0,0,738592.677436368,0,0,0
210526.542195817,40,2081,2289.6,2723,0,0,738592.677436831,0,0,0
210526.582194883,40,2077,2273.2,2689.4,0,0,738592.677437294,0,0,0
210526.62219395,40,2064.6,2238.4,2623.2,0,0,738592.677437757,0,0,0
210526.662193016,40,2049.6,2197.2,2516.2,0,0,738592.67743822,0,0,0
210526.702192083,40,2040.6,2164.6,2394.6,0,0,738592.677438683,0,0,0
210526.742191149,40,2031.8,2128.8,2290.4,0,0,738592.677439146,0,0,0
210526.782190215,40,2023.8,2105.4,2204.8,0,0,738592.677439609,0,0,0
210526.822189282,40,2019.2,2088,2149.8,0,0,738592.677440072,0,0,0
210526.862188348,40,2015.8,2077.4,2112,0,0,738592.677440535,0,0,0
210526.902187415,40,2007,2076.6,2088.6,0,0,738592.677440998,0,0,0
210526.942186481,40,2015.2,2074,2093.8,0,0,738592.677441461,0,0,0
210526.982185547,40,2012.6,2082.4,2112.4,0,0,738592.677441924,0,0,0
210527.022184614,40,2017,2095.8,2156,0,0,738592.677442387,0,0,0
210527.06218368,40,2027.8,2113.8,2218,0,0,738592.677442849,0,0,0
210527.102182747,40,2036.4,2145.8,2310.2,0,0,738592.677443312,0,0,0
210527.142181813,40,2046,2173,2411.2,0,0,738592.677443775,0,0,0
210527.182180879,40,2048.6,2194.8,2494.8,0,0,738592.677444238,0,0,0
210527.222179946,40,2046.6,2193,2495.4,0,0,738592.677444701,0,0,0
210527.262179012,40,2044.8,2170.2,2435.2,0,0,738592.677445164,0,0,0
210527.302178079,40,2038.8,2150.4,2357.4,0,0,738592.677445627,0,0,0
210527.342177145,40,2029.6,2124.2,2267.2,0,0,738592.67744609,0,0,0
210527.382176211,40,2016.8,2102,2187.2,0,0,738592.677446553,0,0,0
210527.422175278,40,2014.4,2079.4,2125.2,0,0,738592.677447016,0,0,0
210527.462174344,40,2012,2072.6,2090.6,0,0,738592.677447479,0,0,0
210527.502173411,40,2007.6,2066.8,2071,0,0,738592.677447942,0,0,0
210527.542172477,40,2009.2,2062.4,2063.2,0,0,738592.677448405,0,0,0
210527.582171543,40,2008.6,2066.2,2080,0,0,738592.677448868,0,0,0
210527.62217061,40,2009.6,2076.6,2102.2,0,0,738592.677449331,0,0,0
210527.662169676,40,2015,2094.4,2152,0,0,738592.677449794,0,0,0
210527.702168743,40,2027.8,2118.8,2222.6,0,0,738592.677450257,0,0,0
210527.742167809,40,2034.6,2144.2,2323,0,0,738592.67745072,0,0,0
210527.782166875,40,2041.6,2166.4,2395.8,0,0,738592.677451183,0,0,0
210527.822165942,40,2042.2,2158.8,2389.6,0,0,738592.677451646,0,0,0
210527.862165008,40,2039.6,2150,2346.4,0,0,738592.677452109,0,0,0
210527.902164075,40,2035.2,2134.4,2290.4,0,0,738592.677452571,0,0,0
210527.942163141,40,2020.2,2111.6,2221.8,0,0,738592.677453034,0,0,0
210527.982162207,40,2017,2094.2,2165.2,0,0,738592.677453497,0,0,0
210528.022161274,40,2013.4,2078.8,2118.4,0,0,738592.67745396,0,0,0
210528.06216034,40,2009.6,2071.8,2084.4,0,0,738592.677454423,0,0,0
210528.102159407,40,2003.8,2063.6,2068.4,0,0,738592.677454886,0,0,0
210528.142158473,40,2001,2060.4,2061.4,0,0,738592.677455349,0,0,0
210528.182157539,40,2005,2065.8,2071.2,0,0,738592.677455812,0,0,0
210528.222156606,40,2010.2,2070,2089.6,0,0,738592.677456275,0,0,0
210528.262155672,40,2014.6,2084.2,2122.4,0,0,738592.677456738,0,0,0
210528.302154739,40,2020.4,2104.8,2181.8,0,0,738592.677457201,0,0,0
210528.342153805,40,2031.4,2127.8,2258.8,0,0,738592.677457664,0,0,0
210528.382152871,40,2033.2,2144.4,2331.8,0,0,738592.677458127,0,0,0
210528.422151938,40,2036.2,2148.8,2344,0,0,738592.67745859,0,0,0
210528.462151004,40,2033.4,2133,2297.4,0,0,738592.677459053,0,0,0
210528.502150071,40,2024.8,2122.2,2238.8,0,0,738592.677459516,0,0,0
210528.542149137,40,2014.8,2098,2186.2,0,0,738592.677459979,0,0,0
210528.582148203,40,2017,2089.8,2133.2,0,0,738592.677460442,0,0,0
210528.62214727,40,2012.4,2075,2097,0,0,738592.677460905,0,0,0
210528.662146336,40,2008.8,2063.2,2074,0,0,738592.677461368,0,0,0
210528.702145403,40,2005.4,2061.6,2061.2,0,0,738592.677461831,0,0,0
210528.742144469,40,2006.4,2062.4,2063.8,0,0,738592.677462294,0,0,0
210528.782143535,40,2007.2,2066.2,2076.2,0,0,738592.677462756,0,0,0
210528.822142602,40,2009.6,2075.8,2109.8,0,0,738592.677463219,0,0,0
210528.862141668,40,2017.6,2094.8,2155.6,0,0,738592.677463682,0,0,0
210528.902140735,40,2026.8,2118,2239.4,0,0,738592.677464145,0,0,0
210528.942139801,40,2040.8,2159.6,2368.4,0,0,738592.677464608,0,0,0
210528.982138867,40,2053,2190.2,2463.6,0,0,738592.677465071,0,0,0
210529.022137934,40,2047.6,2188.4,2477,0,0,738592.677465534,0,0,0
210529.062137,40,2043,2169.2,2417.4,0,0,738592.677465997,0,0,0
210529.102136067,40,2035.2,2147,2345.2,0,0,738592.67746646,0,0,0
210529.142135133,40,2029,2122.2,2260.2,0,0,738592.677466923,0,0,0
210529.182134199,40,2024.4,2101.8,2188,0,0,738592.677467386,0,0,0
210529.222133266,40,2014,2085,2128,0,0,738592.677467849,0,0,0
210529.262132332,40,2006.8,2070.4,2091.2,0,0,738592.677468312,0,0,0
210529.302131399,40,2006.4,2066.4,2069.6,0,0,738592.677468775,0,0,0
210529.342130465,40,2005.4,2064.2,2062.4,0,0,738592.677469238,0,0,0
210529.382129531,40,2006.4,2062.4,2073.6,0,0,738592.677469701,0,0,0
210529.422128598,40,2010.6,2072.2,2088.4,0,0,738592.677470164,0,0,0
210529.462127664,40,2015.4,2085.6,2127,0,0,738592.677470627,0,0,0
210529.502126731,40,2024.8,2104.2,2179.6,0,0,738592.67747109,0,0,0
210529.542125797,40,2030.4,2131,2260.8,0,0,738592.677471553,0,0,0
210529.582124863,40,2042,2163,2369,0,0,738592.677472015,0,0,0
210529.62212393,40,2051.2,2191,2468.4,0,0,738592.677472478,0,0,0
210529.662122996,40,2051.6,2206.8,2515.2,0,0,738592.677472941,0,0,0
210529.702122063,40,2045.4,2196,2493.6,0,0,738592.677473404,0,0,0
210529.742121129,40,2041.6,2176,2450.8,0,0,738592.677473867,0,0,0
210529.782120195,40,2040,2150.8,2378.2,0,0,738592.67747433,0,0,0
210529.822119262,40,2029.8,2134.6,2301.4,0,0,738592.677474793,0,0,0
210529.862118328,40,2023.4,2113.4,2231.8,0,0,738592.677475256,0,0,0
210529.902117395,40,2022.2,2097.6,2176.8,0,0,738592.677475719,0,0,0
210529.942116461,40,2015.8,2092,2151.2,0,0,738592.677476182,0,0,0
210529.982115527,40,2021.2,2091.6,2145.6,0,0,738592.677476645,0,0,0
210530.022114594,40,2019,2097.2,2165.8,0,0,738592.677477108,0,0,0
210530.06211366,40,2022.8,2106.8,2200.2,0,0,738592.677477571,0,0,0
210530.102112727,40,2031.6,2129.2,2264,0,0,738592.677478034,0,0,0
210530.142111793,40,2037.6,2148.8,2341,0,0,738592.677478497,0,0,0
210530.182110859,40,2048.6,2182.8,2428.2,0,0,738592.67747896,0,0,0
210530.222109926,40,2051.8,2207,2513,0,0,738592.677479423,0,0,0
210530.262108992,40,2058.2,2228.4,2571.8,0,0,738592.677479886,0,0,0
210530.302108059,40,2061.2,2228.8,2580.8,0,0,738592.677480349,0,0,0
210530.342107125,40,2050.8,2204.6,2530,0,0,738592.677480812,0,0,0
210530.382106191,40,2047.2,2186.8,2467.2,0,0,738592.677481274,0,0,0
210530.422105258,40,2035.8,2155.2,2376.2,0,0,738592.677481737,0,0,0
210530.462104324,40,2029.6,2128.8,2281.8,0,0,738592.6774822,0,0,0
210530.502103391,40,2024.8,2106.6,2202.2,0,0,738592.677482663,0,0,0
210530.542102457,40,2016.2,2088.8,2152,0,0,738592.677483126,0,0,0
210530.582101523,40,2015.4,2083.8,2130.4,0,0,738592.677483589,0,0,0
210530.62210059,40,2015,2084,2129.6,0,0,738592.677484052,0,0,0
210530.662099656,40,2019,2098.6,2155,0,0,738592.677484515,0,0,0
210530.702098723,40,2029.4,2116.8,2212,0,0,738592.677484978,0,0,0
210530.742097789,40,2036,2139.8,2297,0,0,738592.677485441,0,0,0
210530.782096855,40,2045.6,2171,2416.6,0,0,738592.677485904,0,0,0
210530.822095922,40,2056.2,2208.2,2536.8,0,0,738592.677486367,0,0,0
210530.862094988,40,2056.2,2225.8,2599.4,0,0,738592.67748683,0,0,0
210530.902094055,40,2053,2215.2,2562.8,0,0,738592.677487293,0,0,0
210530.942093121,40,2046,2194,2496.4,0,0,738592.677487756,0,0,0
210530.982092187,40,2042,2171.2,2405.4,0,0,738592.677488219,0,0,0
210531.022091254,40,2039,2144.4,2318.4,0,0,738592.677488682,0,0,0
210531.06209032,40,2030.8,2119.8,2232.2,0,0,738592.677489145,0,0,0
210531.102089387,40,2018.8,2099.8,2169.4,0,0,738592.677489608,0,0,0
210531.142088453,40,2019,2086.2,2129.2,0,0,738592.677490071,0,0,0
210531.182087519,40,2014.4,2077.2,2105.8,0,0,738592.677490534,0,0,0
210531.222086586,40,2011.8,2077,2107.2,0,0,738592.677490997,0,0,0
210531.262085652,40,2015.8,2087.8,2126.4,0,0,738592.677491459,0,0,0
210531.302084719,40,2023.8,2097,2165.2,0,0,738592.677491922,0,0,0
210531.342083785,40,2031,2120.6,2230.8,0,0,738592.677492385,0,0,0
210531.382082851,40,2039.6,2150.4,2326,0,0,738592.677492848,0,0,0
210531.422081918,40,2055.6,2199,2450.2,0,0,738592.677493311,0,0,0
210531.462080984,40,2070.8,2250.8,2571.6,0,0,738592.677493774,0,0,0
210531.502080051,40,2087.8,2300.8,2673.6,0,0,738592.677494237,0,0,0
210531.542079117,40,2087.8,2321.2,2726.8,0,0,738592.6774947,0,0,0
210531.582078183,40,2082.8,2299,2723.8,0,0,738592.677495163,0,0,0
210531.62207725,40,2072.8,2270.2,2691.6,0,0,738592.677495626,0,0,0
210531.662076316,40,2060,2234.8,2610.8,0,0,738592.677496089,0,0,0
210531.702075383,40,2053.2,2198.4,2506.6,0,0,738592.677496552,0,0,0
210531.742074449,40,2038.2,2159.4,2390.8,0,0,738592.677497015,0,0,0
210531.782073515,40,2031,2129.4,2291.4,0,0,738592.677497478,0,0,0
210531.822072582,40,2024.8,2110.4,2218,0,0,738592.677497941,0,0,0
210531.862071648,40,2020.2,2098.2,2169,0,0,738592.677498404,0,0,0
210531.902070715,40,2016.4,2090.6,2136.6,0,0,738592.677498867,0,0,0
210531.942069781,40,2020.8,2089.2,2134.6,0,0,738592.67749933,0,0,0
210531.982068847,40,2015.4,2094.4,2145.2,0,0,738592.677499793,0,0,0
210532.022067914,40,2019.2,2102.6,2176.2,0,0,738592.677500256,0,0,0
210532.06206698,40,2030.6,2120,2234.4,0,0,738592.677500719,0,0,0
210532.102066047,40,2035,2144,2321,0,0,738592.677501181,0,0,0
210532.142065113,40,2051.6,2192.6,2434.2,0,0,738592.677501644,0,0,0
210532.182064179,40,2076.2,2267,2591.6,0,0,738592.677502107,0,0,0
210532.222063246,40,2121,2382.4,2707.6,0,0,738592.67750257,0,0,0
210532.262062312,40,2187.2,2523.2,2689.4,0,0,738592.677503033,0,0,0
210532.302061379,40,2284.6,2621.8,2564,0,0,738592.677503496,0,0,0
210532.342060445,40,2376.6,2609.4,2402.6,0,0,738592.677503959,0,0,0
210532.382059511,40,2440.6,2531.2,2295.4,0,0,738592.677504422,0,0,0
210532.422058578,40,2457.8,2438.6,2215.6,0,0,738592.677504885,0,0,0
210532.462057644,40,2447.6,2372.8,2177.8,0,0,738592.677505348,0,0,0
210532.502056711,40,2445,2367,2172.8,0,0,738592.677505811,0,0,0
210532.542055777,40,2440,2416.8,2211.6,0,0,738592.677506274,0,0,0
210532.582054843,40,2411,2485,2278.6,0,0,738592.677506737,0,0,0
210532.62205391,40,2347.4,2555.8,2396.8,0,0,738592.6775072,0,0,0
210532.662052976,40,2243.4,2584,2602.6,0,0,738592.677507663,0,0,0
210532.702052043,40,2145.2,2439.4,2754.8,0,0,738592.677508126,0,0,0
210532.742051109,40,2075.8,2271.2,2619.6,0,0,738592.677508589,0,0,0
210532.782050175,40,2046.2,2168,2372.4,0,0,738592.677509052,0,0,0
210532.822049242,40,2030,2117.6,2225.6,0,0,738592.677509515,0,0,0
210532.862048308,40,2021.8,2101.2,2170.8,0,0,738592.677509978,0,0,0
210532.902047375,40,2019,2102.4,2178.2,0,0,738592.67751044,0,0,0
210532.942046441,40,2029.6,2121.4,2228.2,0,0,738592.677510903,0,0,0
210532.982045507,40,2039.8,2152.6,2329.2,0,0,738592.677511366,0,0,0
210533.022044574,40,2058.2,2212.4,2498.2,0,0,738592.677511829,0,0,0
210533.06204364,40,2100,2323.4,2654.6,0,0,738592.677512292,0,0,0
210533.102042707,40,2164.8,2464.8,2685.4,0,0,738592.677512755,0,0,0
210533.142041773,40,2261.6,2583.4,2561.2,0,0,738592.677513218,0,0,0
210533.182040839,40,2365.2,2580.4,2397.8,0,0,738592.677513681,0,0,0
210533.222039906,40,2434.6,2499,2268,0,0,738592.677514144,0,0,0
210533.262038972,40,2447.2,2402,2193.8,0,0,738592.677514607,0,0,0
210533.302038039,40,2415.6,2318,2143.6,0,0,738592.67751507,0,0,0
210533.342037105,40,2412.4,2312.8,2142.2,0,0,738592.677515533,0,0,0
210533.382036171,40,2428.4,2337,2161.2,0,0,738592.677515996,0,0,0
210533.422035238,40,2445.2,2392.2,2196.8,0,0,738592.677516459,0,0,0
210533.462034304,40,2435.6,2456.8,2244.2,0,0,738592.677516922,0,0,0
210533.502033371,40,2397,2536.2,2324.6,0,0,738592.677517385,0,0,0
210533.542032437,40,2316.6,2597.4,2475.4,0,0,738592.677517848,0,0,0
210533.582031503,40,2206.4,2545,2668.8,0,0,738592.677518311,0,0,0
210533.62203057,40,2116,2370.8,2707,0,0,738592.677518774,0,0,0
210533.662029636,40,2062.4,2216.8,2490.2,0,0,738592.677519237,0,0,0
210533.702028703,40,2040.6,2146,2315.2,0,0,738592.6775197,0,0,0
210533.742027769,40,2032.4,2121.4,2238.6,0,0,738592.677520163,0,0,0
210533.782026835,40,2037.2,2130,2256.2,0,0,738592.677520625,0,0,0
210533.822025902,40,2035.8,2150,2331.8,0,0,738592.677521088,0,0,0
210533.862024968,40,2055.2,2195.8,2446.2,0,0,738592.677521551,0,0,0
210533.902024035,40,2071.8,2258,2592.6,0,0,738592.677522014,0,0,0
210533.942023101,40,2106,2350.2,2710.6,0,0,738592.677522477,0,0,0
210533.982022167,40,2146.6,2446.2,2756.8,0,0,738592.67752294,0,0,0
210534.022021234,40,2184.6,2526.8,2740.6,0,0,738592.677523403,0,0,0
210534.0620203,40,2220.8,2587.2,2697,0,0,738592.677523866,0,0,0
210534.102019367,40,2247.4,2622.4,2661.2,0,0,738592.677524329,0,0,0
210534.142018433,40,2259.6,2638.2,2657.2,0,0,738592.677524792,0,0,0
210534.182017499,40,2237.8,2636.6,2717.6,0,0,738592.677525255,0,0,0
210534.222016566,40,2210.8,2604.8,2786.2,0,0,738592.677525718,0,0,0
210534.262015632,40,2181,2553.8,2834.2,0,0,738592.677526181,0,0,0
210534.302014699,40,2140.4,2463.8,2863,0,0,738592.677526644,0,0,0
210534.342013765,40,2097.4,2353.4,2813.6,0,0,738592.677527107,0,0,0
210534.382012831,40,2066.4,2249.6,2641,0,0,738592.67752757,0,0,0
210534.422011898,40,2043.4,2174,2432.6,0,0,738592.677528033,0,0,0
210534.462010964,40,2027.2,2128.6,2278.2,0,0,738592.677528496,0,0,0
210534.502010031,40,2024.2,2101.8,2197.6,0,0,738592.677528959,0,0,0
210534.542009097,40,2024.4,2103.8,2187.8,0,0,738592.677529422,0,0,0
210534.582008163,40,2029.6,2120.4,2240.6,0,0,738592.677529885,0,0,0
210534.62200723,40,2045.2,2168,2387.8,0,0,738592.677530347,0,0,0
210534.662006296,40,2066.2,2253.2,2625.6,0,0,738592.67753081,0,0,0
210534.702005363,40,2114,2392.8,2840.4,0,0,738592.677531273,0,0,0
210534.742004429,40,2173.8,2551.8,2839.4,0,0,738592.677531736,0,0,0
210534.782003495,40,2238.8,2637.2,2721.6,0,0,738592.677532199,0,0,0
210534.822002562,40,2249,2647,2694.8,0,0,738592.677532662,0,0,0
210534.862001628,40,2220.4,2621.6,2765.2,0,0,738592.677533125,0,0,0
210534.902000695,40,2185.2,2572,2828.4,0,0,738592.677533588,0,0,0
210534.941999761,40,2139.8,2469.4,2889.2,0,0,738592.677534051,0,0,0
210534.981998827,40,2092.6,2342.2,2816.8,0,0,738592.677534514,0,0,0
210535.021997894,40,2058.8,2221.4,2588.4,0,0,738592.677534977,0,0,0
210535.06199696,40,2036.6,2150,2350.2,0,0,738592.67753544,0,0,0
210535.101996027,40,2024.4,2111.2,2210,0,0,738592.677535903,0,0,0
210535.141995093,40,2026.4,2112.2,2199,0,0,738592.677536366,0,0,0
210535.181994159,40,2034.2,2136.6,2276,0,0,738592.677536829,0,0,0
210535.221993226,40,2053.4,2194.8,2460.8,0,0,738592.677537292,0,0,0
210535.261992292,40,2091.6,2304.8,2714.8,0,0,738592.677537755,0,0,0
210535.301991359,40,2136.2,2460.4,2849.8,0,0,738592.677538218,0,0,0
210535.341990425,40,2213.6,2608.8,2772,0,0,738592.677538681,0,0,0
210535.381989491,40,2268.2,2661.8,2645,0,0,738592.677539144,0,0,0
210535.421988558,40,2282,2669.6,2628.6,0,0,738592.677539606,0,0,0
210535.461987624,40,2240.8,2642.6,2720.4,0,0,738592.677540069,0,0,0
210535.501986691,40,2199,2589.8,2815.6,0,0,738592.677540532,0,0,0
210535.541985757,40,2141.8,2471.4,2862,0,0,738592.677540995,0,0,0
210535.581984823,40,2100,2340.2,2809.8,0,0,738592.677541458,0,0,0
210535.62198389,40,2058.2,2224.4,2583.4,0,0,738592.677541921,0,0,0
210535.661982956,40,2037.4,2145.8,2346.6,0,0,738592.677542384,0,0,0
210535.701982023,40,2024.6,2107.4,2206.8,0,0,738592.677542847,0,0,0
210535.741981089,40,2013.6,2095.4,2164.2,0,0,738592.67754331,0,0,0
210535.781980155,40,2022.4,2111.4,2203.6,0,0,738592.677543773,0,0,0
210535.821979222,40,2039.4,2151.4,2339,0,0,738592.677544236,0,0,0
210535.861978288,40,2061.6,2235.6,2565.4,0,0,738592.677544699,0,0,0
210535.901977355,40,2112.6,2381,2772.8,0,0,738592.677545162,0,0,0
210535.941976421,40,2183,2550.2,2784.6,0,0,738592.677545625,0,0,0
210535.981975487,40,2242.6,2636.4,2695.2,0,0,738592.677546088,0,0,0
210536.021974554,40,2239.2,2640,2709.2,0,0,738592.677546551,0,0,0
210536.06197362,40,2197.6,2592.4,2799.4,0,0,738592.677547014,0,0,0
210536.101972687,40,2163.4,2522,2830.2,0,0,738592.677547477,0,0,0
210536.141971753,40,2125.4,2417.4,2810.8,0,0,738592.67754794,0,0,0
210536.181970819,40,2088,2312.8,2708.8,0,0,738592.677548403,0,0,0
210536.221969886,40,2066.8,2229.4,2551.4,0,0,738592.677548866,0,0,0
210536.261968952,40,2038.6,2164,2372.6,0,0,738592.677549329,0,0,0
210536.301968019,40,2029,2123.2,2265.8,0,0,738592.677549791,0,0,0
210536.341967085,40,2032,2127,2250.4,0,0,738592.677550254,0,0,0
210536.381966151,40,2043.4,2166.4,2365.8,0,0,738592.677550717,0,0,0
210536.421965218,40,2068,2253.4,2602.4,0,0,738592.67755118,0,0,0
210536.461964284,40,2120.8,2403.4,2822.4,0,0,738592.677551643,0,0,0
210536.501963351,40,2195.4,2573.2,2812,0,0,738592.677552106,0,0,0
210536.541962417,40,2250.6,2640,2676.6,0,0,738592.677552569,0,0,0
210536.581961483,40,2259,2645.8,2658,0,0,738592.677553032,0,0,0
210536.62196055,40,2217.4,2608.4,2744,0,0,738592.677553495,0,0,0
210536.661959616,40,2163.8,2529.2,2835.2,0,0,738592.677553958,0,0,0
210536.701958683,40,2123.2,2419.6,2851.4,0,0,738592.677554421,0,0,0
210536.741957749,40,2083.4,2303.8,2742,0,0,738592.677554884,0,0,0
210536.781956815,40,2053.8,2205.6,2536,0,0,738592.677555347,0,0,0
210536.821955882,40,2034.2,2141.6,2335.2,0,0,738592.67755581,0,0,0
210536.861954948,40,2025.6,2114.4,2229.4,0,0,738592.677556273,0,0,0
210536.901954015,40,2029.8,2114.4,2211.2,0,0,738592.677556736,0,0,0
210536.941953081,40,2035,2133.4,2266.4,0,0,738592.677557199,0,0,0
210536.981952147,40,2043.8,2171.4,2378.2,0,0,738592.677557662,0,0,0
210537.021951214,40,2065.6,2226.4,2534.8,0,0,738592.677558125,0,0,0
210537.06195028,40,2091,2311.8,2679.8,0,0,738592.677558588,0,0,0
210537.101949347,40,2122.8,2411,2789.8,0,0,738592.67755905,0,0,0
210537.141948413,40,2149.8,2491.2,2857.8,0,0,738592.677559513,0,0,0
210537.181947479,40,2157,2507.6,2870.6,0,0,738592.677559976,0,0,0
210537.221946546,40,2140.8,2471,2868.4,0,0,738592.677560439,0,0,0
210537.261945612,40,2122,2404.6,2833.6,0,0,738592.677560902,0,0,0
210537.301944679,40,2090.2,2319.4,2762.2,0,0,738592.677561365,0,0,0
210537.341943745,40,2059.6,2239.2,2617,0,0,738592.677561828,0,0,0
210537.381942811,40,2043.2,2168.2,2419.2,0,0,738592.677562291,0,0,0
210537.421941878,40,2030.2,2124.4,2260.6,0,0,738592.677562754,0,0,0
210537.461940944,40,2018,2096.4,2170.6,0,0,738592.677563217,0,0,0
210537.501940011,40,2022,2099,2172.4,0,0,738592.67756368,0,0,0
210537.541939077,40,2026.4,2111.4,2220,0,0,738592.677564143,0,0,0
210537.581938143,40,2039,2148.4,2310,0,0,738592.677564606,0,0,0
210537.62193721,40,2056.8,2204.8,2485,0,0,738592.677565069,0,0,0
210537.661936276,40,2083.2,2295.2,2682.8,0,0,738592.677565532,0,0,0
210537.701935343,40,2120.4,2411.8,2831.6,0,0,738592.677565995,0,0,0
210537.741934409,40,2159,2512,2865,0,0,738592.677566458,0,0,0
210537.781933475,40,2180.6,2561.2,2827.8,0,0,738592.677566921,0,0,0
210537.821932542,40,2171.6,2535.2,2855.6,0,0,738592.677567384,0,0,0
210537.861931608,40,2138.8,2475.6,2885.4,0,0,738592.677567847,0,0,0
210537.901930675,40,2108.2,2389.4,2837.2,0,0,738592.677568309,0,0,0
210537.941929741,40,2077.8,2292.8,2729.4,0,0,738592.677568772,0,0,0
210537.981928807,40,2050.2,2207,2522.6,0,0,738592.677569235,0,0,0
210538.021927874,40,2040.6,2147.2,2329.6,0,0,738592.677569698,0,0,0
210538.06192694,40,2023.8,2110.4,2211,0,0,738592.677570161,0,0,0
210538.101926007,40,2021.2,2097.4,2157.6,0,0,738592.677570624,0,0,0
210538.141925073,40,2023.4,2097.6,2172.2,0,0,738592.677571087,0,0,0
210538.181924139,40,2026.2,2123.8,2244.8,0,0,738592.67757155,0,0,0
210538.221923206,40,2044.6,2167.8,2378,0,0,738592.677572013,0,0,0
210538.261922272,40,2067.6,2236,2567.2,0,0,738592.677572476,0,0,0
210538.301921339,40,2097.8,2336.2,2742.2,0,0,738592.677572939,0,0,0
210538.341920405,40,2134.8,2448.6,2826.6,0,0,738592.677573402,0,0,0
210538.381919471,40,2175.6,2533.8,2826.4,0,0,738592.677573865,0,0,0
210538.421918538,40,2183.4,2563.6,2827.4,0,0,738592.677574328,0,0,0
210538.461917604,40,2170.8,2528,2846,0,0,738592.677574791,0,0,0
210538.501916671,40,2132,2454.8,2864.4,0,0,738592.677575254,0,0,0
210538.541915737,40,2102.6,2355.8,2801,0,0,738592.677575717,0,0,0
210538.581914803,40,2073.6,2262.4,2662.2,0,0,738592.67757618,0,0,0
210538.62191387,40,2047.4,2186.6,2463.6,0,0,738592.677576643,0,0,0
210538.661912936,40,2032.6,2131.4,2295.8,0,0,738592.677577106,0,0,0
210538.701912003,40,2024.2,2106,2193.2,0,0,738592.677577569,0,0,0
210538.741911069,40,2018.6,2090.8,2153.8,0,0,738592.677578032,0,0,0
210538.781910135,40,2025,2106.4,2191.8,0,0,738592.677578494,0,0,0
210538.821909202,40,2033.2,2134.2,2269.8,0,0,738592.677578957,0,0,0
210538.861908268,40,2049,2184.4,2417.2,0,0,738592.67757942,0,0,0
210538.901907335,40,2080.2,2262,2601.6,0,0,738592.677579883,0,0,0
210538.941906401,40,2102.2,2350.4,2756.2,0,0,738592.677580346,0,0,0
210538.981905467,40,2131.8,2445.4,2853.2,0,0,738592.677580809,0,0,0
210539.021904534,40,2150.6,2507.8,2869,0,0,738592.677581272,0,0,0
210539.0619036,40,2152.8,2495.6,2862,0,0,738592.677581735,0,0,0
210539.101902667,40,2129.4,2441.6,2850.4,0,0,738592.677582198,0,0,0
210539.141901733,40,2104.6,2362.6,2803.4,0,0,738592.677582661,0,0,0
210539.181900799,40,2073.8,2274.2,2679.6,0,0,738592.677583124,0,0,0
210539.221899866,40,2055,2193.2,2481.6,0,0,738592.677583587,0,0,0
210539.261898932,40,2035,2139.6,2297,0,0,738592.67758405,0,0,0
210539.301897999,40,2014.8,2101,2188.6,0,0,738592.677584513,0,0,0
210539.341897065,40,2019.6,2089.8,2144.2,0,0,738592.677584976,0,0,0
210539.381896131,40,2023.4,2096.4,2156,0,0,738592.677585439,0,0,0
210539.421895198,40,2028.4,2119.2,2226.2,0,0,738592.677585902,0,0,0
210539.461894264,40,2045.6,2161.6,2340,0,0,738592.677586365,0,0,0
210539.501893331,40,2063.8,2223.4,2523.2,0,0,738592.677586828,0,0,0
210539.541892397,40,2096.6,2318,2673.4,0,0,738592.677587291,0,0,0
210539.581891463,40,2126.4,2415.2,2761.8,0,0,738592.677587754,0,0,0
210539.62189053,40,2161.4,2502.2,2794.4,0,0,738592.677588216,0,0,0
210539.661889596,40,2168,2532.4,2826.8,0,0,738592.677588679,0,0,0
210539.701888663,40,2156.4,2499.8,2865.4,0,0,738592.677589142,0,0,0
210539.741887729,40,2128.4,2430.8,2842,0,0,738592.677589605,0,0,0
210539.781886795,40,2095.2,2337.8,2753,0,0,738592.677590068,0,0,0
210539.821885862,40,2067.6,2246.2,2581.8,0,0,738592.677590531,0,0,0
210539.861884928,40,2051,2177.6,2397,0,0,738592.677590994,0,0,0
210539.901883995,40,2031.6,2129.4,2256.6,0,0,738592.677591457,0,0,0
210539.941883061,40,2021.8,2103.2,2177.4,0,0,738592.67759192,0,0,0
210539.981882127,40,2015.8,2090.8,2151.4,0,0,738592.677592383,0,0,0
210540.021881194,40,2020.8,2105.2,2189.2,0,0,738592.677592846,0,0,0
210540.06188026,40,2028.2,2126.2,2271.6,0,0,738592.677593309,0,0,0
210540.101879327,40,2042,2169.6,2423.4,0,0,738592.677593772,0,0,0
210540.141878393,40,2058.6,2242.6,2631.2,0,0,738592.677594235,0,0,0
210540.181877459,40,2092.6,2335.4,2807.2,0,0,738592.677594698,0,0,0
210540.221876526,40,2125,2432.4,2868.2,0,0,738592.677595161,0,0,0
210540.261875592,40,2149.2,2487.6,2863.2,0,0,738592.677595624,0,0,0
210540.301874659,40,2146,2479.6,2865,0,0,738592.677596087,0,0,0
210540.341873725,40,2126.2,2428.4,2850.2,0,0,738592.67759655,0,0,0
210540.381872791,40,2107.2,2363.2,2813.8,0,0,738592.677597013,0,0,0
210540.421871858,40,2076.2,2292.4,2721.4,0,0,738592.677597475,0,0,0
210540.461870924,40,2057.6,2219.2,2568,0,0,738592.677597938,0,0,0
210540.501869991,40,2044.4,2167.6,2398.2,0,0,738592.677598401,0,0,0
210540.541869057,40,2028.6,2126.8,2271,0,0,738592.677598864,0,0,0
210540.581868123,40,2026.2,2107.2,2189.2,0,0,738592.677599327,0,0,0
210540.62186719,40,2024.8,2102,2164.8,0,0,738592.67759979,0,0,0
210540.661866256,40,2025.6,2109,2218,0,0,738592.677600253,0,0,0
210540.701865323,40,2036.6,2142.8,2310,0,0,738592.677600716,0,0,0
210540.741864389,40,2049.2,2188,2466.8,0,0,738592.677601179,0,0,0
210540.781863455,40,2075.4,2261.6,2651.2,0,0,738592.677601642,0,0,0
210540.821862522,40,2102.2,2355,2779.4,0,0,738592.677602105,0,0,0
210540.861861588,40,2137,2440,2824.6,0,0,738592.677602568,0,0,0
210540.901860655,40,2157.8,2497.2,2846.2,0,0,738592.677603031,0,0,0
210540.941859721,40,2162.6,2511.8,2851.8,0,0,738592.677603494,0,0,0
210540.981858787,40,2143.4,2474.2,2847.6,0,0,738592.677603957,0,0,0
210541.021857854,40,2128,2432.8,2848,0,0,738592.67760442,0,0,0
210541.06185692,40,2109.6,2375.2,2820.8,0,0,738592.677604883,0,0,0
210541.101855987,40,2084,2311.2,2746.6,0,0,738592.677605346,0,0,0
210541.141855053,40,2057,2233,2600.6,0,0,738592.677605809,0,0,0
210541.181854119,40,2044.6,2171.4,2406.8,0,0,738592.677606272,0,0,0
210541.221853186,40,2032.6,2129.4,2261.8,0,0,738592.677606735,0,0,0
210541.261852252,40,2024.8,2106,2184,0,0,738592.677607198,0,0,0
210541.301851319,40,2026.8,2116.6,2197.4,0,0,738592.67760766,0,0,0
210541.341850385,40,2033.2,2128.8,2262,0,0,738592.677608123,0,0,0
210541.381849451,40,2043.2,2163.2,2378,0,0,738592.677608586,0,0,0
210541.421848518,40,2059,2217.6,2531.4,0,0,738592.677609049,0,0,0
210541.461847584,40,2083.8,2293.4,2691.8,0,0,738592.677609512,0,0,0
210541.501846651,40,2113.8,2383.4,2789.8,0,0,738592.677609975,0,0,0
210541.541845717,40,2144.6,2460.2,2805.2,0,0,738592.677610438,0,0,0
210541.581844783,40,2160.6,2509.8,2792.8,0,0,738592.677610901,0,0,0
210541.62184385,40,2165.2,2504,2796.8,0,0,738592.677611364,0,0,0
210541.661842916,40,2145,2461.4,2812.4,0,0,738592.677611827,0,0,0
210541.701841983,40,2123.2,2411.8,2818.8,0,0,738592.67761229,0,0,0
210541.741841049,40,2096,2345.8,2780.4,0,0,738592.677612753,0,0,0
210541.781840115,40,2071.6,2260.4,2660.2,0,0,738592.677613216,0,0,0
210541.821839182,40,2047.6,2185.2,2470.2,0,0,738592.677613679,0,0,0
210541.861838248,40,2030.6,2134.2,2302.8,0,0,738592.677614142,0,0,0
210541.901837315,40,2018.6,2099.4,2197,0,0,738592.677614605,0,0,0
210541.941836381,40,2020,2091.8,2135.2,0,0,738592.677615068,0,0,0
210541.981835447,40,2014.2,2085.2,2129.2,0,0,738592.677615531,0,0,0
210542.021834514,40,2016.6,2093.6,2154.2,0,0,738592.677615994,0,0,0
210542.06183358,40,2027.6,2113.2,2221.4,0,0,738592.677616457,0,0,0
210542.101832647,40,2038.2,2148.2,2344.8,0,0,738592.67761692,0,0,0
210542.141831713,40,2055,2211.4,2518.8,0,0,738592.677617382,0,0,0
210542.181830779,40,2082.2,2285.4,2696.2,0,0,738592.677617845,0,0,0
210542.221829846,40,2118.6,2390.6,2816.8,0,0,738592.677618308,0,0,0
210542.261828912,40,2146.8,2481.4,2844,0,0,738592.677618771,0,0,0
210542.301827979,40,2184,2553.4,2818,0,0,738592.677619234,0,0,0
210542.341827045,40,2205.6,2592.4,2764.8,0,0,738592.677619697,0,0,0
210542.381826111,40,2221,2614,2731.4,0,0,738592.67762016,0,0,0
210542.421825178,40,2225.2,2608.8,2720.2,0,0,738592.677620623,0,0,0
210542.461824244,40,2216.6,2602,2732.6,0,0,738592.677621086,0,0,0
210542.501823311,40,2207.8,2586.6,2752.2,0,0,738592.677621549,0,0,0
210542.541822377,40,2205.2,2582.8,2746.4,0,0,738592.677622012,0,0,0
210542.581821443,40,2207,2574,2745.6,0,0,738592.677622475,0,0,0
210542.62182051,40,2201.8,2573.4,2759.8,0,0,738592.677622938,0,0,0
210542.661819576,40,2195,2574,2769.2,0,0,738592.677623401,0,0,0
210542.701818643,40,2189,2569,2772,0,0,738592.677623864,0,0,0
210542.741817709,40,2196.8,2565.6,2781.6,0,0,738592.677624327,0,0,0
210542.781816775,40,2188.6,2554.4,2780.6,0,0,738592.67762479,0,0,0
210542.821815842,40,2183.8,2548.6,2782.8,0,0,738592.677625253,0,0,0
210542.861814908,40,2182.8,2531.4,2777.6,0,0,738592.677625716,0,0,0
210542.901813975,40,2180.2,2531.6,2766.8,0,0,738592.677626179,0,0,0
210542.941813041,40,2180.6,2521.6,2751.6,0,0,738592.677626641,0,0,0
210542.981812107,40,2172.2,2509.8,2744,0,0,738592.677627104,0,0,0
210543.021811174,40,2173.8,2507.6,2745.2,0,0,738592.677627567,0,0,0
210543.06181024,40,2168.8,2494.4,2749,0,0,738592.67762803,0,0,0
210543.101809307,40,2166,2492.2,2751.2,0,0,738592.677628493,0,0,0
210543.141808373,40,2157.4,2483.4,2772.6,0,0,738592.677628956,0,0,0
210543.181807439,40,2151.4,2481.4,2817.6,0,0,738592.677629419,0,0,0
210543.221806506,40,2149.2,2472,2841,0,0,738592.677629882,0,0,0
210543.261805572,40,2131.8,2446,2857.6,0,0,738592.677630345,0,0,0
210543.301804639,40,2118.8,2407.2,2847.4,0,0,738592.677630808,0,0,0
210543.341803705,40,2097.4,2347,2797.2,0,0,738592.677631271,0,0,0
210543.381802771,40,2077.6,2274.2,2681.6,0,0,738592.677631734,0,0,0
210543.421801838,40,2059.6,2211.4,2511.4,0,0,738592.677632197,0,0,0
210543.461800904,40,2045,2161.4,2365.6,0,0,738592.67763266,0,0,0
210543.501799971,40,2037.8,2142.6,2296.2,0,0,738592.677633123,0,0,0
210543.541799037,40,2044.4,2157.2,2331.6,0,0,738592.677633586,0,0,0
210543.581798103,40,2049.8,2188.2,2435.8,0,0,738592.677634049,0,0,0
210543.62179717,40,2072.4,2256.6,2600.2,0,0,738592.677634512,0,0,0
210543.661796236,40,2104.4,2357.8,2749.6,0,0,738592.677634975,0,0,0
210543.701795303,40,2161.8,2489,2810.8,0,0,738592.677635438,0,0,0
210543.741794369,40,2212.8,2593,2741.4,0,0,738592.677635901,0,0,0
210543.781793435,40,2257.8,2644.2,2677.4,0,0,738592.677636364,0,0,0
210543.821792502,40,2254.8,2655.4,2676.8,0,0,738592.677636826,0,0,0
210543.861791568,40,2230.8,2628.8,2731.2,0,0,738592.677637289,0,0,0
210543.901790635,40,2199.6,2578.4,2775.2,0,0,738592.677637752,0,0,0
210543.941789701,40,2150.6,2485,2825,0,0,738592.677638215,0,0,0
210543.981788767,40,2111.4,2371.4,2792.6,0,0,738592.677638678,0,0,0
210544.021787834,40,2073.2,2261.4,2636.6,0,0,738592.677639141,0,0,0
210544.0617869,40,2048,2176.8,2441.2,0,0,738592.677639604,0,0,0
210544.101785967,40,2029.2,2132.8,2299.4,0,0,738592.677640067,0,0,0
210544.141785033,40,2027,2125.4,2256.8,0,0,738592.67764053,0,0,0
210544.181784099,40,2038.4,2149,2340.8,0,0,738592.677640993,0,0,0
210544.221783166,40,2056.2,2204.8,2498.6,0,0,738592.677641456,0,0,0
210544.261782232,40,2085.8,2298.2,2688.8,0,0,738592.677641919,0,0,0
210544.301781299,40,2130.6,2419.4,2812,0,0,738592.677642382,0,0,0
210544.341780365,40,2181,2540.6,2806.4,0,0,738592.677642845,0,0,0
210544.381779431,40,2209.8,2602.8,2772,0,0,738592.677643308,0,0,0
210544.421778498,40,2213,2606.2,2777.4,0,0,738592.677643771,0,0,0
210544.461777564,40,2183.6,2559.2,2807.6,0,0,738592.677644234,0,0,0
210544.501776631,40,2156.6,2497,2839,0,0,738592.677644697,0,0,0
210544.541775697,40,2118,2402.6,2836.8,0,0,738592.67764516,0,0,0
210544.581774763,40,2084,2293.8,2728.6,0,0,738592.677645623,0,0,0
210544.62177383,40,2057,2204.2,2520.6,0,0,738592.677646086,0,0,0
210544.661772896,40,2036.6,2145.6,2333.6,0,0,738592.677646548,0,0,0
210544.701771963,40,2024,2114.4,2216.8,0,0,738592.677647011,0,0,0
210544.741771029,40,2025,2105.8,2181,0,0,738592.677647474,0,0,0
210544.781770095,40,2028.8,2108.6,2204.2,0,0,738592.677647937,0,0,0
210544.821769162,40,2038.8,2141.8,2293.6,0,0,738592.6776484,0,0,0
210544.861768228,40,2045.6,2181.6,2453.8,0,0,738592.677648863,0,0,0
210544.901767295,40,2068,2256.4,2659.6,0,0,738592.677649326,0,0,0
210544.941766361,40,2099.4,2361,2827.8,0,0,738592.677649789,0,0,0
210544.981765427,40,2143.4,2470,2874.2,0,0,738592.677650252,0,0,0
210545.021764494,40,2175.2,2544.4,2838.4,0,0,738592.677650715,0,0,0
210545.06176356,40,2181.8,2548.8,2817.4,0,0,738592.677651178,0,0,0
210545.101762627,40,2160.6,2509.2,2847.8,0,0,738592.677651641,0,0,0
210545.141761693,40,2132.6,2439,2860,0,0,738592.677652104,0,0,0
210545.181760759,40,2098.8,2354.4,2820.2,0,0,738592.677652567,0,0,0
210545.221759826,40,2067.8,2260.8,2681.8,0,0,738592.67765303,0,0,0
210545.261758892,40,2051,2190.2,2488.2,0,0,738592.677653493,0,0,0
210545.301757959,40,2032.8,2137,2315,0,0,738592.677653956,0,0,0
210545.341757025,40,2025.6,2106.6,2208.8,0,0,738592.677654419,0,0,0
210545.381756091,40,2014,2092.2,2155.8,0,0,738592.677654882,0,0,0
210545.421755158,40,2021.6,2097.8,2168.2,0,0,738592.677655344,0,0,0
210545.461754224,40,2023.6,2115,2216,0,0,738592.677655807,0,0,0
210545.501753291,40,2039,2151.8,2322.4,0,0,738592.67765627,0,0,0
210545.541752357,40,2061.8,2217.8,2524.2,0,0,738592.677656733,0,0,0
210545.581751423,40,2099.6,2338.8,2751.8,0,0,738592.677657196,0,0,0
210545.62175049,40,2166,2512.2,2810.6,0,0,738592.677657659,0,0,0
210545.661749556,40,2267,2648.2,2649.4,0,0,738592.677658122,0,0,0
210545.701748623,40,2365.4,2654.2,2448.6,0,0,738592.677658585,0,0,0
210545.741747689,40,2449,2547,2292.2,0,0,738592.677659048,0,0,0
210545.781746755,40,2462.4,2434.2,2212.4,0,0,738592.677659511,0,0,0
210545.821745822,40,2440.2,2361.8,2175.8,0,0,738592.677659974,0,0,0
210545.861744888,40,2420,2335,2159.4,0,0,738592.677660437,0,0,0
210545.901743955,40,2417.4,2355,2172.8,0,0,738592.6776609,0,0,0
210545.941743021,40,2431,2408.6,2212.6,0,0,738592.677661363,0,0,0
210545.981742087,40,2423.6,2500.4,2278.6,0,0,738592.677661826,0,0,0
210546.021741154,40,2358.2,2605.6,2427.4,0,0,738592.677662289,0,0,0
210546.06174022,40,2239,2589.8,2648.2,0,0,738592.677662752,0,0,0
210546.101739287,40,2131.2,2410.8,2751.8,0,0,738592.677663215,0,0,0
210546.141738353,40,2066.4,2241.4,2565.2,0,0,738592.677663678,0,0,0
210546.181737419,40,2040,2156.6,2331.8,0,0,738592.677664141,0,0,0
210546.221736486,40,2029.8,2114.2,2212.4,0,0,738592.677664604,0,0,0
210546.261735552,40,2023.2,2099.8,2166.4,0,0,738592.677665067,0,0,0
210546.301734619,40,2028.2,2108.8,2182.6,0,0,738592.677665529,0,0,0
210546.341733685,40,2026.2,2118.2,2230.6,0,0,738592.677665992,0,0,0
210546.381732751,40,2037.8,2150.6,2310.4,0,0,738592.677666455,0,0,0
210546.421731818,40,2051,2189,2421.6,0,0,738592.677666918,0,0,0
210546.461730884,40,2077,2256.4,2569,0,0,738592.677667381,0,0,0
210546.501729951,40,2119.6,2368.4,2697.2,0,0,738592.677667844,0,0,0
210546.541729017,40,2175.4,2493.4,2678.8,0,0,738592.677668307,0,0,0
210546.581728083,40,2269,2593,2572.2,0,0,738592.67766877,0,0,0
210546.62172715,40,2355.4,2610.4,2437.6,0,0,738592.677669233,0,0,0
210546.661726216,40,2432.6,2552.4,2308.6,0,0,738592.677669696,0,0,0
210546.701725283,40,2455.8,2469,2237.8,0,0,738592.677670159,0,0,0
210546.741724349,40,2456.6,2398,2194.4,0,0,738592.677670622,0,0,0
210546.781723415,40,2457.8,2383,2180.8,0,0,738592.677671085,0,0,0
210546.821722482,40,2459.8,2417.2,2203.6,0,0,738592.677671548,0,0,0
210546.861721548,40,2454.8,2469.4,2239.2,0,0,738592.677672011,0,0,0
210546.901720615,40,2413.6,2534.4,2311.4,0,0,738592.677672474,0,0,0
210546.941719681,40,2347.2,2591.6,2429.6,0,0,738592.677672937,0,0,0
210546.981718747,40,2243,2581.4,2611.8,0,0,738592.6776734,0,0,0
210547.021717814,40,2152.6,2447.6,2720.8,0,0,738592.677673863,0,0,0
210547.06171688,40,2087.4,2295.2,2653,0,0,738592.677674326,0,0,0
210547.101715947,40,2058.8,2195.2,2440.6,0,0,738592.677674789,0,0,0
210547.141715013,40,2035,2139.8,2287,0,0,738592.677675251,0,0,0
210547.181714079,40,2027.6,2113,2208.4,0,0,738592.677675714,0,0,0
210547.221713146,40,2027.4,2110,2202.2,0,0,738592.677676177,0,0,0
210547.261712212,40,2034.4,2130.6,2265,0,0,738592.67767664,0,0,0
210547.301711279,40,2049,2175.2,2387.2,0,0,738592.677677103,0,0,0
210547.341710345,40,2072.4,2244.2,2545.8,0,0,738592.677677566,0,0,0
210547.381709411,40,2111.4,2355.8,2682.2,0,0,738592.677678029,0,0,0
210547.421708478,40,2172,2479.6,2697,0,0,738592.677678492,0,0,0
210547.461707544,40,2247.4,2581.6,2600,0,0,738592.677678955,0,0,0
210547.501706611,40,2332.4,2622.8,2482.4,0,0,738592.677679418,0,0,0
210547.541705677,40,2406.8,2599.2,2364.2,0,0,738592.677679881,0,0,0
210547.581704743,40,2456.8,2521,2274.4,0,0,738592.677680344,0,0,0
210547.62170381,40,2465.6,2456.8,2222.4,0,0,738592.677680807,0,0,0
210547.661702876,40,2461.2,2415.2,2195,0,0,738592.67768127,0,0,0
210547.701701943,40,2466.6,2425.8,2204.2,0,0,738592.677681733,0,0,0
210547.741701009,40,2459.8,2461.2,2234.6,0,0,738592.677682196,0,0,0
210547.781700075,40,2434,2506.4,2278.6,0,0,738592.677682659,0,0,0
210547.821699142,40,2381.8,2550,2357.2,0,0,738592.677683122,0,0,0
210547.861698208,40,2310,2579,2465.4,0,0,738592.677683585,0,0,0
210547.901697275,40,2221.8,2550,2632.4,0,0,738592.677684048,0,0,0
210547.941696341,40,2134.8,2418.8,2714,0,0,738592.67768451,0,0,0
210547.981695407,40,2082.8,2274.2,2591.2,0,0,738592.677684973,0,0,0
210548.021694474,40,2052.8,2184.2,2406.4,0,0,738592.677685436,0,0,0
210548.06169354,40,2032.2,2133.4,2273.6,0,0,738592.677685899,0,0,0
210548.101692607,40,2023.8,2108.6,2197.6,0,0,738592.677686362,0,0,0
210548.141691673,40,2027.2,2101.2,2182.8,0,0,738592.677686825,0,0,0
210548.181690739,40,2030,2116.2,2217.8,0,0,738592.677687288,0,0,0
210548.221689806,40,2038.8,2146.8,2308,0,0,738592.677687751,0,0,0
210548.261688872,40,2056,2202,2454.6,0,0,738592.677688214,0,0,0
210548.301687939,40,2086.2,2285.6,2617.2,0,0,738592.677688677,0,0,0
210548.341687005,40,2130.8,2401.8,2699.6,0,0,738592.67768914,0,0,0
210548.381686071,40,2200.2,2521.2,2643,0,0,738592.677689603,0,0,0
210548.421685138,40,2275.6,2582.2,2518.2,0,0,738592.677690066,0,0,0
210548.461684204,40,2352.8,2575.2,2405.2,0,0,738592.677690529,0,0,0
210548.501683271,40,2408.4,2538,2315,0,0,738592.677690992,0,0,0
210548.541682337,40,2445,2487,2259.2,0,0,738592.677691455,0,0,0
210548.581681403,40,2461.8,2448.8,2221.8,0,0,738592.677691918,0,0,0
210548.62168047,40,2462.4,2435,2209,0,0,738592.677692381,0,0,0
210548.661679536,40,2464.4,2445.2,2216.2,0,0,738592.677692844,0,0,0
210548.701678603,40,2463.8,2470.8,2234.4,0,0,738592.677693307,0,0,0
210548.741677669,40,2455.6,2467.2,2238.6,0,0,738592.67769377,0,0,0
210548.781676735,40,2446,2456.6,2242.4,0,0,738592.677694233,0,0,0
210548.821675802,40,2429.2,2458,2247,0,0,738592.677694695,0,0,0
210548.861674868,40,2414.8,2452.6,2248.2,0,0,738592.677695158,0,0,0
210548.901673935,40,2405.8,2450.6,2248,0,0,738592.677695621,0,0,0
210548.941673001,40,2417.2,2461.8,2260.2,0,0,738592.677696084,0,0,0
210548.981672067,40,2428.6,2476.4,2262.4,0,0,738592.677696547,0,0,0
210549.021671134,40,2442.4,2497.2,2270.4,0,0,738592.67769701,0,0,0
