190308.209102726,40,2005.2,2061.4,2056.8,0,0,738592.443428346,0,0,0
190308.249101792,40,2005,2055.4,2060.8,0,0,738592.443428809,0,0,0
190308.289100858,40,2006.8,2060,2060.2,0,0,738592.443429272,0,0,0
190308.329099925,40,2007.4,2061,2061,0,0,738592.443429735,0,0,0
190308.369098991,40,2010.8,2062.2,2061.8,0,0,738592.443430198,0,0,0
190308.409098058,40,2007.4,2064.2,2059.4,0,0,738592.443430661,0,0,0
190308.449097124,40,2003.8,2061.2,2059.2,0,0,738592.443431124,0,0,0
190308.48909619,40,2007.4,2062.8,2056.6,0,0,738592.443431587,0,0,0
190308.529095257,40,2005,2058.8,2054.8,0,0,738592.44343205,0,0,0
190308.569094323,40,2013.2,2064.8,2055.8,0,0,738592.443432513,0,0,0
190308.60909339,40,2003,2063,2061.2,0,0,738592.443432976,0,0,0
190308.649092456,40,2010.4,2058,2058.8,0,0,738592.443433439,0,0,0
190308.689091522,40,2007.2,2062.2,2058.6,0,0,738592.443433902,0,0,0
190308.729090589,40,2005.8,2063.2,2057.8,0,0,738592.443434365,0,0,0
190308.769089655,40,2007.2,2058.4,2066.4,0,0,738592.443434828,0,0,0
190308.809088722,40,2008.4,2071.8,2070.8,0,0,738592.44343529,0,0,0
190308.849087788,40,2012,2079.4,2110.2,0,0,738592.443435753,0,0,0
190308.889086854,40,2025.8,2103.6,2180.4,0,0,738592.443436216,0,0,0
190308.929085921,40,2042,2162,2341.2,0,0,738592.443436679,0,0,0
190308.969084987,40,2082.4,2272.8,2589.8,0,0,738592.443437142,0,0,0
190309.009084054,40,2161.8,2463.8,2700.6,0,0,738592.443437605,0,0,0
190309.04908312,40,2286.8,2599,2520.4,0,0,738592.443438068,0,0,0
190309.089082186,40,2415,2539.8,2316.8,0,0,738592.443438531,0,0,0
190309.129081253,40,2440.6,2422.2,2218,0,0,738592.443438994,0,0,0
190309.169080319,40,2443.4,2446.8,2229.8,0,0,738592.443439457,0,0,0
190309.209079386,40,2408.8,2567,2337,0,0,738592.44343992,0,0,0
190309.249078452,40,2301,2623.8,2528.4,0,0,738592.443440383,0,0,0
190309.289077518,40,2164,2494.2,2750.6,0,0,738592.443440846,0,0,0
190309.329076585,40,2082.6,2277.2,2653,0,0,738592.443441309,0,0,0
190309.369075651,40,2039.2,2146.2,2328.8,0,0,738592.443441772,0,0,0
190309.409074718,40,2024.8,2093.2,2158.8,0,0,738592.443442235,0,0,0
190309.449073784,40,2012.6,2076.2,2092.2,0,0,738592.443442698,0,0,0
190309.48907285,40,2007,2071.8,2085.8,0,0,738592.443443161,0,0,0
190309.529071917,40,2017,2079.8,2118,0,0,738592.443443624,0,0,0
190309.569070983,40,2023.6,2109.2,2195.8,0,0,738592.443444087,0,0,0
190309.60907005,40,2043,2156,2355.2,0,0,738592.44344455,0,0,0
190309.649069116,40,2074,2257.4,2586.8,0,0,738592.443445013,0,0,0
190309.689068182,40,2132,2395.2,2705.4,0,0,738592.443445475,0,0,0
190309.729067249,40,2219,2533.2,2607.4,0,0,738592.443445938,0,0,0
190309.769066315,40,2326.4,2551.8,2415.4,0,0,738592.443446401,0,0,0
190309.809065382,40,2385,2476.4,2283.6,0,0,738592.443446864,0,0,0
190309.849064448,40,2408,2444,2246.4,0,0,738592.443447327,0,0,0
190309.889063514,40,2395,2524.6,2322,0,0,738592.44344779,0,0,0
190309.929062581,40,2317.2,2614.8,2487.4,0,0,738592.443448253,0,0,0
190309.969061647,40,2186.2,2526.2,2747.2,0,0,738592.443448716,0,0,0
190310.009060714,40,2090,2309.6,2719.4,0,0,738592.443449179,0,0,0
190310.04905978,40,2041.2,2160.2,2376.4,0,0,738592.443449642,0,0,0
190310.089058846,40,2024.4,2098.8,2170.8,0,0,738592.443450105,0,0,0
190310.129057913,40,2013.6,2077.6,2093.6,0,0,738592.443450568,0,0,0
190310.169056979,40,2009,2066.2,2077,0,0,738592.443451031,0,0,0
190310.209056046,40,2012.6,2078.2,2102.8,0,0,738592.443451494,0,0,0
190310.249055112,40,2024.6,2097,2159.4,0,0,738592.443451957,0,0,0
190310.289054178,40,2033.4,2133.6,2284.2,0,0,738592.44345242,0,0,0
190310.329053245,40,2061.2,2218,2529.4,0,0,738592.443452883,0,0,0
190310.369052311,40,2106.4,2359,2743.8,0,0,738592.443453346,0,0,0
190310.409051378,40,2197,2542,2710.2,0,0,738592.443453809,0,0,0
190310.449050444,40,2321.6,2608.2,2480,0,0,738592.443454272,0,0,0
190310.48904951,40,2416,2522.2,2305.8,0,0,738592.443454735,0,0,0
190310.529048577,40,2436,2435.6,2224.8,0,0,738592.443455197,0,0,0
190310.569047643,40,2439.2,2475.4,2255.2,0,0,738592.44345566,0,0,0
190310.60904671,40,2388.8,2601.6,2390.8,0,0,738592.443456123,0,0,0
190310.649045776,40,2249.4,2617.4,2645,0,0,738592.443456586,0,0,0
190310.689044842,40,2120.4,2397.2,2825.2,0,0,738592.443457049,0,0,0
190310.729043909,40,2051.2,2200.2,2500.4,0,0,738592.443457512,0,0,0
190310.769042975,40,2029.8,2112.8,2209.2,0,0,738592.443457975,0,0,0
190310.809042042,40,2014.8,2080,2111.8,0,0,738592.443458438,0,0,0
190310.849041108,40,2015.4,2077,2105.4,0,0,738592.443458901,0,0,0
190310.889040174,40,2021,2098.2,2159.2,0,0,738592.443459364,0,0,0
190310.929039241,40,2037.8,2131.4,2271.2,0,0,738592.443459827,0,0,0
190310.969038307,40,2057.8,2208.8,2461.8,0,0,738592.44346029,0,0,0
190311.009037374,40,2103,2325.4,2648.6,0,0,738592.443460753,0,0,0
190311.04903644,40,2182,2479.8,2645,0,0,738592.443461216,0,0,0
190311.089035506,40,2285.8,2564.6,2482.6,0,0,738592.443461679,0,0,0
190311.129034573,40,2384.2,2507.2,2320.2,0,0,738592.443462142,0,0,0
190311.169033639,40,2414.2,2459.2,2265.6,0,0,738592.443462605,0,0,0
190311.209032706,40,2397.6,2548.6,2335.4,0,0,738592.443463068,0,0,0
190311.249031772,40,2308,2610.6,2507.4,0,0,738592.443463531,0,0,0
190311.289030838,40,2174.2,2507.8,2755.6,0,0,738592.443463994,0,0,0
190311.329029905,40,2081.4,2278,2647.8,0,0,738592.443464456,0,0,0
190311.369028971,40,2041.6,2144,2310.6,0,0,738592.443464919,0,0,0
190311.409028038,40,2022,2098,2144,0,0,738592.443465382,0,0,0
190311.449027104,40,2014.6,2079,2092.4,0,0,738592.443465845,0,0,0
190311.48902617,40,2015.2,2081.2,2111.8,0,0,738592.443466308,0,0,0
190311.529025237,40,2026.4,2101.6,2180,0,0,738592.443466771,0,0,0
190311.569024303,40,2039.6,2150.2,2342.8,0,0,738592.443467234,0,0,0
190311.60902337,40,2068,2251.2,2605.2,0,0,738592.443467697,0,0,0
190311.649022436,40,2132.8,2423.2,2759,0,0,738592.44346816,0,0,0
190311.689021502,40,2239.2,2580,2621.8,0,0,738592.443468623,0,0,0
190311.729020569,40,2359.8,2587.2,2401.4,0,0,738592.443469086,0,0,0
190311.769019635,40,2422,2478.4,2269.8,0,0,738592.443469549,0,0,0
190311.809018702,40,2423.6,2496.2,2275.4,0,0,738592.443470012,0,0,0
190311.849017768,40,2352.6,2587.4,2418.8,0,0,738592.443470475,0,0,0
190311.889016834,40,2237.6,2572.8,2620.4,0,0,738592.443470938,0,0,0
190311.929015901,40,2118.4,2381.4,2700,0,0,738592.443471401,0,0,0
190311.969014967,40,2058.8,2205,2469.2,0,0,738592.443471864,0,0,0
190312.009014034,40,2031.2,2121.4,2225.6,0,0,738592.443472327,0,0,0
190312.0490131,40,2010.6,2084.8,2124,0,0,738592.44347279,0,0,0
190312.089012166,40,2008.8,2075.6,2090.2,0,0,738592.443473253,0,0,0
190312.129011233,40,2012.4,2080.6,2119.2,0,0,738592.443473716,0,0,0
190312.169010299,40,2025.8,2106.8,2216.2,0,0,738592.443474179,0,0,0
190312.209009366,40,2039.6,2167.6,2443.2,0,0,738592.443474641,0,0,0
190312.249008432,40,2087.2,2309.8,2760.2,0,0,738592.443475104,0,0,0
190312.289007498,40,2161.2,2511.2,2831,0,0,738592.443475567,0,0,0
190312.329006565,40,2290.8,2656.4,2582.4,0,0,738592.44347603,0,0,0
190312.369005631,40,2419.6,2574.2,2338.4,0,0,738592.443476493,0,0,0
190312.409004698,40,2447.6,2479.8,2245.2,0,0,738592.443476956,0,0,0
190312.449003764,40,2416.6,2539.2,2312.8,0,0,738592.443477419,0,0,0
190312.48900283,40,2335.4,2601.4,2460.8,0,0,738592.443477882,0,0,0
190312.529001897,40,2210.8,2546,2672,0,0,738592.443478345,0,0,0
190312.569000963,40,2108.8,2346.4,2691.6,0,0,738592.443478808,0,0,0
190312.60900003,40,2052.8,2200.4,2452.8,0,0,738592.443479271,0,0,0
190312.648999096,40,2031.4,2122.2,2232.4,0,0,738592.443479734,0,0,0
190312.688998162,40,2016.4,2089.2,2135.2,0,0,738592.443480197,0,0,0
190312.728997229,40,2012.6,2083.8,2125,0,0,738592.44348066,0,0,0
190312.768996295,40,2021.8,2100.4,2193,0,0,738592.443481123,0,0,0
190312.808995362,40,2035.4,2150.6,2358,0,0,738592.443481586,0,0,0
190312.848994428,40,2067.8,2246,2637.8,0,0,738592.443482049,0,0,0
190312.888993494,40,2114,2389.6,2852,0,0,738592.443482512,0,0,0
190312.928992561,40,2182,2555,2820.6,0,0,738592.443482975,0,0,0
190312.968991627,40,2263.2,2640,2633.2,0,0,738592.443483438,0,0,0
190313.008990694,40,2345.6,2653.4,2483.2,0,0,738592.443483901,0,0,0
190313.04898976,40,2401.8,2613,2382.2,0,0,738592.443484363,0,0,0
190313.088988826,40,2425.4,2568.6,2336.4,0,0,738592.443484826,0,0,0
190313.128987893,40,2420.6,2555.4,2317.6,0,0,738592.443485289,0,0,0
190313.168986959,40,2401.6,2550.8,2330.8,0,0,738592.443485752,0,0,0
190313.208986026,40,2379.8,2556.2,2358.2,0,0,738592.443486215,0,0,0
190313.248985092,40,2381,2547.8,2354,0,0,738592.443486678,0,0,0
190313.288984158,40,2378,2542.6,2349.6,0,0,738592.443487141,0,0,0
190313.328983225,40,2373.2,2547.6,2357,0,0,738592.443487604,0,0,0
190313.368982291,40,2374,2569.4,2375.4,0,0,738592.443488067,0,0,0
190313.408981358,40,2370.2,2576.8,2379.4,0,0,738592.44348853,0,0,0
190313.448980424,40,2373.2,2584.2,2394.4,0,0,738592.443488993,0,0,0
190313.48897949,40,2369.4,2587.6,2399.2,0,0,738592.443489456,0,0,0
190313.528978557,40,2363.6,2598.2,2409.8,0,0,738592.443489919,0,0,0
190313.568977623,40,2359.8,2588.8,2413.6,0,0,738592.443490382,0,0,0
190313.60897669,40,2358.6,2601.8,2416.4,0,0,738592.443490845,0,0,0
190313.648975756,40,2353.4,2601.2,2429.8,0,0,738592.443491308,0,0,0
190313.688974822,40,2350.8,2613.2,2441,0,0,738592.443491771,0,0,0
190313.728973889,40,2344.4,2613.8,2446.2,0,0,738592.443492234,0,0,0
190313.768972955,40,2342.8,2619.8,2455.6,0,0,738592.443492697,0,0,0
190313.808972022,40,2336,2617.6,2458.4,0,0,738592.443493159,0,0,0
190313.848971088,40,2336,2617.8,2467.4,0,0,738592.443493622,0,0,0
190313.888970154,40,2328.4,2619.2,2478,0,0,738592.443494085,0,0,0
190313.928969221,40,2325.2,2615.8,2481.4,0,0,738592.443494548,0,0,0
190313.968968287,40,2319.4,2613.2,2487.6,0,0,738592.443495011,0,0,0
190314.008967354,40,2313.6,2616.6,2500,0,0,738592.443495474,0,0,0
190314.04896642,40,2310.8,2612.2,2499.6,0,0,738592.443495937,0,0,0
190314.088965486,40,2306.4,2612.8,2511.4,0,0,738592.4434964,0,0,0
190314.128964553,40,2300.6,2611.2,2513,0,0,738592.443496863,0,0,0
190314.168963619,40,2292.6,2609.2,2531,0,0,738592.443497326,0,0,0
190314.208962686,40,2291.8,2608.2,2534.2,0,0,738592.443497789,0,0,0
190314.248961752,40,2287.8,2602.8,2537.2,0,0,738592.443498252,0,0,0
190314.288960818,40,2283.8,2613.8,2551.2,0,0,738592.443498715,0,0,0
190314.328959885,40,2276.4,2602.4,2558.2,0,0,738592.443499178,0,0,0
190314.368958951,40,2274.4,2610.6,2566.2,0,0,738592.443499641,0,0,0
190314.408958018,40,2273.2,2611.4,2574.6,0,0,738592.443500104,0,0,0
190314.448957084,40,2272,2609.8,2586.4,0,0,738592.443500567,0,0,0
190314.48895615,40,2265.6,2610.2,2601.2,0,0,738592.44350103,0,0,0
190314.528955217,40,2264.6,2616.2,2606.6,0,0,738592.443501493,0,0,0
190314.568954283,40,2257.6,2612.6,2618,0,0,738592.443501956,0,0,0
190314.60895335,40,2249.2,2613.6,2628,0,0,738592.443502419,0,0,0
190314.648952416,40,2251.4,2605.2,2639.2,0,0,738592.443502882,0,0,0
190314.688951482,40,2242.6,2603.2,2650.2,0,0,738592.443503345,0,0,0
190314.728950549,40,2242,2604.6,2665,0,0,738592.443503807,0,0,0
190314.768949615,40,2237.8,2599.8,2665.8,0,0,738592.44350427,0,0,0
190314.808948682,40,2228.4,2595.4,2679,0,0,738592.443504733,0,0,0
190314.848947748,40,2227.4,2590,2681,0,0,738592.443505196,0,0,0
190314.888946814,40,2220.6,2586.6,2685,0,0,738592.443505659,0,0,0
190314.928945881,40,2219.6,2579,2691.4,0,0,738592.443506122,0,0,0
190314.968944947,40,2212.4,2576.6,2695.6,0,0,738592.443506585,0,0,0
190315.008944014,40,2207.4,2571.4,2707.6,0,0,738592.443507048,0,0,0
190315.04894308,40,2204.6,2560.6,2712.2,0,0,738592.443507511,0,0,0
190315.088942146,40,2201.8,2563,2714.8,0,0,738592.443507974,0,0,0
190315.128941213,40,2199.8,2556.8,2728.8,0,0,738592.443508437,0,0,0
190315.168940279,40,2201.6,2555.8,2740.4,0,0,738592.4435089,0,0,0
190315.208939346,40,2189.8,2551.2,2749,0,0,738592.443509363,0,0,0
190315.248938412,40,2191.6,2546.8,2755,0,0,738592.443509826,0,0,0
190315.288937478,40,2185,2538.6,2763,0,0,738592.443510289,0,0,0
190315.328936545,40,2185.8,2534.4,2759,0,0,738592.443510752,0,0,0
190315.368935611,40,2179.4,2527.6,2767.2,0,0,738592.443511215,0,0,0
190315.408934678,40,2173,2521.2,2764.6,0,0,738592.443511678,0,0,0
190315.448933744,40,2172.6,2517.2,2764.8,0,0,738592.443512141,0,0,0
190315.48893281,40,2171.4,2506.6,2771,0,0,738592.443512604,0,0,0
190315.528931877,40,2166.8,2501.4,2773.6,0,0,738592.443513067,0,0,0
190315.568930943,40,2163.2,2491.8,2768.2,0,0,738592.443513529,0,0,0
190315.60893001,40,2159.6,2489.6,2780.6,0,0,738592.443513992,0,0,0
190315.648929076,40,2162.4,2484.4,2775.2,0,0,738592.443514455,0,0,0
190315.688928142,40,2153.8,2475.4,2774.8,0,0,738592.443514918,0,0,0
190315.728927209,40,2155.6,2466.2,2766,0,0,738592.443515381,0,0,0
190315.768926275,40,2149.6,2458,2762.8,0,0,738592.443515844,0,0,0
190315.808925342,40,2145.4,2450.4,2765.6,0,0,738592.443516307,0,0,0
190315.848924408,40,2144.2,2444.8,2759.2,0,0,738592.44351677,0,0,0
190315.888923474,40,2142.2,2444,2776,0,0,738592.443517233,0,0,0
190315.928922541,40,2137.6,2451.8,2803.8,0,0,738592.443517696,0,0,0
190315.968921607,40,2153.2,2482.2,2828,0,0,738592.443518159,0,0,0
190316.008920674,40,2173.6,2539.6,2825.2,0,0,738592.443518622,0,0,0
190316.04891974,40,2209.2,2603.2,2769.4,0,0,738592.443519085,0,0,0
190316.088918806,40,2242.8,2638.8,2712.6,0,0,738592.443519548,0,0,0
190316.128917873,40,2254,2650.8,2678,0,0,738592.443520011,0,0,0
190316.168916939,40,2245.2,2635.2,2700,0,0,738592.443520474,0,0,0
190316.208916006,40,2215.4,2617.6,2756,0,0,738592.443520937,0,0,0
190316.248915072,40,2189.6,2553.8,2792,0,0,738592.4435214,0,0,0
190316.288914138,40,2142.4,2455.6,2816.6,0,0,738592.443521863,0,0,0
190316.328913205,40,2096.6,2332.4,2723.6,0,0,738592.443522325,0,0,0
190316.368912271,40,2061.4,2216.6,2504,0,0,738592.443522788,0,0,0
190316.408911338,40,2037.8,2142,2297.2,0,0,738592.443523251,0,0,0
190316.448910404,40,2028.6,2123.6,2244.2,0,0,738592.443523714,0,0,0
190316.48890947,40,2046.6,2164.8,2371.2,0,0,738592.443524177,0,0,0
190316.528908537,40,2076.6,2271.4,2596.8,0,0,738592.44352464,0,0,0
190316.568907603,40,2134,2413,2718,0,0,738592.443525103,0,0,0
190316.60890667,40,2199.8,2529.2,2669.2,0,0,738592.443525566,0,0,0
190316.648905736,40,2256,2574.2,2571.2,0,0,738592.443526029,0,0,0
190316.688904802,40,2289.6,2576.4,2491.2,0,0,738592.443526492,0,0,0
190316.728903869,40,2316.4,2582.6,2463.2,0,0,738592.443526955,0,0,0
190316.768902935,40,2317.4,2577,2452.4,0,0,738592.443527418,0,0,0
190316.808902002,40,2309,2592.4,2483,0,0,738592.443527881,0,0,0
190316.848901068,40,2282,2603.8,2548.6,0,0,738592.443528344,0,0,0
190316.888900134,40,2232.6,2579.4,2640.4,0,0,738592.443528807,0,0,0
190316.928899201,40,2167.8,2482.4,2731.2,0,0,738592.44352927,0,0,0
190316.968898267,40,2099.4,2328.4,2680.6,0,0,738592.443529733,0,0,0
190317.008897334,40,2057.4,2204.8,2460.8,0,0,738592.443530196,0,0,0
190317.0488964,40,2038,2136.6,2273.2,0,0,738592.443530659,0,0,0
190317.088895466,40,2039.4,2146.8,2321.6,0,0,738592.443531122,0,0,0
190317.128894533,40,2067,2225.6,2503.4,0,0,738592.443531585,0,0,0
190317.168893599,40,2112,2352.6,2660.6,0,0,738592.443532048,0,0,0
190317.208892666,40,2182.4,2482.4,2651,0,0,738592.44353251,0,0,0
190317.248891732,40,2239.8,2543.4,2561.6,0,0,738592.443532973,0,0,0
190317.288890798,40,2278,2568,2505.2,0,0,738592.443533436,0,0,0
190317.328889865,40,2300.8,2591,2497.6,0,0,738592.443533899,0,0,0
190317.368888931,40,2308.8,2609,2503.6,0,0,738592.443534362,0,0,0
190317.408887998,40,2297.6,2622.2,2539.4,0,0,738592.443534825,0,0,0
190317.448887064,40,2284.6,2629.8,2568.6,0,0,738592.443535288,0,0,0
190317.48888613,40,2265.4,2632.2,2619.6,0,0,738592.443535751,0,0,0
190317.528885197,40,2226.8,2606.2,2698,0,0,738592.443536214,0,0,0
190317.568884263,40,2171.8,2525.2,2804.2,0,0,738592.443536677,0,0,0
190317.60888333,40,2110.4,2375,2784,0,0,738592.44353714,0,0,0
190317.648882396,40,2068,2224.2,2544.6,0,0,738592.443537603,0,0,0
190317.688881462,40,2039.4,2148.8,2306,0,0,738592.443538066,0,0,0
190317.728880529,40,2039.2,2151,2304,0,0,738592.443538529,0,0,0
190317.768879595,40,2061.2,2222.8,2511.4,0,0,738592.443538992,0,0,0
190317.808878662,40,2111.8,2360,2746.4,0,0,738592.443539455,0,0,0
190317.848877728,40,2177,2507.8,2749.2,0,0,738592.443539918,0,0,0
190317.888876794,40,2231.2,2567.6,2637.4,0,0,738592.443540381,0,0,0
190317.928875861,40,2253.6,2565.8,2563.8,0,0,738592.443540844,0,0,0
190317.968874927,40,2255.2,2546.4,2526.4,0,0,738592.443541307,0,0,0
190318.008873994,40,2267.4,2557.2,2525.2,0,0,738592.44354177,0,0,0
190318.04887306,40,2255.2,2577.8,2573,0,0,738592.443542233,0,0,0
190318.088872126,40,2245.6,2595.6,2623.2,0,0,738592.443542695,0,0,0
190318.128871193,40,2238.4,2596.8,2675.4,0,0,738592.443543158,0,0,0
190318.168870259,40,2205,2568.6,2744.8,0,0,738592.443543621,0,0,0
190318.208869326,40,2150.2,2482.2,2817,0,0,738592.443544084,0,0,0
190318.248868392,40,2097.4,2343.2,2768.4,0,0,738592.443544547,0,0,0
190318.288867458,40,2060.4,2217.2,2530.8,0,0,738592.44354501,0,0,0
190318.328866525,40,2032.4,2137.4,2297.2,0,0,738592.443545473,0,0,0
190318.368865591,40,2020,2116.8,2228.6,0,0,738592.443545936,0,0,0
190318.408864658,40,2040.2,2145.2,2312.8,0,0,738592.443546399,0,0,0
190318.448863724,40,2056.6,2216.8,2501,0,0,738592.443546862,0,0,0
190318.48886279,40,2097.2,2325.6,2677.8,0,0,738592.443547325,0,0,0
190318.528861857,40,2146.2,2435.2,2694.4,0,0,738592.443547788,0,0,0
190318.568860923,40,2185.4,2490.2,2655,0,0,738592.443548251,0,0,0
190318.60885999,40,2203.4,2512.4,2627.2,0,0,738592.443548714,0,0,0
190318.648859056,40,2202,2522.6,2636.2,0,0,738592.443549177,0,0,0
190318.688858122,40,2189.4,2512.2,2671,0,0,738592.44354964,0,0,0
190318.728857189,40,2173.8,2485,2714.2,0,0,738592.443550103,0,0,0
190318.768856255,40,2154.2,2469.8,2751.6,0,0,738592.443550566,0,0,0
190318.808855322,40,2129.8,2413.8,2766.6,0,0,738592.443551029,0,0,0
190318.848854388,40,2100.8,2322.8,2700.2,0,0,738592.443551491,0,0,0
190318.888853454,40,2061.8,2219.6,2514.8,0,0,738592.443551954,0,0,0
190318.928852521,40,2044,2151.4,2318.8,0,0,738592.443552417,0,0,0
190318.968851587,40,2024.4,2109.6,2203.4,0,0,738592.44355288,0,0,0
190319.008850654,40,2024,2105.6,2182.2,0,0,738592.443553343,0,0,0
190319.04884972,40,2029.6,2121.6,2248.6,0,0,738592.443553806,0,0,0
190319.088848786,40,2043.6,2165.6,2378.2,0,0,738592.443554269,0,0,0
190319.128847853,40,2072.2,2257.2,2598,0,0,738592.443554732,0,0,0
190319.168846919,40,2126.6,2406.2,2726.2,0,0,738592.443555195,0,0,0
190319.208845986,40,2212.2,2539,2647.6,0,0,738592.443555658,0,0,0
190319.248845052,40,2307,2580,2472.6,0,0,738592.443556121,0,0,0
190319.288844118,40,2383.2,2522,2326.4,0,0,738592.443556584,0,0,0
190319.328843185,40,2418.6,2440.2,2239,0,0,738592.443557047,0,0,0
190319.368842251,40,2426.8,2415.6,2215,0,0,738592.44355751,0,0,0
190319.408841318,40,2416,2480.8,2270.4,0,0,738592.443557973,0,0,0
190319.448840384,40,2368.2,2567,2387.4,0,0,738592.443558436,0,0,0
190319.48883945,40,2252.4,2588.8,2592.2,0,0,738592.443558899,0,0,0
190319.528838517,40,2142.2,2434.6,2742,0,0,738592.443559362,0,0,0
190319.568837583,40,2073.2,2250,2576.4,0,0,738592.443559825,0,0,0
190319.60883665,40,2041.8,2151.6,2328.4,0,0,738592.443560288,0,0,0
190319.648835716,40,2032.4,2123.2,2247,0,0,738592.443560751,0,0,0
190319.688834782,40,2042.2,2150.6,2326.2,0,0,738592.443561214,0,0,0
190319.728833849,40,2055.6,2213,2484.4,0,0,738592.443561676,0,0,0
190319.768832915,40,2094.4,2309,2643.8,0,0,738592.443562139,0,0,0
190319.808831982,40,2149.2,2429.4,2699,0,0,738592.443562602,0,0,0
190319.848831048,40,2223.6,2540.8,2614,0,0,738592.443563065,0,0,0
190319.888830114,40,2307.2,2579.2,2468.8,0,0,738592.443563528,0,0,0
190319.928829181,40,2382.8,2534.8,2335.6,0,0,738592.443563991,0,0,0
190319.968828247,40,2426,2485.6,2270.4,0,0,738592.443564454,0,0,0
190320.008827314,40,2418.8,2478,2273.6,0,0,738592.443564917,0,0,0
190320.04882638,40,2371,2550,2363,0,0,738592.44356538,0,0,0
190320.088825446,40,2281.8,2587.8,2532.8,0,0,738592.443565843,0,0,0
190320.128824513,40,2164.2,2477.2,2732.6,0,0,738592.443566306,0,0,0
190320.168823579,40,2090.6,2293.6,2657.2,0,0,738592.443566769,0,0,0
190320.208822646,40,2047.4,2167.4,2393,0,0,738592.443567232,0,0,0
190320.248821712,40,2026.8,2117.8,2224.6,0,0,738592.443567695,0,0,0
190320.288820778,40,2021.2,2106.4,2193.8,0,0,738592.443568158,0,0,0
190320.328819845,40,2032.2,2138.2,2274.2,0,0,738592.443568621,0,0,0
190320.368818911,40,2053.6,2197.8,2454.4,0,0,738592.443569084,0,0,0
190320.408817978,40,2096.6,2315.8,2671.4,0,0,738592.443569547,0,0,0
190320.448817044,40,2160,2482.8,2747.6,0,0,738592.44357001,0,0,0
190320.48881611,40,2260,2597.2,2594,0,0,738592.443570473,0,0,0
190320.528815177,40,2361,2605.4,2418.2,0,0,738592.443570936,0,0,0
190320.568814243,40,2433.4,2526.4,2291.8,0,0,738592.443571399,0,0,0
190320.60881331,40,2452.2,2438.4,2221,0,0,738592.443571861,0,0,0
190320.648812376,40,2438.8,2414,2211,0,0,738592.443572324,0,0,0
190320.688811442,40,2425.2,2492,2275.6,0,0,738592.443572787,0,0,0
190320.728810509,40,2356.2,2579,2410.4,0,0,738592.44357325,0,0,0
190320.768809575,40,2235.4,2576.6,2631.6,0,0,738592.443573713,0,0,0
190320.808808642,40,2128.8,2411.8,2752.4,0,0,738592.443574176,0,0,0
190320.848807708,40,2073.8,2252.6,2593.4,0,0,738592.443574639,0,0,0
190320.888806774,40,2044.8,2165.2,2373.2,0,0,738592.443575102,0,0,0
190320.928805841,40,2037.6,2141,2312,0,0,738592.443575565,0,0,0
190320.968804907,40,2053.4,2181.4,2405.4,0,0,738592.443576028,0,0,0
190321.008803974,40,2076.2,2268.4,2595,0,0,738592.443576491,0,0,0
190321.04880304,40,2131.4,2405.2,2705.2,0,0,738592.443576954,0,0,0
190321.088802106,40,2211,2544.2,2651.4,0,0,738592.443577417,0,0,0
190321.128801173,40,2309.4,2603.6,2492.8,0,0,738592.44357788,0,0,0
190321.168800239,40,2398.4,2553.6,2345.4,0,0,738592.443578343,0,0,0
190321.208799306,40,2441,2456,2239.6,0,0,738592.443578806,0,0,0
190321.248798372,40,2435,2379,2181.6,0,0,738592.443579269,0,0,0
190321.288797438,40,2443.4,2397.2,2198,0,0,738592.443579732,0,0,0
190321.328796505,40,2425.4,2507.8,2293,0,0,738592.443580194,0,0,0
190321.368795571,40,2330.8,2607.6,2469.8,0,0,738592.443580657,0,0,0
190321.408794638,40,2194,2522,2698.2,0,0,738592.44358112,0,0,0
190321.448793704,40,2105,2332.4,2701.6,0,0,738592.443581583,0,0,0
190321.48879277,40,2051.2,2197.2,2461.2,0,0,738592.443582046,0,0,0
190321.528791837,40,2035.8,2138,2291.2,0,0,738592.443582509,0,0,0
190321.568790903,40,2038,2139.4,2299.8,0,0,738592.443582972,0,0,0
190321.60878997,40,2057.2,2195.2,2430.4,0,0,738592.443583435,0,0,0
190321.648789036,40,2085.6,2290.8,2620.2,0,0,738592.443583898,0,0,0
190321.688788102,40,2151.8,2443.8,2713.8,0,0,738592.443584361,0,0,0
190321.728787169,40,2236.8,2567.6,2604.8,0,0,738592.443584824,0,0,0
190321.768786235,40,2339.4,2599.6,2447.6,0,0,738592.443585287,0,0,0
190321.808785302,40,2418.6,2526.2,2304.8,0,0,738592.44358575,0,0,0
190321.848784368,40,2436.6,2418.6,2213.8,0,0,738592.443586213,0,0,0
190321.888783434,40,2436,2374.2,2183.2,0,0,738592.443586676,0,0,0
190321.928782501,40,2450.4,2432.8,2224.6,0,0,738592.443587139,0,0,0
190321.968781567,40,2403.2,2560,2344.2,0,0,738592.443587602,0,0,0
190322.008780634,40,2276,2610.6,2564,0,0,738592.443588065,0,0,0
190322.0487797,40,2151.8,2456,2745.4,0,0,738592.443588528,0,0,0
190322.088778766,40,2082,2274,2615,0,0,738592.443588991,0,0,0
190322.128777833,40,2045.2,2164.2,2376,0,0,738592.443589454,0,0,0
190322.168776899,40,2035.2,2127,2256.2,0,0,738592.443589917,0,0,0
190322.208775966,40,2036.4,2143,2308.6,0,0,738592.44359038,0,0,0
190322.248775032,40,2057.4,2205.4,2496,0,0,738592.443590842,0,0,0
190322.288774098,40,2100,2327.2,2726.6,0,0,738592.443591305,0,0,0
190322.328773165,40,2174.4,2507.8,2761,0,0,738592.443591768,0,0,0
190322.368772231,40,2277,2611.4,2576,0,0,738592.443592231,0,0,0
190322.408771298,40,2379.4,2580.4,2378.2,0,0,738592.443592694,0,0,0
190322.448770364,40,2439,2473.4,2252.4,0,0,738592.443593157,0,0,0
190322.48876943,40,2434.6,2383.2,2186,0,0,738592.44359362,0,0,0
190322.528768497,40,2444.6,2390.6,2196.4,0,0,738592.443594083,0,0,0
190322.568767563,40,2447,2492.2,2264.8,0,0,738592.443594546,0,0,0
190322.60876663,40,2373,2616.2,2418.2,0,0,738592.443595009,0,0,0
190322.648765696,40,2230.6,2603.2,2680.4,0,0,738592.443595472,0,0,0
190322.688764762,40,2121.8,2404.2,2798.4,0,0,738592.443595935,0,0,0
190322.728763829,40,2060.6,2230.6,2579.2,0,0,738592.443596398,0,0,0
190322.768762895,40,2036,2144.2,2320.4,0,0,738592.443596861,0,0,0
190322.808761962,40,2025.4,2109.6,2214.6,0,0,738592.443597324,0,0,0
190322.848761028,40,2028.6,2117.2,2225.6,0,0,738592.443597787,0,0,0
190322.888760094,40,2038,2153.4,2357.4,0,0,738592.44359825,0,0,0
190322.928759161,40,2061.6,2232.4,2570.6,0,0,738592.443598713,0,0,0
190322.968758227,40,2101.8,2360.4,2765.8,0,0,738592.443599176,0,0,0
190323.008757294,40,2175.4,2509.2,2730.4,0,0,738592.443599639,0,0,0
190323.04875636,40,2275.2,2599.8,2571.6,0,0,738592.443600102,0,0,0
190323.088755426,40,2363.8,2573.2,2391,0,0,738592.443600564,0,0,0
190323.128754493,40,2412.4,2467.8,2270.8,0,0,738592.443601027,0,0,0
190323.168753559,40,2420.6,2393.8,2204.8,0,0,738592.44360149,0,0,0
190323.208752626,40,2439.8,2406,2209.8,0,0,738592.443601953,0,0,0
190323.248751692,40,2431.6,2552.4,2313.6,0,0,738592.443602416,0,0,0
190323.288750758,40,2322,2662.6,2528.4,0,0,738592.443602879,0,0,0
190323.328749825,40,2167.6,2529.8,2826.2,0,0,738592.443603342,0,0,0
190323.368748891,40,2084.4,2301.4,2747.2,0,0,738592.443603805,0,0,0
190323.408747958,40,2042.6,2166.2,2398.8,0,0,738592.443604268,0,0,0
190323.448747024,40,2024.8,2111.2,2220.4,0,0,738592.443604731,0,0,0
190323.48874609,40,2023.4,2101.6,2188.6,0,0,738592.443605194,0,0,0
190323.528745157,40,2029,2123.4,2266.4,0,0,738592.443605657,0,0,0
190323.568744223,40,2045,2177.4,2454.8,0,0,738592.44360612,0,0,0
190323.60874329,40,2086.8,2312.6,2731.8,0,0,738592.443606583,0,0,0
190323.648742356,40,2138.6,2451.4,2838.6,0,0,738592.443607046,0,0,0
190323.688741422,40,2227.6,2603.4,2704.4,0,0,738592.443607509,0,0,0
190323.728740489,40,2329.2,2649.6,2504.2,0,0,738592.443607972,0,0,0
190323.768739555,40,2423.4,2579.6,2343.2,0,0,738592.443608435,0,0,0
190323.808738622,40,2454.8,2462.4,2238.6,0,0,738592.443608898,0,0,0
190323.848737688,40,2449.6,2400.8,2195.8,0,0,738592.44360936,0,0,0
190323.888736754,40,2461.4,2460.2,2232.2,0,0,738592.443609823,0,0,0
190323.928735821,40,2415,2585,2353.6,0,0,738592.443610286,0,0,0
190323.968734887,40,2271.6,2630.4,2599,0,0,738592.443610749,0,0,0
190324.008733954,40,2145.4,2455.4,2798,0,0,738592.443611212,0,0,0
190324.04873302,40,2072.4,2253,2604.2,0,0,738592.443611675,0,0,0
190324.088732086,40,2038.4,2151.8,2326.8,0,0,738592.443612138,0,0,0
190324.13273106,44,2025.2,2099.8,2175.2,0,0,738592.443612647,0,0,0
190324.172730126,40,2015.8,2089.6,2146,0,0,738592.44361311,0,0,0
190324.212729192,40,2026.6,2112,2211,0,0,738592.443613573,0,0,0
190324.252728259,40,2039.4,2146.2,2356.8,0,0,738592.443614036,0,0,0
190324.292727325,40,2061.2,2242.6,2612.2,0,0,738592.443614499,0,0,0
190324.332726391,40,2116.6,2402,2822,0,0,738592.443614962,0,0,0
190324.372725458,40,2208.4,2578.8,2746.8,0,0,738592.443615425,0,0,0
190324.412724524,40,2317,2648.2,2530.2,0,0,738592.443615888,0,0,0
190324.452723591,40,2413.8,2571.6,2338.8,0,0,738592.443616351,0,0,0
190324.492722657,40,2452.2,2444.6,2227,0,0,738592.443616814,0,0,0
190324.532721723,40,2428,2362,2176.2,0,0,738592.443617277,0,0,0
190324.57272079,40,2420.2,2393.4,2207,0,0,738592.44361774,0,0,0
190324.612719856,40,2409,2495.6,2295,0,0,738592.443618203,0,0,0
190324.652718923,40,2314,2611.8,2490,0,0,738592.443618666,0,0,0
190324.692717989,40,2176.8,2506,2756.8,0,0,738592.443619129,0,0,0
190324.732717055,40,2085.2,2290.6,2682.6,0,0,738592.443619592,0,0,0
190324.772716122,40,2041.8,2159.4,2380,0,0,738592.443620055,0,0,0
190324.812715188,40,2022.2,2115.4,2211,0,0,738592.443620518,0,0,0
190324.852714255,40,2024.4,2105.2,2187.8,0,0,738592.443620981,0,0,0
190324.892713321,40,2035,2125.8,2255.8,0,0,738592.443621444,0,0,0
190324.932712387,40,2051,2178.8,2405.6,0,0,738592.443621907,0,0,0
190324.972711454,40,2080,2282.8,2619.4,0,0,738592.443622369,0,0,0
190325.01271052,40,2134.2,2423.6,2757.4,0,0,738592.443622832,0,0,0
190325.052709587,40,2211.4,2572.8,2707.2,0,0,738592.443623295,0,0,0
190325.092708653,40,2300,2634.2,2539.2,0,0,738592.443623758,0,0,0
190325.13270772,40,2387,2611,2395.4,0,0,738592.443624221,0,0,0
190325.172706786,40,2444,2535.8,2295,0,0,738592.443624684,0,0,0
190325.212705852,40,2460.8,2450.2,2225,0,0,738592.443625147,0,0,0
190325.252704919,40,2454.8,2399,2190,0,0,738592.44362561,0,0,0
190325.292703985,40,2443,2378.4,2184,0,0,738592.443626073,0,0,0
190325.332703051,40,2445.8,2392.6,2191.4,0,0,738592.443626536,0,0,0
190325.372702118,40,2439,2408,2206.6,0,0,738592.443626999,0,0,0
190325.412701184,40,2427.6,2412.4,2213.8,0,0,738592.443627462,0,0,0
190325.452700251,40,2423.6,2410.4,2214.6,0,0,738592.443627925,0,0,0
190325.492699317,40,2418.8,2411.8,2217.4,0,0,738592.443628388,0,0,0
190325.532698383,40,2424.4,2424.8,2222,0,0,738592.443628851,0,0,0
190325.57269745,40,2429.4,2436.6,2229.8,0,0,738592.443629314,0,0,0
190325.612696516,40,2430.4,2441.6,2236.6,0,0,738592.443629777,0,0,0
190325.652695583,40,2436.8,2443.4,2241.2,0,0,738592.44363024,0,0,0
190325.692694649,40,2435.2,2459.6,2244.4,0,0,738592.443630703,0,0,0
190325.732693715,40,2438,2462.6,2250,0,0,738592.443631166,0,0,0
190325.772692782,40,2432.6,2464.4,2255,0,0,738592.443631629,0,0,0
190325.812691848,40,2421.2,2467,2258.4,0,0,738592.443632092,0,0,0
190325.852690915,40,2416,2461.8,2261.2,0,0,738592.443632554,0,0,0
190325.892689981,40,2412.6,2469.4,2265.8,0,0,738592.443633017,0,0,0
190325.932689048,40,2414.2,2476.4,2274.2,0,0,738592.44363348,0,0,0
190325.972688114,40,2408,2475.6,2280,0,0,738592.443633943,0,0,0
190326.01268718,40,2412,2485.6,2286,0,0,738592.443634406,0,0,0
190326.052686247,40,2411.2,2495.4,2282.2,0,0,738592.443634869,0,0,0
190326.092685313,40,2410.6,2499.6,2290,0,0,738592.443635332,0,0,0
190326.132684379,40,2411.2,2508.4,2296,0,0,738592.443635795,0,0,0
190326.172683446,40,2410.6,2515.6,2301,0,0,738592.443636258,0,0,0
190326.212682512,40,2409.8,2519.8,2311.8,0,0,738592.443636721,0,0,0
190326.252681579,40,2410.4,2527.8,2313.4,0,0,738592.443637184,0,0,0
190326.292680645,40,2405.8,2535.6,2325.2,0,0,738592.443637647,0,0,0
190326.332679711,40,2409.8,2540.4,2329.8,0,0,738592.44363811,0,0,0
190326.372678778,40,2403.2,2549.2,2333,0,0,738592.443638573,0,0,0
190326.412677844,40,2401.8,2559.4,2337,0,0,738592.443639036,0,0,0
190326.452676911,40,2400.6,2559.4,2346.2,0,0,738592.443639499,0,0,0
190326.492675977,40,2400.4,2574.8,2355.6,0,0,738592.443639962,0,0,0
190326.532675044,40,2396.2,2580.4,2366.8,0,0,738592.443640425,0,0,0
190326.57267411,40,2397.4,2594,2364.2,0,0,738592.443640888,0,0,0
190326.612673176,40,2395.2,2599.8,2381.4,0,0,738592.44364135,0,0,0
190326.652672243,40,2395.4,2608.4,2391.2,0,0,738592.443641813,0,0,0
190326.692671309,40,2389.6,2612.8,2395.6,0,0,738592.443642276,0,0,0
190326.732670375,40,2386.4,2620.4,2407.6,0,0,738592.443642739,0,0,0
190326.772669442,40,2383.8,2619.4,2413.2,0,0,738592.443643202,0,0,0
190326.812668508,40,2378.8,2620.8,2421.2,0,0,738592.443643665,0,0,0
190326.852667575,40,2376.6,2624.4,2426.2,0,0,738592.443644128,0,0,0
190326.892666641,40,2372.2,2628.4,2428,0,0,738592.443644591,0,0,0
190326.932665707,40,2362.2,2626.8,2439.8,0,0,738592.443645054,0,0,0
190326.972664774,40,2360.6,2631.2,2448,0,0,738592.443645517,0,0,0
190327.01266384,40,2353.2,2635,2459.2,0,0,738592.44364598,0,0,0
190327.052662907,40,2348.2,2634.6,2462.8,0,0,738592.443646443,0,0,0
190327.092661973,40,2345.2,2637.2,2474.4,0,0,738592.443646906,0,0,0
190327.13266104,40,2341.6,2635.2,2480.6,0,0,738592.443647369,0,0,0
190327.172660106,40,2335.6,2639.6,2493,0,0,738592.443647832,0,0,0
190327.212659172,40,2331.6,2638.4,2500.2,0,0,738592.443648295,0,0,0
190327.252658239,40,2330,2640,2509,0,0,738592.443648758,0,0,0
190327.292657305,40,2321.8,2651.6,2521.2,0,0,738592.443649221,0,0,0
190327.332656371,40,2319.6,2650.4,2529.8,0,0,738592.443649684,0,0,0
190327.372655438,40,2311.4,2650.6,2540.4,0,0,738592.443650147,0,0,0
190327.412654504,40,2307.8,2649.4,2554.4,0,0,738592.44365061,0,0,0
190327.452653571,40,2300.4,2649.2,2561.2,0,0,738592.443651073,0,0,0
190327.492652637,40,2293.4,2642.2,2581,0,0,738592.443651535,0,0,0
190327.532651703,40,2288.8,2647.2,2594,0,0,738592.443651998,0,0,0
190327.57265077,40,2278.2,2651,2604.2,0,0,738592.443652461,0,0,0
190327.612649836,40,2274,2651.6,2617.2,0,0,738592.443652924,0,0,0
190327.652648903,40,2274.2,2647.4,2625.6,0,0,738592.443653387,0,0,0
190327.692647969,40,2267.2,2643.8,2635,0,0,738592.44365385,0,0,0
190327.732647035,40,2260.2,2633.2,2636.4,0,0,738592.443654313,0,0,0
190327.772646102,40,2255,2627,2642.6,0,0,738592.443654776,0,0,0
190327.812645168,40,2250,2610.8,2638.8,0,0,738592.443655239,0,0,0
190327.852644235,40,2245.4,2602.6,2637,0,0,738592.443655702,0,0,0
190327.892643301,40,2241.8,2588.4,2632,0,0,738592.443656165,0,0,0
190327.932642367,40,2236.6,2582,2633,0,0,738592.443656628,0,0,0
190327.972641434,40,2234.8,2575.6,2631.4,0,0,738592.443657091,0,0,0
190328.0126405,40,2229.2,2571,2643.6,0,0,738592.443657554,0,0,0
190328.052639567,40,2224.8,2570.2,2663,0,0,738592.443658017,0,0,0
190328.092638633,40,2218.8,2573.6,2675.4,0,0,738592.44365848,0,0,0
190328.1326377,40,2216,2576.4,2695.2,0,0,738592.443658943,0,0,0
190328.172636766,40,2215,2568.6,2703.2,0,0,738592.443659406,0,0,0
190328.212635832,40,2209.2,2567.8,2709.2,0,0,738592.443659869,0,0,0
190328.252634899,40,2202,2558.8,2720.8,0,0,738592.443660332,0,0,0
190328.292633965,40,2200,2548.6,2712.8,0,0,738592.443660795,0,0,0
190328.332633031,40,2196.8,2544.8,2718.8,0,0,738592.443661258,0,0,0
190328.372632098,40,2193.6,2538.4,2725,0,0,738592.44366172,0,0,0
190328.412631164,40,2189.2,2528.8,2726.6,0,0,738592.443662183,0,0,0
190328.452630231,40,2184.6,2526.4,2732.4,0,0,738592.443662646,0,0,0
190328.492629297,40,2180.4,2520,2742,0,0,738592.443663109,0,0,0
190328.532628363,40,2176.2,2515.8,2749,0,0,738592.443663572,0,0,0
190328.57262743,40,2171.2,2509.2,2764.2,0,0,738592.443664035,0,0,0
190328.612626496,40,2166.4,2508.4,2780.6,0,0,738592.443664498,0,0,0
190328.652625563,40,2165.6,2508.8,2795.6,0,0,738592.443664961,0,0,0
190328.692624629,40,2162,2504.6,2818.4,0,0,738592.443665424,0,0,0
190328.732623695,40,2158.2,2502.8,2834.2,0,0,738592.443665887,0,0,0
190328.772622762,40,2156.2,2500.8,2848.8,0,0,738592.44366635,0,0,0
190328.812621828,40,2149.8,2490,2863.4,0,0,738592.443666813,0,0,0
190328.852620895,40,2144.2,2480.6,2865.4,0,0,738592.443667276,0,0,0
190328.892619961,40,2144.8,2472,2870.2,0,0,738592.443667739,0,0,0
190328.932619028,40,2140.2,2463,2868.2,0,0,738592.443668202,0,0,0
190328.972618094,40,2139,2461.8,2866.6,0,0,738592.443668665,0,0,0
190329.01261716,40,2132.4,2444,2861,0,0,738592.443669128,0,0,0
190329.052616227,40,2129.6,2432,2855.2,0,0,738592.443669591,0,0,0
190329.092615293,40,2125.8,2426.2,2859,0,0,738592.443670054,0,0,0
190329.132614359,40,2122.6,2422.2,2865.4,0,0,738592.443670516,0,0,0
190329.172613426,40,2119.4,2408,2860.6,0,0,738592.443670979,0,0,0
190329.212612492,40,2115.4,2402,2860.2,0,0,738592.443671442,0,0,0
190329.252611559,40,2111.4,2391.2,2855.8,0,0,738592.443671905,0,0,0
190329.292610625,40,2110.6,2383,2841.2,0,0,738592.443672368,0,0,0
190329.332609691,40,2108.8,2370.2,2825.8,0,0,738592.443672831,0,0,0
190329.372608758,40,2101.2,2355.2,2807,0,0,738592.443673294,0,0,0
190329.412607824,40,2093.2,2337.4,2789.6,0,0,738592.443673757,0,0,0
190329.452606891,40,2087.8,2311.8,2759.8,0,0,738592.44367422,0,0,0
190329.492605957,40,2084.2,2290.6,2722.6,0,0,738592.443674683,0,0,0
190329.532605024,40,2072.6,2264.6,2669,0,0,738592.443675146,0,0,0
190329.57260409,40,2062,2234,2600,0,0,738592.443675609,0,0,0
190329.612603156,40,2057.2,2211,2518.6,0,0,738592.443676072,0,0,0
190329.652602223,40,2045.2,2184.2,2444,0,0,738592.443676535,0,0,0
190329.692601289,40,2040.2,2160,2360.2,0,0,738592.443676998,0,0,0
190329.732600355,40,2036.2,2138.6,2290.6,0,0,738592.443677461,0,0,0
190329.772599422,40,2029.8,2121.2,2238.4,0,0,738592.443677924,0,0,0
190329.812598488,40,2028,2105,2199.4,0,0,738592.443678387,0,0,0
190329.852597555,40,2023.4,2101.6,2175.4,0,0,738592.44367885,0,0,0
190329.892596621,40,2022.4,2095.2,2171.4,0,0,738592.443679313,0,0,0
190329.932595687,40,2022.4,2109,2190.2,0,0,738592.443679776,0,0,0
190329.972594754,40,2028.6,2113.6,2231,0,0,738592.443680239,0,0,0
190330.01259382,40,2034,2139.6,2321.6,0,0,738592.443680701,0,0,0
190330.052592887,40,2051.6,2188.2,2479.2,0,0,738592.443681164,0,0,0
190330.092591953,40,2071.2,2257.4,2662,0,0,738592.443681627,0,0,0
190330.13259102,40,2098.6,2355.8,2805,0,0,738592.44368209,0,0,0
190330.172590086,40,2135.2,2453,2846.4,0,0,738592.443682553,0,0,0
190330.212589152,40,2169.4,2521.8,2824,0,0,738592.443683016,0,0,0
190330.252588219,40,2185.4,2559.4,2815.4,0,0,738592.443683479,0,0,0
190330.292587285,40,2179.6,2556,2837,0,0,738592.443683942,0,0,0
190330.332586351,40,2168.8,2526.8,2869.4,0,0,738592.443684405,0,0,0
190330.372585418,40,2150.2,2494.6,2872.2,0,0,738592.443684868,0,0,0
190330.412584484,40,2127,2429.4,2861.4,0,0,738592.443685331,0,0,0
190330.452583551,40,2105,2360,2785.2,0,0,738592.443685794,0,0,0
190330.492582617,40,2082.8,2282,2643,0,0,738592.443686257,0,0,0
190330.532581684,40,2061.6,2215.4,2475.8,0,0,738592.44368672,0,0,0
190330.57258075,40,2041,2161.2,2358.8,0,0,738592.443687183,0,0,0
190330.612579816,40,2028.4,2128.8,2257,0,0,738592.443687646,0,0,0
190330.652578883,40,2019.8,2104.6,2193.2,0,0,738592.443688109,0,0,0
190330.692577949,40,2017,2094.2,2161.2,0,0,738592.443688572,0,0,0
190330.732577015,40,2019.6,2106.2,2192.2,0,0,738592.443689035,0,0,0
190330.772576082,40,2033.8,2123.2,2242.8,0,0,738592.443689498,0,0,0
190330.812575148,40,2044.4,2159,2350.6,0,0,738592.443689961,0,0,0
190330.852574215,40,2058.8,2216.6,2505.4,0,0,738592.443690424,0,0,0
190330.892573281,40,2080.8,2282.8,2677.8,0,0,738592.443690886,0,0,0
190330.932572347,40,2101.8,2359.8,2810.8,0,0,738592.443691349,0,0,0
190330.972571414,40,2129.2,2437.2,2881,0,0,738592.443691812,0,0,0
190331.01257048,40,2145.6,2488.8,2907.8,0,0,738592.443692275,0,0,0
190331.052569547,40,2157,2524,2897.6,0,0,738592.443692738,0,0,0
190331.092568613,40,2159.6,2525.2,2872.8,0,0,738592.443693201,0,0,0
190331.13256768,40,2153.6,2498.8,2864.4,0,0,738592.443693664,0,0,0
190331.172566746,40,2139.4,2457,2861.6,0,0,738592.443694127,0,0,0
190331.212565812,40,2116.2,2403,2832,0,0,738592.44369459,0,0,0
190331.252564879,40,2093.4,2327.8,2745,0,0,738592.443695053,0,0,0
190331.292563945,40,2072,2246.4,2587,0,0,738592.443695516,0,0,0
190331.332563011,40,2051.6,2181.8,2402.4,0,0,738592.443695979,0,0,0
190331.372562078,40,2033,2136,2272,0,0,738592.443696442,0,0,0
190331.412561144,40,2024.2,2105.2,2190.2,0,0,738592.443696905,0,0,0
190331.452560211,40,2014.4,2085.2,2134.6,0,0,738592.443697368,0,0,0
190331.492559277,40,2013.6,2082.2,2126.4,0,0,738592.443697831,0,0,0
190331.532558343,40,2015.4,2093.2,2156,0,0,738592.443698294,0,0,0
190331.57255741,40,2026.4,2117,2233.4,0,0,738592.443698757,0,0,0
190331.612556476,40,2039.8,2159.2,2357,0,0,738592.443699219,0,0,0
190331.652555543,40,2062,2215.4,2493,0,0,738592.443699682,0,0,0
190331.692554609,40,2087,2278,2592.6,0,0,738592.443700145,0,0,0
190331.732553675,40,2112.6,2349.8,2676.4,0,0,738592.443700608,0,0,0
190331.772552742,40,2129.6,2414.4,2750,0,0,738592.443701071,0,0,0
190331.812551808,40,2138.6,2449.8,2809.6,0,0,738592.443701534,0,0,0
190331.852550875,40,2141,2465.8,2861.4,0,0,738592.443701997,0,0,0
190331.892549941,40,2129.2,2452.8,2903.8,0,0,738592.44370246,0,0,0
190331.932549007,40,2123.2,2427.2,2898.4,0,0,738592.443702923,0,0,0
190331.972548074,40,2119.8,2411.8,2859.6,0,0,738592.443703386,0,0,0
190332.01254714,40,2112.2,2391.4,2802,0,0,738592.443703849,0,0,0
190332.052546207,40,2106,2361.4,2746.2,0,0,738592.443704312,0,0,0
190332.092545273,40,2097.8,2311,2649,0,0,738592.443704775,0,0,0
190332.13254434,40,2076.2,2252.6,2547.4,0,0,738592.443705238,0,0,0
190332.172543406,40,2054.8,2200.6,2446.2,0,0,738592.443705701,0,0,0
190332.212542472,40,2037,2148.8,2318.8,0,0,738592.443706164,0,0,0
190332.252541539,40,2026.6,2112.4,2222,0,0,738592.443706627,0,0,0
190332.292540605,40,2024.4,2105.2,2171.6,0,0,738592.44370709,0,0,0
190332.332539671,40,2018.8,2103.2,2186.2,0,0,738592.443707553,0,0,0
190332.372538738,40,2031.8,2120.4,2232.8,0,0,738592.443708016,0,0,0
190332.412537804,40,2040.4,2149.6,2311.2,0,0,738592.443708479,0,0,0
190332.452536871,40,2051.2,2187.8,2424.2,0,0,738592.443708942,0,0,0
190332.492535937,40,2065.6,2233.8,2540.4,0,0,738592.443709404,0,0,0
190332.532535003,40,2082.8,2287,2651.2,0,0,738592.443709867,0,0,0
190332.57253407,40,2097.4,2333.4,2728.6,0,0,738592.44371033,0,0,0
190332.612533136,40,2107,2368.8,2783,0,0,738592.443710793,0,0,0
190332.652532203,40,2111,2381.8,2826.4,0,0,738592.443711256,0,0,0
190332.692531269,40,2112.8,2383,2837.2,0,0,738592.443711719,0,0,0
190332.732530335,40,2101,2367.2,2826.8,0,0,738592.443712182,0,0,0
190332.772529402,40,2099,2352.2,2818.2,0,0,738592.443712645,0,0,0
190332.812528468,40,2094.6,2352.2,2811.4,0,0,738592.443713108,0,0,0
190332.852527535,40,2099.4,2342.2,2801.2,0,0,738592.443713571,0,0,0
190332.892526601,40,2097.4,2338.4,2777.8,0,0,738592.443714034,0,0,0
190332.932525667,40,2094.6,2331,2756,0,0,738592.443714497,0,0,0
190332.972524734,40,2088.2,2311.4,2728.6,0,0,738592.44371496,0,0,0
190333.0125238,40,2089.6,2313.2,2718.8,0,0,738592.443715423,0,0,0
190333.052522867,40,2084.2,2305.4,2708.8,0,0,738592.443715886,0,0,0
190333.092521933,40,2083.8,2299,2708.6,0,0,738592.443716349,0,0,0
190333.132520999,40,2083.2,2298,2717,0,0,738592.443716812,0,0,0
190333.172520066,40,2083,2299,2710.4,0,0,738592.443717275,0,0,0
190333.212519132,40,2083.6,2290.6,2709.4,0,0,738592.443717738,0,0,0
190333.252518199,40,2078.2,2283,2702,0,0,738592.443718201,0,0,0
190333.292517265,40,2078.6,2281,2704.6,0,0,738592.443718664,0,0,0
190333.332516331,40,2077,2278.8,2692.6,0,0,738592.443719127,0,0,0
190333.372515398,40,2071.8,2279.8,2693.4,0,0,738592.44371959,0,0,0
190333.412514464,40,2077.4,2273,2681.8,0,0,738592.443720052,0,0,0
190333.452513531,40,2073.2,2268,2667,0,0,738592.443720515,0,0,0
190333.492512597,40,2073.2,2263,2657.6,0,0,738592.443720978,0,0,0
190333.532511664,40,2068.2,2260.4,2649.2,0,0,738592.443721441,0,0,0
190333.57251073,40,2069.4,2259.2,2638.6,0,0,738592.443721904,0,0,0
190333.612509796,40,2071.6,2262.8,2632.2,0,0,738592.443722367,0,0,0
190333.652508863,40,2079.2,2276.2,2633.2,0,0,738592.44372283,0,0,0
190333.692507929,40,2087.6,2292,2645.4,0,0,738592.443723293,0,0,0
190333.732506995,40,2092.2,2315.2,2662,0,0,738592.443723756,0,0,0
190333.772506062,40,2104,2333.8,2673,0,0,738592.443724219,0,0,0
190333.812505128,40,2112.2,2355.6,2677.8,0,0,738592.443724682,0,0,0
190333.852504195,40,2116.2,2366.2,2691,0,0,738592.443725145,0,0,0
190333.892503261,40,2121.6,2383.2,2705.2,0,0,738592.443725608,0,0,0
190333.932502327,40,2118.8,2377.6,2714.6,0,0,738592.443726071,0,0,0
190333.972501394,40,2112.4,2364,2712.8,0,0,738592.443726534,0,0,0
190334.01250046,40,2105,2346.8,2712.8,0,0,738592.443726997,0,0,0
190334.052499527,40,2101,2333.2,2710.4,0,0,738592.44372746,0,0,0
190334.092498593,40,2093.2,2309.6,2693.8,0,0,738592.443727923,0,0,0
190334.13249766,40,2079.6,2279,2653.4,0,0,738592.443728385,0,0,0
190334.172496726,40,2059.6,2230.2,2578,0,0,738592.443728848,0,0,0
190334.212495792,40,2049.6,2189.8,2467.6,0,0,738592.443729311,0,0,0
190334.252494859,40,2035,2150.4,2346,0,0,738592.443729774,0,0,0
190334.292493925,40,2026,2123.2,2244.2,0,0,738592.443730237,0,0,0
190334.332492991,40,2024.4,2098.8,2167.8,0,0,738592.4437307,0,0,0
190334.372492058,40,2014.6,2082.6,2123.2,0,0,738592.443731163,0,0,0
190334.412491124,40,2008.8,2080.8,2099,0,0,738592.443731626,0,0,0
190334.452490191,40,2012.2,2073.8,2094,0,0,738592.443732089,0,0,0
190334.492489257,40,2013.4,2081.4,2104,0,0,738592.443732552,0,0,0
190334.532488323,40,2013.8,2090,2132.4,0,0,738592.443733015,0,0,0
190334.57248739,40,2022.2,2102.8,2169.8,0,0,738592.443733478,0,0,0
190334.612486456,40,2025,2119.2,2243.4,0,0,738592.443733941,0,0,0
190334.652485523,40,2037.8,2149.8,2359,0,0,738592.443734404,0,0,0
190334.692484589,40,2049.4,2202.6,2528,0,0,738592.443734867,0,0,0
190334.732483655,40,2075,2288.6,2731.6,0,0,738592.44373533,0,0,0
190334.772482722,40,2118,2406.4,2849.6,0,0,738592.443735793,0,0,0
190334.812481788,40,2179.4,2544,2820.4,0,0,738592.443736256,0,0,0
190334.852480855,40,2254.8,2631.6,2648.6,0,0,738592.443736719,0,0,0
190334.892479921,40,2321,2625.8,2493.8,0,0,738592.443737182,0,0,0
190334.932478987,40,2379.2,2588.8,2387.6,0,0,738592.443737645,0,0,0
190334.972478054,40,2394,2546.2,2336,0,0,738592.443738108,0,0,0
190335.01247712,40,2396.4,2534.8,2325.8,0,0,738592.44373857,0,0,0
190335.052476187,40,2384.8,2555.6,2353.4,0,0,738592.443739033,0,0,0
190335.092475253,40,2357.8,2590.8,2413,0,0,738592.443739496,0,0,0
190335.13247432,40,2304.6,2622.4,2530.2,0,0,738592.443739959,0,0,0
190335.172473386,40,2221,2593.2,2694.6,0,0,738592.443740422,0,0,0
190335.212472452,40,2145.6,2466.6,2821.2,0,0,738592.443740885,0,0,0
190335.252471519,40,2089.8,2318.4,2737.4,0,0,738592.443741348,0,0,0
190335.292470585,40,2054.2,2203.2,2517.2,0,0,738592.443741811,0,0,0
190335.332469651,40,2037.2,2144.2,2317,0,0,738592.443742274,0,0,0
190335.372468718,40,2024.6,2109.2,2195.4,0,0,738592.443742737,0,0,0
190335.412467784,40,2013.6,2088.4,2129.4,0,0,738592.4437432,0,0,0
190335.452466851,40,2013.8,2076.2,2095.4,0,0,738592.443743663,0,0,0
190335.492465917,40,2012.2,2073.6,2089.2,0,0,738592.443744126,0,0,0
190335.532464983,40,2008.4,2073.2,2101.4,0,0,738592.443744589,0,0,0
190335.57246405,40,2015.4,2086,2134.2,0,0,738592.443745052,0,0,0
190335.612463116,40,2024.2,2112.2,2203,0,0,738592.443745515,0,0,0
190335.652462183,40,2037.6,2160,2359.2,0,0,738592.443745978,0,0,0
190335.692461249,40,2063,2235.6,2554.2,0,0,738592.443746441,0,0,0
190335.732460315,40,2107.4,2346.4,2699.4,0,0,738592.443746904,0,0,0
190335.772459382,40,2166.6,2465.6,2680.8,0,0,738592.443747367,0,0,0
190335.812458448,40,2246.2,2557.6,2563,0,0,738592.44374783,0,0,0
190335.852457515,40,2339.4,2571.2,2417.8,0,0,738592.443748293,0,0,0
190335.892456581,40,2403,2506.2,2300,0,0,738592.443748755,0,0,0
190335.932455648,40,2429.8,2428.2,2227.8,0,0,738592.443749218,0,0,0
190335.972454714,40,2434.4,2403,2202,0,0,738592.443749681,0,0,0
190336.01245378,40,2444.4,2447,2229,0,0,738592.443750144,0,0,0
190336.052452847,40,2435.2,2528.2,2299.8,0,0,738592.443750607,0,0,0
190336.092451913,40,2372.2,2611,2426.8,0,0,738592.44375107,0,0,0
190336.132450979,40,2259.4,2624.2,2626.6,0,0,738592.443751533,0,0,0
190336.172450046,40,2152.4,2480.4,2801.4,0,0,738592.443751996,0,0,0
190336.212449112,40,2084.6,2290.6,2683.4,0,0,738592.443752459,0,0,0
190336.252448179,40,2046.2,2172.8,2406.4,0,0,738592.443752922,0,0,0
190336.292447245,40,2026.8,2116,2211.4,0,0,738592.443753385,0,0,0
190336.332446311,40,2014.2,2081,2126.2,0,0,738592.443753848,0,0,0
190336.372445378,40,2009.4,2079.4,2102.4,0,0,738592.443754311,0,0,0
190336.412444444,40,2014.6,2085.6,2126.4,0,0,738592.443754774,0,0,0
190336.452443511,40,2019.4,2095.4,2182,0,0,738592.443755237,0,0,0
190336.492442577,40,2027.8,2127,2280.2,0,0,738592.4437557,0,0,0
190336.532441644,40,2044.8,2181,2455.4,0,0,738592.443756163,0,0,0
190336.57244071,40,2067.6,2263.8,2666.8,0,0,738592.443756626,0,0,0
190336.612439776,40,2116.6,2392.8,2805,0,0,738592.443757089,0,0,0
190336.652438843,40,2194,2543.2,2740.8,0,0,738592.443757551,0,0,0
190336.692437909,40,2275,2618,2572.6,0,0,738592.443758014,0,0,0
190336.732436975,40,2336.8,2618.8,2459.8,0,0,738592.443758477,0,0,0
190336.772436042,40,2341.8,2638.2,2477.8,0,0,738592.44375894,0,0,0
190336.812435108,40,2269.2,2642.8,2624.8,0,0,738592.443759403,0,0,0
190336.852434175,40,2179.8,2545.4,2798,0,0,738592.443759866,0,0,0
190336.892433241,40,2105.8,2364.2,2794.6,0,0,738592.443760329,0,0,0
190336.932432307,40,2056.6,2215,2541.2,0,0,738592.443760792,0,0,0
190336.972431374,40,2031.6,2131.4,2282.6,0,0,738592.443761255,0,0,0
190337.01243044,40,2019.2,2094.6,2150,0,0,738592.443761718,0,0,0
190337.052429507,40,2006.6,2075.2,2097.6,0,0,738592.443762181,0,0,0
190337.092428573,40,2006.8,2067.6,2086.4,0,0,738592.443762644,0,0,0
190337.13242764,40,2009,2072.2,2103,0,0,738592.443763107,0,0,0
190337.172426706,40,2013.8,2088.6,2145.4,0,0,738592.44376357,0,0,0
190337.212425772,40,2023.4,2108.4,2226,0,0,738592.443764033,0,0,0
190337.252424839,40,2035.6,2153.8,2384.8,0,0,738592.443764496,0,0,0
190337.292423905,40,2062.6,2227,2602.2,0,0,738592.443764959,0,0,0
190337.332422971,40,2101,2355,2790.6,0,0,738592.443765422,0,0,0
190337.372422038,40,2164.8,2490.2,2756.8,0,0,738592.443765885,0,0,0
190337.412421104,40,2233.4,2573.4,2623.6,0,0,738592.443766348,0,0,0
190337.452420171,40,2263.8,2581.6,2543.8,0,0,738592.443766811,0,0,0
190337.492419237,40,2217,2555.4,2659.8,0,0,738592.443767274,0,0,0
190337.532418304,40,2141.6,2450,2772.2,0,0,738592.443767736,0,0,0
190337.57241737,40,2084.4,2288.4,2681.4,0,0,738592.443768199,0,0,0
190337.612416436,40,2042.8,2172.8,2415.4,0,0,738592.443768662,0,0,0
190337.652415503,40,2023,2111,2209.6,0,0,738592.443769125,0,0,0
190337.692414569,40,2011.2,2080.6,2109.8,0,0,738592.443769588,0,0,0
190337.732413635,40,2008.6,2064.4,2072,0,0,738592.443770051,0,0,0
190337.772412702,40,2005,2059.6,2057.8,0,0,738592.443770514,0,0,0
190337.812411768,40,2003.4,2064.8,2067,0,0,738592.443770977,0,0,0
190337.852410835,40,2009.6,2073.4,2098.6,0,0,738592.44377144,0,0,0
190337.892409901,40,2013.2,2093,2155.8,0,0,738592.443771903,0,0,0
190337.932408967,40,2028.6,2122.2,2250.2,0,0,738592.443772366,0,0,0
190337.972408034,40,2044.8,2177.2,2430.2,0,0,738592.443772829,0,0,0
190338.0124071,40,2082.2,2279.2,2653,0,0,738592.443773292,0,0,0
190338.052406167,40,2137.2,2428.4,2758,0,0,738592.443773755,0,0,0
190338.092405233,40,2219,2555,2658.6,0,0,738592.443774218,0,0,0
190338.1324043,40,2281.6,2600.6,2540.6,0,0,738592.443774681,0,0,0
190338.172403366,40,2264,2606.4,2592.8,0,0,738592.443775144,0,0,0
190338.212402432,40,2182.8,2536.6,2775.6,0,0,738592.443775607,0,0,0
190338.252401499,40,2101.6,2352.2,2801.2,0,0,738592.44377607,0,0,0
190338.292400565,40,2047.2,2194.4,2506,0,0,738592.443776533,0,0,0
190338.332399632,40,2027.6,2116.4,2234.4,0,0,738592.443776996,0,0,0
190338.372398698,40,2010.8,2080.8,2114.6,0,0,738592.443777459,0,0,0
190338.412397764,40,2010.4,2068,2069.6,0,0,738592.443777921,0,0,0
190338.452396831,40,2003.8,2066,2063.2,0,0,738592.443778384,0,0,0
190338.492395897,40,2010.2,2068.2,2084.4,0,0,738592.443778847,0,0,0
190338.532394963,40,2010.6,2082.2,2123.8,0,0,738592.44377931,0,0,0
190338.57239403,40,2021.8,2107.2,2208.4,0,0,738592.443779773,0,0,0
190338.612393096,40,2036.8,2149.8,2367.8,0,0,738592.443780236,0,0,0
190338.652392163,40,2061,2234.8,2620.8,0,0,738592.443780699,0,0,0
190338.692391229,40,2106,2373.2,2794.4,0,0,738592.443781162,0,0,0
190338.732390295,40,2182,2529.2,2746.8,0,0,738592.443781625,0,0,0
190338.772389362,40,2269.8,2607.6,2584.8,0,0,738592.443782088,0,0,0
190338.812388428,40,2312.4,2617.8,2502.2,0,0,738592.443782551,0,0,0
190338.852387495,40,2244.8,2589.4,2612.2,0,0,738592.443783014,0,0,0
190338.892386561,40,2158.8,2474.2,2730.4,0,0,738592.443783477,0,0,0
190338.932385628,40,2089.2,2294.6,2638,0,0,738592.44378394,0,0,0
190338.972384694,40,2040.8,2166.6,2382,0,0,738592.443784403,0,0,0
190339.01238376,40,2024.8,2104,2184.8,0,0,738592.443784866,0,0,0
190339.052382827,40,2012.6,2075.4,2095.8,0,0,738592.443785329,0,0,0
190339.092381893,40,2005.4,2056.8,2062.2,0,0,738592.443785792,0,0,0
190339.132380959,40,2005.8,2059.4,2059.8,0,0,738592.443786255,0,0,0
190339.172380026,40,2008.6,2070.4,2085.2,0,0,738592.443786717,0,0,0
190339.212379092,40,2016.4,2088.2,2131.6,0,0,738592.44378718,0,0,0
190339.252378159,40,2029.8,2112.6,2213.2,0,0,738592.443787643,0,0,0
190339.292377225,40,2041.4,2161.6,2347,0,0,738592.443788106,0,0,0
190339.332376291,40,2070.2,2248.2,2554.2,0,0,738592.443788569,0,0,0
190339.372375358,40,2123.2,2382.8,2685.8,0,0,738592.443789032,0,0,0
190339.412374424,40,2206.6,2531.8,2649.2,0,0,738592.443789495,0,0,0
190339.452373491,40,2294,2599.4,2509.2,0,0,738592.443789958,0,0,0
190339.492372557,40,2307,2607.2,2505,0,0,738592.443790421,0,0,0
190339.532371623,40,2209.6,2546,2667.2,0,0,738592.443790884,0,0,0
190339.57237069,40,2127.4,2394.2,2725,0,0,738592.443791347,0,0,0
190339.612369756,40,2059.2,2218.2,2512,0,0,738592.44379181,0,0,0
190339.652368823,40,2032.4,2129.8,2264.2,0,0,738592.443792273,0,0,0
190339.692367889,40,2016.4,2086.4,2128.2,0,0,738592.443792736,0,0,0
190339.732366955,40,2003.8,2068.4,2079,0,0,738592.443793199,0,0,0
190339.772366022,40,2008.4,2064,2068.4,0,0,738592.443793662,0,0,0
190339.812365088,40,2012.8,2066.8,2088,0,0,738592.443794125,0,0,0
190339.852364155,40,2012.4,2082.2,2124.6,0,0,738592.443794588,0,0,0
190339.892363221,40,2022.8,2107.2,2202,0,0,738592.443795051,0,0,0
190339.932362287,40,2039.8,2153.6,2357.2,0,0,738592.443795514,0,0,0
190339.972361354,40,2063,2235.6,2577.4,0,0,738592.443795977,0,0,0
190340.01236042,40,2120.4,2375.4,2722.8,0,0,738592.443796439,0,0,0
190340.052359487,40,2193.2,2516.2,2672.4,0,0,738592.443796902,0,0,0
190340.092358553,40,2277.4,2587.8,2531.6,0,0,738592.443797365,0,0,0
190340.132357619,40,2291.2,2605,2522.6,0,0,738592.443797828,0,0,0
190340.172356686,40,2214.4,2565.8,2681.6,0,0,738592.443798291,0,0,0
190340.212355752,40,2130,2421,2779.8,0,0,738592.443798754,0,0,0
190340.252354819,40,2064.6,2238,2584,0,0,738592.443799217,0,0,0
190340.292353885,40,2030.8,2132.6,2299,0,0,738592.44379968,0,0,0
190340.332352951,40,2015.2,2086.4,2135.2,0,0,738592.443800143,0,0,0
190340.372352018,40,2008.2,2065.8,2075,0,0,738592.443800606,0,0,0
190340.412351084,40,2005.8,2060.6,2064.4,0,0,738592.443801069,0,0,0
190340.452350151,40,2006.4,2067.4,2085.8,0,0,738592.443801532,0,0,0
190340.492349217,40,2014.8,2082.6,2123.8,0,0,738592.443801995,0,0,0
190340.532348284,40,2025.2,2114.6,2228.4,0,0,738592.443802458,0,0,0
190340.57234735,40,2045.2,2173.8,2416.8,0,0,738592.443802921,0,0,0
190340.612346416,40,2076,2274.2,2628.2,0,0,738592.443803384,0,0,0
190340.652345483,40,2138.4,2421.2,2707.8,0,0,738592.443803847,0,0,0
190340.692344549,40,2227.2,2541.2,2585.4,0,0,738592.44380431,0,0,0
190340.732343615,40,2313.8,2565.8,2439.4,0,0,738592.443804773,0,0,0
190340.772342682,40,2330,2566.4,2427.4,0,0,738592.443805236,0,0,0
190340.812341748,40,2259.8,2586.6,2575,0,0,738592.443805699,0,0,0
190340.852340815,40,2165.2,2492.6,2757.8,0,0,738592.443806162,0,0,0
190340.892339881,40,2080.8,2298.8,2707.4,0,0,738592.443806625,0,0,0
190340.932338947,40,2037.8,2160.4,2398.4,0,0,738592.443807087,0,0,0
190340.972338014,40,2017.8,2096.6,2177.6,0,0,738592.44380755,0,0,0
190341.01233708,40,2006.4,2071,2090.4,0,0,738592.443808013,0,0,0
190341.052336147,40,2001,2061.6,2065.4,0,0,738592.443808476,0,0,0
190341.092335213,40,2007.8,2069,2083.8,0,0,738592.443808939,0,0,0
190341.13233428,40,2016.2,2088.6,2127.4,0,0,738592.443809402,0,0,0
190341.172333346,40,2024.4,2107.2,2199,0,0,738592.443809865,0,0,0
190341.212332412,40,2043.8,2155.6,2333.4,0,0,738592.443810328,0,0,0
190341.252331479,40,2065.8,2231.8,2527.2,0,0,738592.443810791,0,0,0
190341.292330545,40,2114.8,2364.4,2686.4,0,0,738592.443811254,0,0,0
190341.332329611,40,2196,2514.4,2659.6,0,0,738592.443811717,0,0,0
190341.372328678,40,2289.2,2585.8,2510.8,0,0,738592.44381218,0,0,0
190341.412327744,40,2319.6,2596.6,2471.4,0,0,738592.443812643,0,0,0
190341.452326811,40,2234,2578.8,2630.8,0,0,738592.443813106,0,0,0
190341.492325877,40,2143.6,2441,2758,0,0,738592.443813569,0,0,0
190341.532324943,40,2075.2,2261.4,2611.8,0,0,738592.443814032,0,0,0
190341.57232401,40,2041.6,2152,2336.2,0,0,738592.443814495,0,0,0
190341.612323076,40,2020,2099.8,2169,0,0,738592.443814958,0,0,0
190341.652322143,40,2010.2,2074,2098.2,0,0,738592.44381542,0,0,0
190341.692321209,40,2007.2,2065.8,2079,0,0,738592.443815883,0,0,0
190341.732320275,40,2010.2,2074,2093,0,0,738592.443816346,0,0,0
190341.772319342,40,2017,2093.2,2138.6,0,0,738592.443816809,0,0,0
190341.812318408,40,2026.4,2120.2,2222.8,0,0,738592.443817272,0,0,0
190341.852317475,40,2040.4,2161.6,2369.4,0,0,738592.443817735,0,0,0
190341.892316541,40,2066.6,2242,2566.6,0,0,738592.443818198,0,0,0
190341.932315607,40,2112.8,2364.4,2719.4,0,0,738592.443818661,0,0,0
190341.972314674,40,2189.8,2528.2,2697.6,0,0,738592.443819124,0,0,0
190342.01231374,40,2284.2,2618.2,2565.6,0,0,738592.443819587,0,0,0
190342.052312807,40,2317.2,2642.8,2521.4,0,0,738592.44382005,0,0,0
190342.092311873,40,2234.8,2609.2,2676.2,0,0,738592.443820513,0,0,0
190342.13231094,40,2147,2453.6,2783.2,0,0,738592.443820976,0,0,0
190342.172310006,40,2076.6,2268.8,2628.6,0,0,738592.443821439,0,0,0
190342.212309072,40,2043,2153.8,2349.6,0,0,738592.443821902,0,0,0
190342.252308139,40,2018.8,2102.6,2181,0,0,738592.443822365,0,0,0
190342.292307205,40,2014.4,2076.8,2099.4,0,0,738592.443822828,0,0,0
190342.332306271,40,2006,2066,2068.6,0,0,738592.443823291,0,0,0
190342.372305338,40,2006,2058,2063,0,0,738592.443823754,0,0,0
190342.412304404,40,2012.2,2071,2082.4,0,0,738592.443824217,0,0,0
190342.452303471,40,2016.4,2083.4,2123,0,0,738592.44382468,0,0,0
190342.492302537,40,2025,2107.2,2180.2,0,0,738592.443825143,0,0,0
190342.532301603,40,2032.2,2140,2288.8,0,0,738592.443825605,0,0,0
190342.57230067,40,2055.6,2197.8,2450.6,0,0,738592.443826068,0,0,0
190342.612299736,40,2087,2284.4,2619.8,0,0,738592.443826531,0,0,0
190342.652298803,40,2121,2387,2719.2,0,0,738592.443826994,0,0,0
190342.692297869,40,2159.8,2477.2,2724.4,0,0,738592.443827457,0,0,0
190342.732296935,40,2196.4,2532.2,2687,0,0,738592.44382792,0,0,0
190342.772296002,40,2220.6,2554.2,2638.6,0,0,738592.443828383,0,0,0
190342.812295068,40,2228.8,2560.8,2615.6,0,0,738592.443828846,0,0,0
190342.852294135,40,2225.8,2547,2611.2,0,0,738592.443829309,0,0,0
190342.892293201,40,2221.8,2545.6,2623,0,0,738592.443829772,0,0,0
190342.932292268,40,2213.4,2542.8,2646.8,0,0,738592.443830235,0,0,0
190342.972291334,40,2214.4,2549.8,2671.4,0,0,738592.443830698,0,0,0
190343.0122904,40,2205.6,2555.2,2687.2,0,0,738592.443831161,0,0,0
190343.052289467,40,2205.4,2551.2,2700,0,0,738592.443831624,0,0,0
190343.092288533,40,2197.6,2549.2,2710,0,0,738592.443832087,0,0,0
190343.132287599,40,2199.4,2543,2702.8,0,0,738592.44383255,0,0,0
190343.172286666,40,2196.8,2538.2,2709.8,0,0,738592.443833013,0,0,0
190343.212285732,40,2191.4,2529.4,2713.4,0,0,738592.443833476,0,0,0
190343.252284799,40,2187.6,2517,2705.8,0,0,738592.443833939,0,0,0
190343.292283865,40,2182,2513.4,2713.6,0,0,738592.443834402,0,0,0
190343.332282931,40,2179.8,2510,2715.6,0,0,738592.443834865,0,0,0
190343.372281998,40,2175,2507.6,2737.2,0,0,738592.443835328,0,0,0
190343.412281064,40,2174.4,2504.2,2738.4,0,0,738592.44383579,0,0,0
190343.452280131,40,2167.6,2500.6,2756.8,0,0,738592.443836253,0,0,0
190343.492279197,40,2168.6,2497.2,2764.6,0,0,738592.443836716,0,0,0
190343.532278264,40,2158.4,2502,2780,0,0,738592.443837179,0,0,0
190343.57227733,40,2161.6,2494,2780,0,0,738592.443837642,0,0,0
190343.612276396,40,2157,2488.8,2787.2,0,0,738592.443838105,0,0,0
190343.652275463,40,2157.6,2478.4,2794.4,0,0,738592.443838568,0,0,0
190343.692274529,40,2153.6,2478.2,2792.2,0,0,738592.443839031,0,0,0
190343.732273595,40,2151.2,2469.2,2797,0,0,738592.443839494,0,0,0
190343.772272662,40,2151,2466,2792,0,0,738592.443839957,0,0,0
190343.812271728,40,2149.4,2460.6,2796.6,0,0,738592.44384042,0,0,0
190343.852270795,40,2143.4,2454,2794.6,0,0,738592.443840883,0,0,0
190343.892269861,40,2141.8,2446.6,2788.4,0,0,738592.443841346,0,0,0
190343.932268927,40,2135.6,2438.4,2783.8,0,0,738592.443841809,0,0,0
190343.972267994,40,2137.6,2439.2,2785.8,0,0,738592.443842272,0,0,0
190344.01226706,40,2134.4,2430.6,2789.4,0,0,738592.443842735,0,0,0
190344.052266127,40,2129.4,2424.6,2796.4,0,0,738592.443843198,0,0,0
190344.092265193,40,2121.8,2411,2805.6,0,0,738592.443843661,0,0,0
190344.13226426,40,2120.6,2404.4,2816.4,0,0,738592.443844124,0,0,0
190344.172263326,40,2113.6,2394,2821.4,0,0,738592.443844586,0,0,0
190344.212262392,40,2111.8,2380.4,2812,0,0,738592.443845049,0,0,0
190344.252261459,40,2102.2,2351,2790,0,0,738592.443845512,0,0,0
190344.292260525,40,2089.4,2315.8,2740.6,0,0,738592.443845975,0,0,0
190344.332259591,40,2071,2262.6,2642,0,0,738592.443846438,0,0,0
190344.372258658,40,2054.2,2216.4,2522.6,0,0,738592.443846901,0,0,0
190344.412257724,40,2046.4,2170,2391,0,0,738592.443847364,0,0,0
190344.452256791,40,2038,2138.8,2291.6,0,0,738592.443847827,0,0,0
190344.492255857,40,2029,2115.6,2211,0,0,738592.44384829,0,0,0
190344.532254923,40,2026.8,2111.8,2206,0,0,738592.443848753,0,0,0
190344.57225399,40,2029.6,2130.2,2263,0,0,738592.443849216,0,0,0
190344.612253056,40,2041.4,2164.6,2377.4,0,0,738592.443849679,0,0,0
190344.652252123,40,2062.6,2222,2529,0,0,738592.443850142,0,0,0
190344.692251189,40,2082.6,2288.6,2664.4,0,0,738592.443850605,0,0,0
190344.732250255,40,2105.8,2353.4,2736,0,0,738592.443851068,0,0,0
190344.772249322,40,2121.8,2402.6,2772.6,0,0,738592.443851531,0,0,0
190344.812248388,40,2127.2,2401,2767,0,0,738592.443851994,0,0,0
190344.852247455,40,2113.8,2370.2,2756.4,0,0,738592.443852457,0,0,0
190344.892246521,40,2092,2325,2710.6,0,0,738592.44385292,0,0,0
190344.932245587,40,2077.6,2263.8,2614.4,0,0,738592.443853383,0,0,0
190344.972244654,40,2051.4,2198.6,2467.2,0,0,738592.443853846,0,0,0
190345.01224372,40,2036.2,2152,2329,0,0,738592.443854309,0,0,0
190345.052242787,40,2028.8,2127,2254.4,0,0,738592.443854771,0,0,0
190345.092241853,40,2039.6,2141.4,2299.8,0,0,738592.443855234,0,0,0
190345.13224092,40,2051.8,2188.8,2428,0,0,738592.443855697,0,0,0
190345.172239986,40,2078.6,2261.8,2584,0,0,738592.44385616,0,0,0
190345.212239052,40,2113,2361.8,2706.4,0,0,738592.443856623,0,0,0
190345.252238119,40,2155.4,2455.4,2723.2,0,0,738592.443857086,0,0,0
190345.292237185,40,2192.2,2517.8,2688.4,0,0,738592.443857549,0,0,0
190345.332236251,40,2202.8,2540.4,2676.4,0,0,738592.443858012,0,0,0
190345.372235318,40,2191.6,2521.2,2695.6,0,0,738592.443858475,0,0,0
190345.412234384,40,2173.6,2489,2729.2,0,0,738592.443858938,0,0,0
190345.452233451,40,2139.6,2440.2,2747.4,0,0,738592.443859401,0,0,0
190345.492232517,40,2109.6,2356.4,2730.2,0,0,738592.443859864,0,0,0
190345.532231583,40,2076.8,2266.8,2618.8,0,0,738592.443860327,0,0,0
190345.57223065,40,2047,2192.4,2453.8,0,0,738592.44386079,0,0,0
190345.612229716,40,2039.6,2149.6,2338.2,0,0,738592.443861253,0,0,0
190345.652228783,40,2045,2165.8,2365.4,0,0,738592.443861716,0,0,0
190345.692227849,40,2057.4,2211,2483.8,0,0,738592.443862179,0,0,0
190345.732226915,40,2084.6,2288.6,2614.6,0,0,738592.443862642,0,0,0
190345.772225982,40,2125.2,2394,2711,0,0,738592.443863105,0,0,0
190345.812225048,40,2167,2486.2,2732.8,0,0,738592.443863568,0,0,0
190345.852224115,40,2197.4,2547.2,2711,0,0,738592.443864031,0,0,0
190345.892223181,40,2215.4,2575.8,2708.6,0,0,738592.443864494,0,0,0
190345.932222248,40,2196.6,2554,2746.6,0,0,738592.443864956,0,0,0
190345.972221314,40,2179.8,2531,2779.4,0,0,738592.443865419,0,0,0
190346.01222038,40,2151.2,2481,2813.8,0,0,738592.443865882,0,0,0
190346.052219447,40,2124.2,2410.2,2822,0,0,738592.443866345,0,0,0
190346.092218513,40,2103.4,2352.4,2775,0,0,738592.443866808,0,0,0
190346.132217579,40,2083.4,2306.2,2715.4,0,0,738592.443867271,0,0,0
190346.172216646,40,2090.4,2298.2,2675.8,0,0,738592.443867734,0,0,0
190346.212215712,40,2094.2,2302.2,2657.2,0,0,738592.443868197,0,0,0
190346.252214779,40,2091.2,2300.6,2640.2,0,0,738592.44386866,0,0,0
190346.292213845,40,2087.6,2298.4,2628.6,0,0,738592.443869123,0,0,0
190346.332212911,40,2088.4,2290.2,2633.4,0,0,738592.443869586,0,0,0
190346.372211978,40,2080.4,2288,2656,0,0,738592.443870049,0,0,0
190346.412211044,40,2080.8,2287.8,2680.6,0,0,738592.443870512,0,0,0
190346.452210111,40,2078.6,2280,2704.8,0,0,738592.443870975,0,0,0
190346.492209177,40,2072.8,2279.2,2715.4,0,0,738592.443871438,0,0,0
190346.532208244,40,2073.2,2277.6,2726,0,0,738592.443871901,0,0,0
190346.57220731,40,2074.4,2273.4,2720.4,0,0,738592.443872364,0,0,0
190346.612206376,40,2070.8,2273.8,2699.8,0,0,738592.443872827,0,0,0
190346.652205443,40,2074.2,2264.8,2680,0,0,738592.44387329,0,0,0
190346.692204509,40,2070.6,2256.4,2656.4,0,0,738592.443873752,0,0,0
190346.732203575,40,2072.4,2257.2,2631.8,0,0,738592.443874215,0,0,0
190346.772202642,40,2071,2251.4,2604.4,0,0,738592.443874678,0,0,0
190346.812201708,40,2073.8,2243.6,2578.2,0,0,738592.443875141,0,0,0
190346.852200775,40,2069,2244.2,2554.4,0,0,738592.443875604,0,0,0
190346.892199841,40,2068.8,2238.8,2549,0,0,738592.443876067,0,0,0
190346.932198907,40,2069.2,2235.6,2551.4,0,0,738592.44387653,0,0,0
190346.972197974,40,2068.4,2234.6,2556.8,0,0,738592.443876993,0,0,0
190347.01219704,40,2063,2233.2,2564,0,0,738592.443877456,0,0,0
190347.052196107,40,2062.2,2225,2560,0,0,738592.443877919,0,0,0
190347.092195173,40,2062.4,2224.6,2567.8,0,0,738592.443878382,0,0,0
190347.13219424,40,2058.8,2228,2567.2,0,0,738592.443878845,0,0,0
190347.172193306,40,2059.8,2216.8,2563.2,0,0,738592.443879308,0,0,0
190347.212192372,40,2059.2,2218.8,2560.2,0,0,738592.443879771,0,0,0
190347.252191439,40,2059.8,2216.8,2549.2,0,0,738592.443880234,0,0,0
190347.292190505,40,2055.4,2210.4,2533.8,0,0,738592.443880697,0,0,0
190347.332189571,40,2056.6,2208,2525.4,0,0,738592.44388116,0,0,0
190347.372188638,40,2056,2207.8,2510,0,0,738592.443881623,0,0,0
190347.412187704,40,2059.6,2203,2499,0,0,738592.443882086,0,0,0
190347.452186771,40,2056,2205.2,2487.2,0,0,738592.443882549,0,0,0
190347.492185837,40,2051.2,2200,2473.8,0,0,738592.443883012,0,0,0
190347.532184904,40,2049.6,2195.4,2463.6,0,0,738592.443883474,0,0,0
190347.57218397,40,2051.6,2187.6,2457.2,0,0,738592.443883937,0,0,0
190347.612183036,40,2054,2188.4,2453,0,0,738592.4438844,0,0,0
190347.652182103,40,2052.8,2187.2,2444.2,0,0,738592.443884863,0,0,0
190347.692181169,40,2052,2187.4,2441.8,0,0,738592.443885326,0,0,0
190347.732180235,40,2047.8,2180.8,2437,0,0,738592.443885789,0,0,0
190347.772179302,40,2048.2,2178.8,2428.6,0,0,738592.443886252,0,0,0
190347.812178368,40,2047.2,2178.4,2426.8,0,0,738592.443886715,0,0,0
190347.852177435,40,2047.8,2178,2423.8,0,0,738592.443887178,0,0,0
190347.892176501,40,2043,2174.6,2413.8,0,0,738592.443887641,0,0,0
190347.932175567,40,2044.2,2174.4,2402.6,0,0,738592.443888104,0,0,0
190347.972174634,40,2043.2,2169.2,2390.6,0,0,738592.443888567,0,0,0
190348.0121737,40,2042.4,2167.2,2385,0,0,738592.44388903,0,0,0
190348.052172767,40,2039,2161.6,2376.2,0,0,738592.443889493,0,0,0
190348.092171833,40,2039.6,2162.4,2369.6,0,0,738592.443889956,0,0,0
190348.1321709,40,2041.4,2159.2,2366.2,0,0,738592.443890419,0,0,0
190348.172169966,40,2042.6,2158.4,2360.6,0,0,738592.443890882,0,0,0
190348.212169032,40,2037.6,2152.8,2352.2,0,0,738592.443891345,0,0,0
190348.252168099,40,2039.6,2154,2346.4,0,0,738592.443891808,0,0,0
190348.292167165,40,2039.8,2148.8,2337.8,0,0,738592.443892271,0,0,0
190348.332166231,40,2038,2147.8,2336,0,0,738592.443892734,0,0,0
190348.372165298,40,2036,2145.2,2326.2,0,0,738592.443893197,0,0,0
190348.412164364,40,2037.6,2143.6,2316.8,0,0,738592.44389366,0,0,0
190348.452163431,40,2037,2142.8,2315.8,0,0,738592.443894122,0,0,0
190348.492162497,40,2034,2143.8,2308.4,0,0,738592.443894585,0,0,0
190348.532161563,40,2037,2143.8,2305.8,0,0,738592.443895048,0,0,0
190348.57216063,40,2035.4,2141.4,2294.2,0,0,738592.443895511,0,0,0
