24762.9480193032,40,2204,2699,2844.4,0,0,738675.539848936,0,0,0
24762.9880183696,40,2201.6,2697.4,2842.4,0,0,738675.539849398,0,0,0
24763.028017436,40,2202,2701.4,2842.8,0,0,738675.539849861,0,0,0
24763.0680165024,40,2203.6,2706.8,2846.2,0,0,738675.539850324,0,0,0
24763.1080155688,40,2203.4,2701.6,2849.8,0,0,738675.539850787,0,0,0
24763.1480146352,40,2204.4,2702,2851,0,0,738675.53985125,0,0,0
24763.1880137016,40,2204.4,2706.8,2854.6,0,0,738675.539851713,0,0,0
24763.228012768,40,2204.6,2708.8,2857.2,0,0,738675.539852176,0,0,0
24763.2680118344,40,2206.2,2708.2,2854.2,0,0,738675.539852639,0,0,0
24763.3080109008,40,2206.4,2709.6,2854.6,0,0,738675.539853102,0,0,0
24763.3480099672,40,2205.4,2709.8,2850.6,0,0,738675.539853565,0,0,0
24763.3880090336,40,2205.8,2708.2,2849.6,0,0,738675.539854028,0,0,0
24763.4280081,40,2205.4,2707,2845.2,0,0,738675.539854491,0,0,0
24763.4680071664,40,2208,2711.4,2845.2,0,0,738675.539854954,0,0,0
24763.5080062328,40,2210.6,2711.6,2840.8,0,0,738675.539855417,0,0,0
24763.5480052992,40,2220.2,2726.6,2831.4,0,0,738675.53985588,0,0,0
24763.5880043656,40,2233,2759.4,2810.6,0,0,738675.539856343,0,0,0
24763.628003432,40,2256.4,2803.8,2783.2,0,0,738675.539856806,0,0,0
24763.6680024984,40,2293.4,2853.8,2744.2,0,0,738675.539857269,0,0,0
24763.7080015648,40,2328.4,2895.2,2699.4,0,0,738675.539857732,0,0,0
24763.7480006312,40,2358,2918.2,2655.8,0,0,738675.539858195,0,0,0
24763.7879996976,40,2378.6,2935,2629.2,0,0,738675.539858658,0,0,0
24763.827998764,40,2385.8,2928.2,2623.2,0,0,738675.539859121,0,0,0
24763.8679978304,40,2366.4,2915.6,2634.2,0,0,738675.539859583,0,0,0
24763.9079968968,40,2355.4,2904.4,2645,0,0,738675.539860046,0,0,0
24763.9479959632,40,2353.2,2887.4,2635.8,0,0,738675.539860509,0,0,0
24763.9879950296,40,2346.8,2879.8,2640.2,0,0,738675.539860972,0,0,0
24764.027994096,40,2340.8,2884.6,2654.8,0,0,738675.539861435,0,0,0
24764.0679931624,40,2340.2,2883.6,2662.4,0,0,738675.539861898,0,0,0
24764.1079922288,40,2332,2880.6,2668.2,0,0,738675.539862361,0,0,0
24764.1479912952,40,2329.2,2888,2681,0,0,738675.539862824,0,0,0
24764.1879903616,40,2326.2,2884,2691.4,0,0,738675.539863287,0,0,0
24764.227989428,40,2320.8,2875.8,2697.4,0,0,738675.53986375,0,0,0
24764.2679884944,40,2304.8,2857.6,2713.2,0,0,738675.539864213,0,0,0
24764.3079875608,40,2276,2821.4,2749,0,0,738675.539864676,0,0,0
24764.3479866272,40,2249,2771.4,2797.6,0,0,738675.539865139,0,0,0
24764.3879856936,40,2210.2,2707.8,2843.8,0,0,738675.539865602,0,0,0
24764.42798476,40,2175,2639.2,2877,0,0,738675.539866065,0,0,0
24764.4679838264,40,2156.2,2583.2,2891.8,0,0,738675.539866528,0,0,0
24764.5079828928,40,2146.2,2561.4,2893.8,0,0,738675.539866991,0,0,0
24764.5479819592,40,2159.2,2598.2,2891.4,0,0,738675.539867454,0,0,0
24764.5879810256,40,2187.6,2654,2850.4,0,0,738675.539867917,0,0,0
24764.627980092,40,2226.4,2741.6,2815.6,0,0,738675.539868379,0,0,0
24764.6679791584,40,2279,2815.4,2745.4,0,0,738675.539868842,0,0,0
24764.7079782248,40,2328.2,2893.4,2695.4,0,0,738675.539869305,0,0,0
24764.7479772912,40,2369.8,2947.8,2659.8,0,0,738675.539869768,0,0,0
24764.7879763576,40,2376.8,2971.6,2677,0,0,738675.539870231,0,0,0
24764.827975424,40,2352.2,2966.4,2721.6,0,0,738675.539870694,0,0,0
24764.8679744904,40,2326.8,2943,2755,0,0,738675.539871157,0,0,0
24764.9079735568,40,2293,2898.2,2805.2,0,0,738675.53987162,0,0,0
24764.9479726232,40,2257.8,2845.6,2854.8,0,0,738675.539872083,0,0,0
24764.9879716896,40,2226.6,2777.6,2887.2,0,0,738675.539872546,0,0,0
24765.027970756,40,2201.6,2703,2870.4,0,0,738675.539873009,0,0,0
24765.0679698224,40,2197,2661.6,2833.8,0,0,738675.539873472,0,0,0
24765.1079688888,40,2209,2673.2,2786.8,0,0,738675.539873935,0,0,0
24765.1479679552,40,2238.2,2745,2770,0,0,738675.539874398,0,0,0
24765.1879670216,40,2289,2841.4,2729.2,0,0,738675.539874861,0,0,0
24765.227966088,40,2359.2,2929.2,2672.2,0,0,738675.539875324,0,0,0
24765.2679651544,40,2430.8,3000.8,2603.2,0,0,738675.539875787,0,0,0
24765.3079642208,40,2501.2,3026.8,2539.4,0,0,738675.53987625,0,0,0
24765.3479632872,40,2553.6,3034.6,2492.6,0,0,738675.539876713,0,0,0
24765.3879623536,40,2592.8,3024.8,2460.4,0,0,738675.539877176,0,0,0
24765.42796142,40,2614.4,3018.2,2443,0,0,738675.539877639,0,0,0
24765.4679604864,40,2618.8,3019.2,2440,0,0,738675.539878102,0,0,0
24765.5079595528,40,2591.2,2998.8,2441.6,0,0,738675.539878564,0,0,0
24765.5479586192,40,2569,2994.6,2455.8,0,0,738675.539879027,0,0,0
24765.5879576856,40,2547,2967.8,2458,0,0,738675.53987949,0,0,0
24765.627956752,40,2534.6,2946.8,2460,0,0,738675.539879953,0,0,0
24765.6679558184,40,2518.2,2939.8,2460.8,0,0,738675.539880416,0,0,0
24765.7079548848,40,2515.6,2944.6,2473.4,0,0,738675.539880879,0,0,0
24765.7479539512,40,2504,2948.2,2477.6,0,0,738675.539881342,0,0,0
24765.7879530176,40,2499,2945.8,2489.6,0,0,738675.539881805,0,0,0
24765.827952084,40,2489.6,2948.6,2497.6,0,0,738675.539882268,0,0,0
24765.8679511504,40,2479.6,2948.4,2506.2,0,0,738675.539882731,0,0,0
24765.9079502168,40,2472,2948.2,2515,0,0,738675.539883194,0,0,0
24765.9479492832,40,2459.8,2939.6,2525,0,0,738675.539883657,0,0,0
24765.9879483496,40,2449.8,2923,2523.2,0,0,738675.53988412,0,0,0
24766.027947416,40,2437.4,2919.4,2535.8,0,0,738675.539884583,0,0,0
24766.0679464824,40,2426,2904.8,2537.6,0,0,738675.539885046,0,0,0
24766.1079455488,40,2413,2899.6,2551.2,0,0,738675.539885509,0,0,0
24766.1479446152,40,2406.8,2893.6,2555.4,0,0,738675.539885972,0,0,0
24766.1879436816,40,2404.6,2906.6,2571.6,0,0,738675.539886435,0,0,0
24766.227942748,40,2398.2,2917.8,2589.6,0,0,738675.539886898,0,0,0
24766.2679418144,40,2385.2,2919.8,2611.4,0,0,738675.539887361,0,0,0
24766.3079408808,40,2367.8,2918,2640.2,0,0,738675.539887824,0,0,0
24766.3479399472,40,2341.8,2901.2,2670.2,0,0,738675.539888286,0,0,0
24766.3879390136,40,2312,2871.2,2711,0,0,738675.539888749,0,0,0
24766.42793808,40,2280.8,2833,2753,0,0,738675.539889212,0,0,0
24766.4679371464,40,2249.8,2779.2,2793.8,0,0,738675.539889675,0,0,0
24766.5079362128,40,2227.6,2747.8,2819.6,0,0,738675.539890138,0,0,0
24766.5479352792,40,2234.2,2757.4,2815.2,0,0,738675.539890601,0,0,0
24766.5879343456,40,2266.4,2815,2773.6,0,0,738675.539891064,0,0,0
24766.627933412,40,2325.4,2891.8,2708,0,0,738675.539891527,0,0,0
24766.6679324784,40,2392.4,2955.8,2633.6,0,0,738675.53989199,0,0,0
24766.7079315448,40,2453.4,2999.2,2574.4,0,0,738675.539892453,0,0,0
24766.7479306112,40,2480.8,2992.2,2532,0,0,738675.539892916,0,0,0
24766.7879296776,40,2475,3007.8,2554.6,0,0,738675.539893379,0,0,0
24766.827928744,40,2445.4,3017.2,2601.4,0,0,738675.539893842,0,0,0
24766.8679278104,40,2405.6,3002.6,2651,0,0,738675.539894305,0,0,0
24766.9079268768,40,2352,2966.8,2717,0,0,738675.539894768,0,0,0
24766.9479259432,40,2298.8,2905.4,2784.4,0,0,738675.539895231,0,0,0
24766.9879250096,40,2267.2,2840.8,2821.4,0,0,738675.539895694,0,0,0
24767.027924076,40,2268.8,2821,2789.4,0,0,738675.539896157,0,0,0
24767.0679231424,40,2301.4,2865,2722,0,0,738675.53989662,0,0,0
24767.1079222088,40,2366.8,2909.8,2641,0,0,738675.539897083,0,0,0
24767.1479212752,40,2430,2940.4,2556.4,0,0,738675.539897545,0,0,0
24767.1879203416,40,2488.4,2958.2,2505.6,0,0,738675.539898008,0,0,0
24767.227919408,40,2498.2,2943.6,2494.6,0,0,738675.539898471,0,0,0
24767.2679184744,40,2475.2,2956.2,2519.2,0,0,738675.539898934,0,0,0
24767.3079175408,40,2437.8,2948.4,2555.8,0,0,738675.539899397,0,0,0
24767.3479166072,40,2381.8,2928.2,2623.8,0,0,738675.53989986,0,0,0
24767.3879156736,40,2325.2,2873.4,2681.4,0,0,738675.539900323,0,0,0
24767.42791474,40,2270.2,2813.8,2758.2,0,0,738675.539900786,0,0,0
24767.4679138064,40,2242.6,2773.8,2791.6,0,0,738675.539901249,0,0,0
24767.5079128728,40,2271.6,2814.2,2756.8,0,0,738675.539901712,0,0,0
24767.5479119392,40,2340,2874.6,2647.2,0,0,738675.539902175,0,0,0
24767.5879110056,40,2441.8,2933.2,2536.2,0,0,738675.539902638,0,0,0
24767.627910072,40,2545.4,2923.4,2439.4,0,0,738675.539903101,0,0,0
24767.6679091384,40,2606.4,2881.8,2382.2,0,0,738675.539903564,0,0,0
24767.7079082048,40,2625.4,2882.6,2369.8,0,0,738675.539904027,0,0,0
24767.7479072712,40,2620.8,2909,2387.6,0,0,738675.53990449,0,0,0
24767.7879063376,40,2601.6,2931.8,2408.8,0,0,738675.539904953,0,0,0
24767.827905404,40,2563,2955,2445.8,0,0,738675.539905416,0,0,0
24767.8679044704,40,2506.8,2973.6,2500.4,0,0,738675.539905879,0,0,0
24767.9079035368,40,2430.6,2971,2582,0,0,738675.539906342,0,0,0
24767.9479026032,40,2351.8,2913.4,2665.2,0,0,738675.539906805,0,0,0
24767.9879016696,40,2280.6,2839.8,2762.8,0,0,738675.539907268,0,0,0
24768.027900736,40,2236.4,2761.6,2815,0,0,738675.53990773,0,0,0
24768.0678998024,40,2241.4,2767,2802.2,0,0,738675.539908193,0,0,0
24768.1078988688,40,2293.6,2827,2710.6,0,0,738675.539908656,0,0,0
24768.1478979352,40,2377.8,2902.4,2603.4,0,0,738675.539909119,0,0,0
24768.1878970016,40,2494.2,2932,2488.8,0,0,738675.539909582,0,0,0
24768.227896068,40,2592.8,2912.2,2404.4,0,0,738675.539910045,0,0,0
24768.2678951344,40,2652.6,2907.2,2367.6,0,0,738675.539910508,0,0,0
24768.3078942008,40,2657.8,2916.8,2369.4,0,0,738675.539910971,0,0,0
24768.3478932672,40,2651.6,2968.8,2394.6,0,0,738675.539911434,0,0,0
24768.3878923336,40,2632,3011.8,2423.6,0,0,738675.539911897,0,0,0
24768.4278914,40,2603,3035.6,2459.6,0,0,738675.53991236,0,0,0
24768.4678904664,40,2537.4,3052.4,2517.4,0,0,738675.539912823,0,0,0
24768.5078895328,40,2455.8,3050.4,2601.8,0,0,738675.539913286,0,0,0
24768.5478885992,40,2368.8,2994.4,2702.4,0,0,738675.539913749,0,0,0
24768.5878876656,40,2296.4,2898,2792,0,0,738675.539914212,0,0,0
24768.627886732,40,2241.8,2804,2845.6,0,0,738675.539914675,0,0,0
24768.6678857984,40,2246.2,2790.2,2823.2,0,0,738675.539915138,0,0,0
24768.7078848648,40,2288.8,2815.8,2714.8,0,0,738675.539915601,0,0,0
24768.7478839312,40,2363.6,2875.8,2609.4,0,0,738675.539916064,0,0,0
24768.7878829976,40,2462.4,2891.8,2491.8,0,0,738675.539916527,0,0,0
24768.827882064,40,2567.2,2896,2410.8,0,0,738675.53991699,0,0,0
24768.8678811304,40,2629.8,2885.6,2369.4,0,0,738675.539917452,0,0,0
24768.9078801968,40,2644.8,2910.6,2371.4,0,0,738675.539917915,0,0,0
24768.9478792632,40,2640.6,2952.8,2395.6,0,0,738675.539918378,0,0,0
24768.9878783296,40,2612.4,2978.4,2423.4,0,0,738675.539918841,0,0,0
24769.027877396,40,2582.6,2999,2454.6,0,0,738675.539919304,0,0,0
24769.0678764624,40,2513,3022,2519.2,0,0,738675.539919767,0,0,0
24769.1078755288,40,2439.4,3017.6,2607.8,0,0,738675.53992023,0,0,0
24769.1478745952,40,2354.4,2951.8,2695.8,0,0,738675.539920693,0,0,0
24769.1878736616,40,2289,2866.4,2786,0,0,738675.539921156,0,0,0
24769.227872728,40,2244.2,2793,2843,0,0,738675.539921619,0,0,0
24769.2678717944,40,2252.4,2777,2786,0,0,738675.539922082,0,0,0
24769.3078708608,40,2297.2,2815,2682.8,0,0,738675.539922545,0,0,0
24769.3478699272,40,2380.2,2873.2,2577,0,0,738675.539923008,0,0,0
24769.3878689936,40,2491.2,2891,2464.2,0,0,738675.539923471,0,0,0
24769.42786806,40,2589.8,2898.2,2394.2,0,0,738675.539923934,0,0,0
24769.4678671264,40,2663,2890.6,2356,0,0,738675.539924397,0,0,0
24769.5078661928,40,2689.4,2919.6,2352.4,0,0,738675.53992486,0,0,0
24769.5478652592,40,2685.2,2958,2373.6,0,0,738675.539925323,0,0,0
24769.5878643256,40,2680.2,3001,2401.8,0,0,738675.539925786,0,0,0
24769.627863392,40,2650.6,3023,2420,0,0,738675.539926248,0,0,0
24769.6678624584,40,2586,3044,2476.6,0,0,738675.539926711,0,0,0
24769.7078615248,40,2492.6,3049.2,2558.4,0,0,738675.539927174,0,0,0
24769.7478605912,40,2400.2,3002.4,2650,0,0,738675.539927637,0,0,0
24769.7878596576,40,2326.8,2926.6,2736.4,0,0,738675.5399281,0,0,0
24769.827858724,40,2298.8,2872.8,2757.8,0,0,738675.539928563,0,0,0
24769.8678577904,40,2336.2,2858.6,2647.8,0,0,738675.539929026,0,0,0
24769.9078568568,40,2406.6,2868.2,2540.4,0,0,738675.539929489,0,0,0
24769.9478559232,40,2489,2846.4,2439.8,0,0,738675.539929952,0,0,0
24769.9878549896,40,2575,2847.8,2376.8,0,0,738675.539930415,0,0,0
24770.027854056,40,2608.4,2849.4,2363.4,0,0,738675.539930878,0,0,0
24770.0678531224,40,2610.2,2867,2372.4,0,0,738675.539931341,0,0,0
24770.1078521888,40,2610.2,2914.4,2394.8,0,0,738675.539931804,0,0,0
24770.1478512552,40,2594.8,2957,2423.2,0,0,738675.539932267,0,0,0
24770.1878503216,40,2560.4,2990.4,2462.2,0,0,738675.53993273,0,0,0
24770.227849388,40,2497.4,3017.4,2529,0,0,738675.539933193,0,0,0
24770.2678484544,40,2426.6,3009.8,2622,0,0,738675.539933656,0,0,0
24770.3078475208,40,2348.6,2952.4,2717.6,0,0,738675.539934119,0,0,0
24770.3478465872,40,2280.8,2887.2,2816.8,0,0,738675.539934582,0,0,0
24770.3878456536,40,2241,2811,2853.6,0,0,738675.539935045,0,0,0
24770.42784472,40,2254.8,2819,2821,0,0,738675.539935508,0,0,0
24770.4678437864,40,2294.8,2834.4,2714.6,0,0,738675.539935971,0,0,0
24770.5078428528,40,2359.6,2868.8,2620.2,0,0,738675.539936433,0,0,0
24770.5478419192,40,2429,2880,2521.2,0,0,738675.539936896,0,0,0
24770.5878409856,40,2515.4,2878.6,2436.4,0,0,738675.539937359,0,0,0
24770.627840052,40,2577,2875.4,2396.8,0,0,738675.539937822,0,0,0
24770.6678391184,40,2587.6,2886.2,2394.2,0,0,738675.539938285,0,0,0
24770.7078381848,40,2576.2,2919.2,2416,0,0,738675.539938748,0,0,0
24770.7478372512,40,2563.6,2958.6,2444,0,0,738675.539939211,0,0,0
24770.7878363176,40,2528.8,2976.4,2477.4,0,0,738675.539939674,0,0,0
24770.827835384,40,2467.6,2992.4,2546,0,0,738675.539940137,0,0,0
24770.8678344504,40,2396,2963.4,2631.6,0,0,738675.5399406,0,0,0
24770.9078335168,40,2321.4,2908.8,2727.8,0,0,738675.539941063,0,0,0
24770.9478325832,40,2263,2840.8,2809.8,0,0,738675.539941526,0,0,0
24770.9878316496,40,2247.6,2805.4,2827.4,0,0,738675.539941989,0,0,0
24771.027830716,40,2287.8,2866.2,2776,0,0,738675.539942452,0,0,0
24771.0678297824,40,2360.4,2937.8,2670.6,0,0,738675.539942915,0,0,0
24771.1078288488,40,2456.2,2989.8,2565.8,0,0,738675.539943378,0,0,0
24771.1478279152,40,2553.8,3020,2480.6,0,0,738675.539943841,0,0,0
24771.1878269816,40,2608.6,2987.4,2425.4,0,0,738675.539944304,0,0,0
24771.227826048,40,2624.4,3011,2429,0,0,738675.539944767,0,0,0
24771.2678251144,40,2611,3046,2460.8,0,0,738675.53994523,0,0,0
24771.3078241808,40,2574.8,3064,2491.4,0,0,738675.539945693,0,0,0
24771.3478232472,40,2528.2,3072.2,2536.2,0,0,738675.539946156,0,0,0
24771.3878223136,40,2451,3037.8,2608,0,0,738675.539946618,0,0,0
24771.42782138,40,2371.6,3004,2700.8,0,0,738675.539947081,0,0,0
24771.4678204464,40,2305,2906,2772,0,0,738675.539947544,0,0,0
24771.5078195128,40,2261.2,2824.2,2799.8,0,0,738675.539948007,0,0,0
24771.5478185792,40,2275.6,2803.6,2745.4,0,0,738675.53994847,0,0,0
24771.5878176456,40,2326.8,2851,2654.6,0,0,738675.539948933,0,0,0
24771.627816712,40,2408,2903.6,2568,0,0,738675.539949396,0,0,0
24771.6678157784,40,2489.2,2900.8,2475.6,0,0,738675.539949859,0,0,0
24771.7078148448,40,2556.4,2895.6,2415.8,0,0,738675.539950322,0,0,0
24771.7478139112,40,2594.2,2897.8,2397,0,0,738675.539950785,0,0,0
24771.7878129776,40,2597,2936.8,2413.6,0,0,738675.539951248,0,0,0
24771.827812044,40,2575.2,2955.4,2435.2,0,0,738675.539951711,0,0,0
24771.8678111104,40,2555.8,2993.8,2469,0,0,738675.539952174,0,0,0
24771.9078101768,40,2513,3015.6,2519.8,0,0,738675.539952637,0,0,0
24771.9478092432,40,2450.4,3021.4,2592.4,0,0,738675.5399531,0,0,0
24771.9878083096,40,2389.2,3004.2,2672.2,0,0,738675.539953563,0,0,0
24772.027807376,40,2338.6,2957.4,2741.8,0,0,738675.539954026,0,0,0
24772.0678064424,40,2328.4,2930,2738,0,0,738675.539954489,0,0,0
24772.1078055088,40,2366.2,2946,2665.8,0,0,738675.539954952,0,0,0
24772.1478045752,40,2421,2919,2555.2,0,0,738675.539955414,0,0,0
24772.1878036416,40,2474.6,2862.4,2464.2,0,0,738675.539955877,0,0,0
24772.227802708,40,2531,2835.4,2403,0,0,738675.53995634,0,0,0
24772.2678017744,40,2582.4,2867.8,2387.4,0,0,738675.539956803,0,0,0
24772.3078008408,40,2592.6,2889.6,2394.6,0,0,738675.539957266,0,0,0
24772.3477999072,40,2587.2,2943.4,2420.6,0,0,738675.539957729,0,0,0
24772.3877989736,40,2571.2,2987,2455.2,0,0,738675.539958192,0,0,0
24772.42779804,40,2535.6,3019.8,2502.6,0,0,738675.539958655,0,0,0
24772.4677971064,40,2467.8,3044.6,2585.6,0,0,738675.539959118,0,0,0
24772.5077961728,40,2394,3020,2681.8,0,0,738675.539959581,0,0,0
24772.5477952392,40,2323.4,2952,2780.2,0,0,738675.539960044,0,0,0
24772.5877943056,40,2269,2867.6,2859.8,0,0,738675.539960507,0,0,0
24772.627793372,40,2248.4,2822.2,2878.6,0,0,738675.53996097,0,0,0
24772.6677924384,40,2267.8,2825.8,2804.8,0,0,738675.539961433,0,0,0
24772.7077915048,40,2297.8,2824.6,2699.2,0,0,738675.539961896,0,0,0
24772.7477905712,40,2354.6,2821.6,2583.2,0,0,738675.539962359,0,0,0
24772.7877896376,40,2455.8,2912.8,2510.4,0,0,738675.539962822,0,0,0
24772.827788704,40,2560.4,2953.4,2446.2,0,0,738675.539963285,0,0,0
24772.8677877704,40,2634,2994.4,2414.6,0,0,738675.539963748,0,0,0
24772.9077868368,40,2646.6,3039.4,2429.6,0,0,738675.539964211,0,0,0
24772.9477859032,40,2611.4,3052.6,2458.6,0,0,738675.539964674,0,0,0
24772.9877849696,40,2578,3056.2,2487.8,0,0,738675.539965137,0,0,0
24773.027784036,40,2513.6,3065.4,2552.2,0,0,738675.539965599,0,0,0
24773.0677831024,40,2436.8,3060.2,2645.8,0,0,738675.539966062,0,0,0
24773.1077821688,40,2350.8,2989.4,2744.8,0,0,738675.539966525,0,0,0
24773.1477812352,40,2277.6,2874.2,2827,0,0,738675.539966988,0,0,0
24773.1877803016,40,2231,2785.4,2886.4,0,0,738675.539967451,0,0,0
24773.227779368,40,2223,2753.6,2860.8,0,0,738675.539967914,0,0,0
24773.2677784344,40,2255.6,2782.8,2780.8,0,0,738675.539968377,0,0,0
24773.3077775008,40,2302.6,2834,2697.6,0,0,738675.53996884,0,0,0
24773.3477765672,40,2368.8,2877.4,2609.2,0,0,738675.539969303,0,0,0
24773.3877756336,40,2440.4,2910,2528,0,0,738675.539969766,0,0,0
24773.4277747,40,2500.6,2920.4,2481.2,0,0,738675.539970229,0,0,0
24773.4677737664,40,2517.6,2957.4,2478.8,0,0,738675.539970692,0,0,0
24773.5077728328,40,2504.8,2997.6,2512,0,0,738675.539971155,0,0,0
24773.5477718992,40,2476.4,3022.6,2557.6,0,0,738675.539971618,0,0,0
24773.5877709656,40,2436.6,3019.4,2615.4,0,0,738675.539972081,0,0,0
24773.627770032,40,2369.8,2984.8,2693.6,0,0,738675.539972544,0,0,0
24773.6677690984,40,2305.8,2924.6,2789.6,0,0,738675.539973007,0,0,0
24773.7077681648,40,2247.8,2821,2858.2,0,0,738675.53997347,0,0,0
24773.7477672312,40,2213.6,2745.8,2890.2,0,0,738675.539973933,0,0,0
24773.7877662976,40,2210.4,2738.8,2872.6,0,0,738675.539974396,0,0,0
24773.827765364,40,2239.2,2773,2824.8,0,0,738675.539974859,0,0,0
24773.8677644304,40,2280,2823.4,2749.8,0,0,738675.539975322,0,0,0
24773.9077634968,40,2336.6,2880.6,2669.4,0,0,738675.539975784,0,0,0
24773.9477625632,40,2403.4,2926.2,2595.2,0,0,738675.539976247,0,0,0
24773.9877616296,40,2468.2,2970.6,2538,0,0,738675.53997671,0,0,0
24774.027760696,40,2504.6,2979.6,2504.8,0,0,738675.539977173,0,0,0
24774.0677597624,40,2496.6,2989.4,2520.6,0,0,738675.539977636,0,0,0
24774.1077588288,40,2481.2,3020.4,2558,0,0,738675.539978099,0,0,0
24774.1477578952,40,2445.8,3015.2,2600,0,0,738675.539978562,0,0,0
24774.1877569616,40,2388.4,2989.8,2665.2,0,0,738675.539979025,0,0,0
24774.227756028,40,2327,2936,2750.4,0,0,738675.539979488,0,0,0
24774.2677550944,40,2267.2,2848.4,2819.2,0,0,738675.539979951,0,0,0
24774.3077541608,40,2235.6,2780,2860.6,0,0,738675.539980414,0,0,0
24774.3477532272,40,2243.8,2791,2843.6,0,0,738675.539980877,0,0,0
24774.3877522936,40,2291.2,2870,2778.6,0,0,738675.53998134,0,0,0
24774.42775136,40,2362.6,2974.8,2702,0,0,738675.539981803,0,0,0
24774.4677504264,40,2444.2,3029.8,2614.4,0,0,738675.539982266,0,0,0
24774.5077494928,40,2517,3059.2,2537.4,0,0,738675.539982729,0,0,0
24774.5477485592,40,2555.6,3066.8,2512,0,0,738675.539983192,0,0,0
24774.5877476256,40,2539.4,3073.8,2527.2,0,0,738675.539983655,0,0,0
24774.627746692,40,2505,3062.2,2561.2,0,0,738675.539984118,0,0,0
24774.6677457584,40,2462.6,3061.4,2606,0,0,738675.53998458,0,0,0
24774.7077448248,40,2409,3039,2668.6,0,0,738675.539985043,0,0,0
24774.7477438912,40,2344.8,2961.2,2735.6,0,0,738675.539985506,0,0,0
24774.7877429576,40,2277.2,2851.8,2782.4,0,0,738675.539985969,0,0,0
24774.827742024,40,2237.6,2761.6,2800.2,0,0,738675.539986432,0,0,0
24774.8677410904,40,2238,2750.8,2788.8,0,0,738675.539986895,0,0,0
24774.9077401568,40,2267.6,2785,2749.4,0,0,738675.539987358,0,0,0
24774.9477392232,40,2301.4,2837.8,2705.4,0,0,738675.539987821,0,0,0
24774.9877382896,40,2358.6,2925.8,2667.2,0,0,738675.539988284,0,0,0
24775.027737356,40,2425,2987,2603.4,0,0,738675.539988747,0,0,0
24775.0677364224,40,2487.4,3017,2545.8,0,0,738675.53998921,0,0,0
24775.1077354888,40,2527.8,3040.6,2515.6,0,0,738675.539989673,0,0,0
24775.1477345552,40,2524.8,3064.4,2535.2,0,0,738675.539990136,0,0,0
24775.1877336216,40,2495.2,3052.6,2563,0,0,738675.539990599,0,0,0
24775.227732688,40,2453.2,3030,2600.6,0,0,738675.539991062,0,0,0
24775.2677317544,40,2393.4,3002.6,2675.2,0,0,738675.539991525,0,0,0
24775.3077308208,40,2327.2,2934.4,2748.4,0,0,738675.539991988,0,0,0
24775.3477298872,40,2269.2,2839.6,2815.6,0,0,738675.539992451,0,0,0
24775.3877289536,40,2221.2,2748.4,2867.8,0,0,738675.539992914,0,0,0
24775.42772802,40,2196.4,2692.2,2883.4,0,0,738675.539993377,0,0,0
24775.4677270864,40,2210.8,2730.4,2865,0,0,738675.53999384,0,0,0
24775.5077261528,40,2258,2817.8,2811.8,0,0,738675.539994303,0,0,0
24775.5477252192,40,2322.6,2916,2730.8,0,0,738675.539994765,0,0,0
24775.5877242856,40,2406.8,3002.4,2649.6,0,0,738675.539995228,0,0,0
24775.627723352,40,2481,3039.8,2566.8,0,0,738675.539995691,0,0,0
24775.6677224184,40,2526.6,3045,2516.6,0,0,738675.539996154,0,0,0
24775.7077214848,40,2527,3064.6,2536.4,0,0,738675.539996617,0,0,0
24775.7477205512,40,2489.8,3048,2568.2,0,0,738675.53999708,0,0,0
24775.7877196176,40,2450.8,3047,2611.8,0,0,738675.539997543,0,0,0
24775.827718684,40,2401.2,3016.2,2671.6,0,0,738675.539998006,0,0,0
24775.8677177504,40,2335.8,2949.6,2750.6,0,0,738675.539998469,0,0,0
24775.9077168168,40,2266,2850.4,2824.6,0,0,738675.539998932,0,0,0
24775.9477158832,40,2214.8,2753.2,2881.4,0,0,738675.539999395,0,0,0
24775.9877149496,40,2195.2,2699.8,2909.6,0,0,738675.539999858,0,0,0
24776.027714016,40,2214.8,2752,2907,0,0,738675.540000321,0,0,0
24776.0677130824,40,2260.8,2847.6,2844,0,0,738675.540000784,0,0,0
24776.1077121488,40,2329.2,2929.2,2747.6,0,0,738675.540001247,0,0,0
24776.1477112152,40,2399.6,3005.6,2654.6,0,0,738675.54000171,0,0,0
24776.1877102816,40,2468.2,3029.4,2578.2,0,0,738675.540002173,0,0,0
24776.227709348,40,2519.8,3055.2,2536.8,0,0,738675.540002636,0,0,0
24776.2677084144,40,2510.6,3062.2,2546.2,0,0,738675.540003099,0,0,0
24776.3077074808,40,2466.8,3052.8,2594,0,0,738675.540003562,0,0,0
24776.3477065472,40,2417.4,3019.8,2639.8,0,0,738675.540004025,0,0,0
24776.3877056136,40,2361.6,2989.2,2721.2,0,0,738675.540004487,0,0,0
24776.42770468,40,2299.6,2914.6,2803.2,0,0,738675.54000495,0,0,0
24776.4677037464,40,2251.2,2824,2860.4,0,0,738675.540005413,0,0,0
24776.5077028128,40,2224,2755,2880.6,0,0,738675.540005876,0,0,0
24776.5477018792,40,2229,2754.6,2837.6,0,0,738675.540006339,0,0,0
24776.5877009456,40,2261,2799,2769.6,0,0,738675.540006802,0,0,0
24776.627700012,40,2317.2,2863.2,2700.6,0,0,738675.540007265,0,0,0
24776.6676990784,40,2377,2909.8,2621.8,0,0,738675.540007728,0,0,0
24776.7076981448,40,2446.8,2937,2547.4,0,0,738675.540008191,0,0,0
24776.7476972112,40,2487,2942,2498.8,0,0,738675.540008654,0,0,0
24776.7876962776,40,2514.6,2977.8,2495.8,0,0,738675.540009117,0,0,0
24776.827695344,40,2491,2993.6,2528.4,0,0,738675.54000958,0,0,0
24776.8676944104,40,2468.8,3010.8,2560.6,0,0,738675.540010043,0,0,0
24776.9076934768,40,2426,2997.8,2610.2,0,0,738675.540010506,0,0,0
24776.9476925432,40,2372.4,2985,2688.4,0,0,738675.540010969,0,0,0
24776.9876916096,40,2320,2933,2757.8,0,0,738675.540011432,0,0,0
24777.027690676,40,2287.2,2876.4,2795.4,0,0,738675.540011895,0,0,0
24777.0676897424,40,2286.2,2872.4,2787.8,0,0,738675.540012358,0,0,0
24777.1076888088,40,2315.2,2879.4,2718.6,0,0,738675.540012821,0,0,0
24777.1476878752,40,2363.2,2900.2,2637.2,0,0,738675.540013283,0,0,0
24777.1876869416,40,2421,2931,2566,0,0,738675.540013746,0,0,0
24777.227686008,40,2479.6,2940,2508.6,0,0,738675.540014209,0,0,0
24777.2676850744,40,2522.8,2947.2,2473,0,0,738675.540014672,0,0,0
24777.3076841408,40,2529.6,2969.2,2477,0,0,738675.540015135,0,0,0
24777.3476832072,40,2510.8,3005.6,2515.4,0,0,738675.540015598,0,0,0
24777.3876822736,40,2485.2,3027.6,2555.6,0,0,738675.540016061,0,0,0
24777.42768134,40,2429.6,3013.2,2616,0,0,738675.540016524,0,0,0
24777.4676804064,40,2367,2982.8,2700.2,0,0,738675.540016987,0,0,0
24777.5076794728,40,2310.8,2928.2,2782,0,0,738675.54001745,0,0,0
24777.5476785392,40,2275.4,2861.2,2808.2,0,0,738675.540017913,0,0,0
24777.5876776056,40,2290.8,2873.4,2776.4,0,0,738675.540018376,0,0,0
24777.627676672,40,2329.2,2888.6,2693.4,0,0,738675.540018839,0,0,0
24777.6676757384,40,2382.4,2900.8,2604.8,0,0,738675.540019302,0,0,0
24777.7076748048,40,2434.8,2904.8,2535,0,0,738675.540019765,0,0,0
24777.7476738712,40,2482.8,2911.2,2485.8,0,0,738675.540020228,0,0,0
24777.7876729376,40,2498.2,2916.4,2475.2,0,0,738675.540020691,0,0,0
24777.827672004,40,2477.8,2946.2,2510,0,0,738675.540021154,0,0,0
24777.8676710704,40,2453.2,2957,2545.6,0,0,738675.540021617,0,0,0
24777.9076701368,40,2414.2,2954.8,2596,0,0,738675.54002208,0,0,0
24777.9476692032,40,2361,2922.6,2660.2,0,0,738675.540022543,0,0,0
24777.9876682696,40,2301.6,2883.8,2753.6,0,0,738675.540023006,0,0,0
24778.027667336,40,2254.4,2813.8,2826,0,0,738675.540023468,0,0,0
24778.0676664024,40,2226.8,2775.8,2884.8,0,0,738675.540023931,0,0,0
24778.1076654688,40,2239.2,2798,2870.6,0,0,738675.540024394,0,0,0
24778.1476645352,40,2279.4,2869.6,2829.2,0,0,738675.540024857,0,0,0
24778.1876636016,40,2336,2948,2739.2,0,0,738675.54002532,0,0,0
24778.227662668,40,2410.8,2991,2639.4,0,0,738675.540025783,0,0,0
24778.2676617344,40,2487.6,3028,2555,0,0,738675.540026246,0,0,0
24778.3076608008,40,2529.8,3012.4,2495.4,0,0,738675.540026709,0,0,0
24778.3476598672,40,2558.6,3055.4,2494.6,0,0,738675.540027172,0,0,0
24778.3876589336,40,2526,3060.8,2531.6,0,0,738675.540027635,0,0,0
24778.427658,40,2482.8,3064.6,2583,0,0,738675.540028098,0,0,0
24778.4676570664,40,2421.2,3038,2653.4,0,0,738675.540028561,0,0,0
24778.5076561328,40,2359.2,2992.8,2733.8,0,0,738675.540029024,0,0,0
24778.5476551992,40,2307,2936.2,2799.6,0,0,738675.540029487,0,0,0
24778.5876542656,40,2288,2889.8,2808.6,0,0,738675.54002995,0,0,0
24778.627653332,40,2316.2,2904,2746.6,0,0,738675.540030413,0,0,0
24778.6676523984,40,2372.2,2928.4,2646,0,0,738675.540030876,0,0,0
24778.7076514648,40,2439.4,2937.6,2541.2,0,0,738675.540031339,0,0,0
24778.7476505312,40,2513.4,2948,2482.2,0,0,738675.540031802,0,0,0
24778.7876495976,40,2566.8,2944,2437.8,0,0,738675.540032265,0,0,0
24778.827648664,40,2570.4,2938.8,2431.6,0,0,738675.540032728,0,0,0
24778.8676477304,40,2558.4,2991.4,2466.8,0,0,738675.540033191,0,0,0
24778.9076467968,40,2517.2,3014,2511,0,0,738675.540033653,0,0,0
24778.9476458632,40,2469.6,3018.4,2569.2,0,0,738675.540034116,0,0,0
24778.9876449296,40,2392.8,2982.6,2649,0,0,738675.540034579,0,0,0
24779.027643996,40,2326.8,2931.8,2745.2,0,0,738675.540035042,0,0,0
24779.0676430624,40,2271,2840.8,2800.6,0,0,738675.540035505,0,0,0
24779.1076421288,40,2248,2803,2824.2,0,0,738675.540035968,0,0,0
24779.1476411952,40,2271,2815.2,2761.6,0,0,738675.540036431,0,0,0
24779.1876402616,40,2317.4,2880.4,2702.4,0,0,738675.540036894,0,0,0
24779.227639328,40,2383.6,2918,2615,0,0,738675.540037357,0,0,0
24779.2676383944,40,2450,2942.4,2540.2,0,0,738675.54003782,0,0,0
24779.3076374608,40,2503,2960.8,2495.8,0,0,738675.540038283,0,0,0
24779.3476365272,40,2513.2,2961.4,2485,0,0,738675.540038746,0,0,0
24779.3876355936,40,2504.8,3017.6,2526.4,0,0,738675.540039209,0,0,0
24779.42763466,40,2474.8,3031.6,2575.4,0,0,738675.540039672,0,0,0
24779.4676337264,40,2431.8,3027.4,2632.8,0,0,738675.540040135,0,0,0
24779.5076327928,40,2354.2,2968.8,2702.6,0,0,738675.540040598,0,0,0
24779.5476318592,40,2294.2,2900,2806,0,0,738675.540041061,0,0,0
24779.5876309256,40,2235.8,2794.8,2871.4,0,0,738675.540041524,0,0,0
24779.627629992,40,2202.6,2720.2,2910,0,0,738675.540041987,0,0,0
24779.6676290584,40,2198,2712.4,2910.8,0,0,738675.540042449,0,0,0
24779.7076281248,40,2230,2782.8,2891,0,0,738675.540042912,0,0,0
24779.7476271912,40,2278.6,2874.4,2824,0,0,738675.540043375,0,0,0
24779.7876262576,40,2342.8,2964,2745,0,0,738675.540043838,0,0,0
24779.827625324,40,2412.8,3027.2,2653.4,0,0,738675.540044301,0,0,0
24779.8676243904,40,2483,3054.6,2581.2,0,0,738675.540044764,0,0,0
24779.9076234568,40,2516.6,3055.6,2539.8,0,0,738675.540045227,0,0,0
24779.9476225232,40,2506.6,3055.2,2550.2,0,0,738675.54004569,0,0,0
24779.9876215896,40,2477.8,3067.8,2596.2,0,0,738675.540046153,0,0,0
24780.027620656,40,2428.8,3035.4,2625.4,0,0,738675.540046616,0,0,0
24780.0676197224,40,2371.6,2974.2,2685.6,0,0,738675.540047079,0,0,0
24780.1076187888,40,2305,2888.8,2748.4,0,0,738675.540047542,0,0,0
24780.1476178552,40,2252,2790.2,2792.8,0,0,738675.540048005,0,0,0
24780.1876169216,40,2227.2,2733.4,2809.4,0,0,738675.540048468,0,0,0
24780.227615988,40,2244.2,2785.8,2818.6,0,0,738675.540048931,0,0,0
24780.2676150544,40,2296.6,2881.2,2763.6,0,0,738675.540049394,0,0,0
24780.3076141208,40,2379,3000.8,2695.2,0,0,738675.540049857,0,0,0
24780.3476131872,40,2446.4,3048.4,2616.8,0,0,738675.54005032,0,0,0
24780.3876122536,40,2500.2,3069.2,2562.4,0,0,738675.540050783,0,0,0
24780.42761132,40,2510.8,3057,2544.6,0,0,738675.540051246,0,0,0
24780.4676103864,40,2488.6,3064,2576.8,0,0,738675.540051709,0,0,0
24780.5076094528,40,2454.6,3057,2618.6,0,0,738675.540052172,0,0,0
24780.5476085192,40,2410.2,3035.4,2667.4,0,0,738675.540052634,0,0,0
24780.5876075856,40,2351.8,2972,2721.4,0,0,738675.540053097,0,0,0
24780.627606652,40,2304.2,2914,2783,0,0,738675.54005356,0,0,0
24780.6676057184,40,2265.4,2830.4,2810.8,0,0,738675.540054023,0,0,0
24780.7076047848,40,2252.8,2806.8,2801.6,0,0,738675.540054486,0,0,0
24780.7476038512,40,2284.6,2824.4,2728.2,0,0,738675.540054949,0,0,0
24780.7876029176,40,2340,2869.2,2652,0,0,738675.540055412,0,0,0
24780.827601984,40,2405.2,2898.6,2568.2,0,0,738675.540055875,0,0,0
24780.8676010504,40,2466,2912.2,2507.8,0,0,738675.540056338,0,0,0
24780.9076001168,40,2504.8,2922.8,2470,0,0,738675.540056801,0,0,0
24780.9475991832,40,2502.6,2914,2467.8,0,0,738675.540057264,0,0,0
24780.9875982496,40,2491,2955.8,2504.8,0,0,738675.540057727,0,0,0
24781.027597316,40,2463.4,2976.8,2539.2,0,0,738675.54005819,0,0,0
24781.0675963824,40,2432.6,2974.2,2589.6,0,0,738675.540058653,0,0,0
24781.1075954488,40,2379.4,2953.2,2652.2,0,0,738675.540059116,0,0,0
24781.1475945152,40,2332.2,2930.4,2727.2,0,0,738675.540059579,0,0,0
24781.1875935816,40,2298.6,2897.4,2778.8,0,0,738675.540060042,0,0,0
24781.227592648,40,2312.8,2909.4,2756.8,0,0,738675.540060505,0,0,0
24781.2675917144,40,2356,2941,2681.6,0,0,738675.540060968,0,0,0
24781.3075907808,40,2422,2964.4,2592.6,0,0,738675.540061431,0,0,0
24781.3475898472,40,2482,2970,2518.6,0,0,738675.540061894,0,0,0
24781.3875889136,40,2528.6,2968,2474.8,0,0,738675.540062357,0,0,0
24781.42758798,40,2534.6,2957.4,2465.2,0,0,738675.540062819,0,0,0
24781.4675870464,40,2513.6,2974.6,2492.4,0,0,738675.540063282,0,0,0
24781.5075861128,40,2479.4,2995.8,2545,0,0,738675.540063745,0,0,0
24781.5475851792,40,2429.6,2988.8,2598,0,0,738675.540064208,0,0,0
24781.5875842456,40,2369,2954.4,2680.8,0,0,738675.540064671,0,0,0
24781.627583312,40,2299.6,2896.6,2772.6,0,0,738675.540065134,0,0,0
24781.6675823784,40,2242.8,2805,2850,0,0,738675.540065597,0,0,0
24781.7075814448,40,2212.8,2735,2888,0,0,738675.54006606,0,0,0
24781.7475805112,40,2219.8,2740.4,2842.2,0,0,738675.540066523,0,0,0
24781.7875795776,40,2256.6,2781.8,2777,0,0,738675.540066986,0,0,0
24781.827578644,40,2299.2,2817.8,2680,0,0,738675.540067449,0,0,0
24781.8675777104,40,2369,2861.2,2591,0,0,738675.540067912,0,0,0
24781.9075767768,40,2447.8,2911.6,2522.8,0,0,738675.540068375,0,0,0
24781.9475758432,40,2507.6,2927.6,2472.2,0,0,738675.540068838,0,0,0
24781.9875749096,40,2532.8,2996.2,2486.8,0,0,738675.540069301,0,0,0
24782.027573976,40,2522.8,3051.2,2528.6,0,0,738675.540069764,0,0,0
24782.0675730424,40,2501.2,3057.6,2563,0,0,738675.540070227,0,0,0
24782.1075721088,40,2468,3046.6,2596.4,0,0,738675.54007069,0,0,0
24782.1475711752,40,2415.4,3032.2,2657.8,0,0,738675.540071153,0,0,0
24782.1875702416,40,2361,2994.8,2735.8,0,0,738675.540071615,0,0,0
24782.227569308,40,2315.2,2944.4,2799.2,0,0,738675.540072078,0,0,0
24782.2675683744,40,2293.2,2897.2,2801.4,0,0,738675.540072541,0,0,0
24782.3075674408,40,2285.6,2859.8,2769.4,0,0,738675.540073004,0,0,0
24782.3475665072,40,2286.4,2810,2718.6,0,0,738675.540073467,0,0,0
24782.3875655736,40,2277.6,2762,2686.6,0,0,738675.54007393,0,0,0
24782.42756464,40,2286.2,2805.8,2707.4,0,0,738675.540074393,0,0,0
24782.4675637064,40,2288.2,2832.8,2734.6,0,0,738675.540074856,0,0,0
24782.5075627728,40,2287.4,2853,2762.2,0,0,738675.540075319,0,0,0
24782.5475618392,40,2281.8,2847.6,2774.2,0,0,738675.540075782,0,0,0
24782.5875609056,40,2279.4,2839.6,2775,0,0,738675.540076245,0,0,0
24782.627559972,40,2271,2806.6,2754.2,0,0,738675.540076708,0,0,0
24782.6675590384,40,2265.2,2771.2,2742,0,0,738675.540077171,0,0,0
24782.7075581048,40,2255,2747,2734.8,0,0,738675.540077634,0,0,0
24782.7475571712,40,2250,2756.4,2747.8,0,0,738675.540078097,0,0,0
24782.7875562376,40,2252.6,2777,2776.6,0,0,738675.54007856,0,0,0
24782.827555304,40,2249.4,2794.8,2816.6,0,0,738675.540079023,0,0,0
24782.8675543704,40,2244.8,2807,2839.4,0,0,738675.540079486,0,0,0
24782.9075534368,40,2242.2,2810.2,2858.6,0,0,738675.540079949,0,0,0
24782.9475525032,40,2243.4,2813,2876,0,0,738675.540080412,0,0,0
24782.9875515696,40,2237.8,2807.6,2887.6,0,0,738675.540080875,0,0,0
24783.027550636,40,2233.6,2801.4,2893.4,0,0,738675.540081338,0,0,0
24783.0675497024,40,2228.8,2787.8,2896.8,0,0,738675.5400818,0,0,0
24783.1075487688,40,2223.8,2773.2,2899.4,0,0,738675.540082263,0,0,0
24783.1475478352,40,2218.8,2752.2,2891.6,0,0,738675.540082726,0,0,0
24783.1875469016,40,2216,2737.8,2887,0,0,738675.540083189,0,0,0
24783.227545968,40,2211.4,2734.8,2882.6,0,0,738675.540083652,0,0,0
24783.2675450344,40,2211.6,2734.4,2877,0,0,738675.540084115,0,0,0
24783.3075441008,40,2223.4,2767.4,2877,0,0,738675.540084578,0,0,0
24783.3475431672,40,2246.2,2809.2,2846.2,0,0,738675.540085041,0,0,0
24783.3875422336,40,2282,2871.4,2810.2,0,0,738675.540085504,0,0,0
24783.4275413,40,2327.6,2935,2755.4,0,0,738675.540085967,0,0,0
24783.4675403664,40,2384,2992.2,2680,0,0,738675.54008643,0,0,0
24783.5075394328,40,2453.6,3029.2,2601.6,0,0,738675.540086893,0,0,0
24783.5475384992,40,2525.4,3051.6,2530.4,0,0,738675.540087356,0,0,0
24783.5875375656,40,2593.6,3048.2,2474.4,0,0,738675.540087819,0,0,0
24783.627536632,40,2634.4,3023.2,2431.2,0,0,738675.540088282,0,0,0
24783.6675356984,40,2648.2,2992.2,2406.6,0,0,738675.540088745,0,0,0
24783.7075347648,40,2646.6,2980.4,2405,0,0,738675.540089208,0,0,0
24783.7475338312,40,2623.2,2983.6,2422,0,0,738675.540089671,0,0,0
24783.7875328976,40,2593.8,2988.6,2438.6,0,0,738675.540090134,0,0,0
24783.827531964,40,2565.2,2982.6,2455.6,0,0,738675.540090597,0,0,0
24783.8675310304,40,2540.8,2992.2,2483.8,0,0,738675.54009106,0,0,0
24783.9075300968,40,2507.6,3014.4,2522.6,0,0,738675.540091523,0,0,0
24783.9475291632,40,2443.8,2990.8,2583.2,0,0,738675.540091985,0,0,0
24783.9875282296,40,2370.2,2928.2,2645.6,0,0,738675.540092448,0,0,0
24784.027527296,40,2311.8,2851,2697,0,0,738675.540092911,0,0,0
24784.0675263624,40,2271.8,2782.8,2725.2,0,0,738675.540093374,0,0,0
24784.1075254288,40,2273,2778.8,2715.6,0,0,738675.540093837,0,0,0
24784.1475244952,40,2323.8,2852,2672.4,0,0,738675.5400943,0,0,0
24784.1875235616,40,2418.8,2930.2,2573.2,0,0,738675.540094763,0,0,0
24784.227522628,40,2559.8,2952.4,2446.8,0,0,738675.540095226,0,0,0
24784.2675216944,40,2744,2904.2,2331.4,0,0,738675.540095689,0,0,0
24784.3075207608,40,2892.2,2768.6,2243.8,0,0,738675.540096152,0,0,0
24784.3475198272,40,2973.6,2617.4,2180.8,0,0,738675.540096615,0,0,0
24784.3875188936,40,2984.6,2498.2,2137.2,0,0,738675.540097078,0,0,0
24784.42751796,40,2947.8,2401.6,2109,0,0,738675.540097541,0,0,0
24784.4675170264,40,2875.8,2335,2090.8,0,0,738675.540098004,0,0,0
24784.5075160928,40,2816.6,2293.2,2081.6,0,0,738675.540098467,0,0,0
24784.5475151592,40,2787.8,2284.8,2076.6,0,0,738675.54009893,0,0,0
24784.5875142256,40,2812.2,2313.6,2090,0,0,738675.540099393,0,0,0
24784.627513292,40,2837.6,2373.8,2109.6,0,0,738675.540099856,0,0,0
24784.6675123584,40,2860.4,2467,2140.2,0,0,738675.540100318,0,0,0
24784.7075114248,40,2853.8,2608.4,2193.6,0,0,738675.540100781,0,0,0
24784.7475104912,40,2746.4,2767.2,2280.6,0,0,738675.540101244,0,0,0
24784.7875095576,40,2579,2869,2395.2,0,0,738675.540101707,0,0,0
24784.827508624,40,2433.6,2892.2,2523.4,0,0,738675.54010217,0,0,0
24784.8675076904,40,2339.4,2859.4,2640.2,0,0,738675.540102633,0,0,0
24784.9075067568,40,2309.8,2815.4,2666.6,0,0,738675.540103096,0,0,0
24784.9475058232,40,2359,2857,2610.4,0,0,738675.540103559,0,0,0
24784.9875048896,40,2447,2899,2515.2,0,0,738675.540104022,0,0,0
24785.027503956,40,2579.2,2879.8,2399.4,0,0,738675.540104485,0,0,0
24785.0675030224,40,2714.6,2783.6,2294.4,0,0,738675.540104948,0,0,0
24785.1075020888,40,2814.4,2656.6,2218,0,0,738675.540105411,0,0,0
24785.1475011552,40,2864.2,2533.2,2168.4,0,0,738675.540105874,0,0,0
24785.1875002216,40,2870.2,2441,2128.8,0,0,738675.540106337,0,0,0
24785.227499288,40,2853.6,2368.8,2105.4,0,0,738675.5401068,0,0,0
24785.2674983544,40,2818.8,2326.2,2095.8,0,0,738675.540107263,0,0,0
24785.3074974208,40,2789.4,2301.8,2087.4,0,0,738675.540107726,0,0,0
24785.3474964872,40,2799.8,2317.6,2088.8,0,0,738675.540108189,0,0,0
24785.3874955536,40,2813.8,2342.4,2098.4,0,0,738675.540108652,0,0,0
24785.42749462,40,2836.2,2398.6,2121.6,0,0,738675.540109115,0,0,0
24785.4674936864,40,2860.2,2492.6,2152.6,0,0,738675.540109578,0,0,0
24785.5074927528,40,2849.4,2640.8,2208,0,0,738675.540110041,0,0,0
24785.5474918192,40,2735.4,2802.8,2298.4,0,0,738675.540110503,0,0,0
24785.5874908856,40,2562.4,2914,2425.4,0,0,738675.540110966,0,0,0
24785.627489952,40,2405.6,2897.6,2565.2,0,0,738675.540111429,0,0,0
24785.6674890184,40,2306.4,2805.8,2672.6,0,0,738675.540111892,0,0,0
24785.7074880848,40,2303.4,2799.8,2661,0,0,738675.540112355,0,0,0
24785.7474871512,40,2380.4,2874.2,2584.4,0,0,738675.540112818,0,0,0
24785.7874862176,40,2488.8,2895.8,2468,0,0,738675.540113281,0,0,0
24785.827485284,40,2622.6,2844,2359.8,0,0,738675.540113744,0,0,0
24785.8674843504,40,2752.8,2747.2,2266.4,0,0,738675.540114207,0,0,0
24785.9074834168,40,2860,2628.8,2196.6,0,0,738675.54011467,0,0,0
24785.9474824832,40,2917.6,2507.8,2151.4,0,0,738675.540115133,0,0,0
24785.9874815496,40,2904.4,2409.6,2118,0,0,738675.540115596,0,0,0
24786.027480616,40,2852,2333.2,2094.6,0,0,738675.540116059,0,0,0
24786.0674796824,40,2794.6,2288.2,2080.2,0,0,738675.540116522,0,0,0
24786.1074787488,40,2756.6,2262.2,2073,0,0,738675.540116985,0,0,0
24786.1474778152,40,2759.4,2268.8,2070.8,0,0,738675.540117448,0,0,0
24786.1874768816,40,2794.8,2289.8,2079.8,0,0,738675.540117911,0,0,0
24786.227475948,40,2834.8,2334.6,2094.4,0,0,738675.540118374,0,0,0
24786.2674750144,40,2867.6,2410.2,2120.2,0,0,738675.540118837,0,0,0
24786.3074740808,40,2887.8,2521,2157.4,0,0,738675.5401193,0,0,0
24786.3474731472,40,2844.6,2672.4,2220.8,0,0,738675.540119763,0,0,0
24786.3874722136,40,2713.4,2825.6,2312.4,0,0,738675.540120226,0,0,0
24786.42747128,40,2538.8,2905.6,2435.8,0,0,738675.540120688,0,0,0
24786.4674703464,40,2397.8,2877.4,2565.2,0,0,738675.540121151,0,0,0
24786.5074694128,40,2314,2832.4,2674.2,0,0,738675.540121614,0,0,0
24786.5474684792,40,2304.4,2816.4,2683,0,0,738675.540122077,0,0,0
24786.5874675456,40,2368.4,2867.6,2601.6,0,0,738675.54012254,0,0,0
24786.627466612,40,2473.2,2887.6,2479,0,0,738675.540123003,0,0,0
24786.6674656784,40,2605.2,2848.6,2365.8,0,0,738675.540123466,0,0,0
24786.7074647448,40,2748,2758.6,2274,0,0,738675.540123929,0,0,0
24786.7474638112,40,2853,2641.4,2203.4,0,0,738675.540124392,0,0,0
24786.7874628776,40,2921.2,2525.6,2154.4,0,0,738675.540124855,0,0,0
24786.827461944,40,2923.6,2432.2,2124,0,0,738675.540125318,0,0,0
24786.8674610104,40,2884.6,2359.4,2101.2,0,0,738675.540125781,0,0,0
24786.9074600768,40,2845,2316.6,2088.2,0,0,738675.540126244,0,0,0
24786.9474591432,40,2809.6,2291.4,2082.6,0,0,738675.540126707,0,0,0
24786.9874582096,40,2808.8,2293,2079.8,0,0,738675.54012717,0,0,0
24787.027457276,40,2828.2,2307.8,2088,0,0,738675.540127633,0,0,0
24787.0674563424,40,2848.8,2349.8,2100,0,0,738675.540128096,0,0,0
24787.1074554088,40,2853.2,2409,2120.8,0,0,738675.540128559,0,0,0
24787.1474544752,40,2855,2484.6,2149.4,0,0,738675.540129022,0,0,0
24787.1874535416,40,2850.8,2603,2193.8,0,0,738675.540129484,0,0,0
24787.227452608,40,2788.2,2734.8,2255.8,0,0,738675.540129947,0,0,0
24787.2674516744,40,2659.4,2849.2,2342.4,0,0,738675.54013041,0,0,0
24787.3074507408,40,2506.4,2886.6,2452.2,0,0,738675.540130873,0,0,0
24787.3474498072,40,2403.8,2885,2568.8,0,0,738675.540131336,0,0,0
24787.3874488736,40,2329.4,2880.4,2674.4,0,0,738675.540131799,0,0,0
24787.42744794,40,2296.6,2852.6,2737,0,0,738675.540132262,0,0,0
24787.4674470064,40,2314.2,2838.2,2679,0,0,738675.540132725,0,0,0
24787.5074460728,40,2367.8,2843.8,2576.4,0,0,738675.540133188,0,0,0
24787.5474451392,40,2502.2,2901.6,2472,0,0,738675.540133651,0,0,0
24787.5874442056,40,2643.6,2872.8,2359,0,0,738675.540134114,0,0,0
24787.627443272,40,2795.8,2783.4,2266.6,0,0,738675.540134577,0,0,0
24787.6674423384,40,2904.4,2656.2,2202,0,0,738675.54013504,0,0,0
24787.7074414048,40,2948.2,2534.4,2155.2,0,0,738675.540135503,0,0,0
24787.7474404712,40,2942.4,2437.8,2121.4,0,0,738675.540135966,0,0,0
24787.7874395376,40,2903.2,2364.4,2100,0,0,738675.540136429,0,0,0
24787.827438604,40,2853.4,2318.6,2088,0,0,738675.540136892,0,0,0
24787.8674376704,40,2817.8,2294.2,2079.4,0,0,738675.540137355,0,0,0
24787.9074367368,40,2818.6,2304.4,2086.2,0,0,738675.540137818,0,0,0
24787.9474358032,40,2838,2335.4,2093.2,0,0,738675.540138281,0,0,0
24787.9874348696,40,2847.6,2395.8,2117.8,0,0,738675.540138744,0,0,0
24788.027433936,40,2848.4,2481.2,2151.2,0,0,738675.540139207,0,0,0
24788.0674330024,40,2829.4,2604,2194.6,0,0,738675.540139669,0,0,0
24788.1074320688,40,2763.8,2743.4,2261.6,0,0,738675.540140132,0,0,0
24788.1474311352,40,2650.6,2867.4,2355.4,0,0,738675.540140595,0,0,0
24788.1874302016,40,2519.4,2920.4,2461.8,0,0,738675.540141058,0,0,0
24788.227429268,40,2421.6,2894,2545.8,0,0,738675.540141521,0,0,0
24788.2674283344,40,2394.8,2850.2,2542.6,0,0,738675.540141984,0,0,0
24788.3074274008,40,2479.2,2905.8,2488.8,0,0,738675.540142447,0,0,0
24788.3474264672,40,2577.4,2902.6,2407.4,0,0,738675.54014291,0,0,0
24788.3874255336,40,2694,2849.4,2331.6,0,0,738675.540143373,0,0,0
24788.4274246,40,2817.4,2762.6,2254.8,0,0,738675.540143836,0,0,0
24788.4674236664,40,2905.8,2661.6,2202.2,0,0,738675.540144299,0,0,0
24788.5074227328,40,2956.4,2551.6,2159.6,0,0,738675.540144762,0,0,0
24788.5474217992,40,2952.2,2460.8,2127.2,0,0,738675.540145225,0,0,0
24788.5874208656,40,2939.8,2391.8,2105.6,0,0,738675.540145688,0,0,0
24788.627419932,40,2886.4,2339.6,2090.4,0,0,738675.540146151,0,0,0
24788.6674189984,40,2850.4,2310.2,2085,0,0,738675.540146614,0,0,0
24788.7074180648,40,2836,2308,2086,0,0,738675.540147077,0,0,0
24788.7474171312,40,2855,2331,2094,0,0,738675.54014754,0,0,0
24788.7874161976,40,2881.4,2365.4,2103.8,0,0,738675.540148003,0,0,0
24788.827415264,40,2889.4,2416.8,2122.8,0,0,738675.540148466,0,0,0
24788.8674143304,40,2901.6,2495.8,2148.2,0,0,738675.540148929,0,0,0
24788.9074133968,40,2880.8,2610.8,2188.6,0,0,738675.540149392,0,0,0
24788.9474124632,40,2791.2,2738,2260,0,0,738675.540149854,0,0,0
24788.9874115296,40,2628,2811.4,2342.6,0,0,738675.540150317,0,0,0
24789.027410596,40,2511.2,2876,2439,0,0,738675.54015078,0,0,0
24789.0674096624,40,2435.4,2921.6,2542.6,0,0,738675.540151243,0,0,0
24789.1074087288,40,2397.6,2913.4,2592.2,0,0,738675.540151706,0,0,0
24789.1474077952,40,2422.2,2889,2536.2,0,0,738675.540152169,0,0,0
24789.1874068616,40,2499.8,2872.8,2452.4,0,0,738675.540152632,0,0,0
24789.227405928,40,2618.4,2848,2359.8,0,0,738675.540153095,0,0,0
24789.2674049944,40,2765.6,2793.4,2280.2,0,0,738675.540153558,0,0,0
24789.3074040608,40,2865.4,2684.8,2219.8,0,0,738675.540154021,0,0,0
24789.3474031272,40,2944,2586.8,2172.6,0,0,738675.540154484,0,0,0
24789.3874021936,40,2966.6,2496.4,2140.6,0,0,738675.540154947,0,0,0
24789.42740126,40,2962.4,2417.4,2111.2,0,0,738675.54015541,0,0,0
24789.4674003264,40,2919.6,2361.4,2097.4,0,0,738675.540155873,0,0,0
24789.5073993928,40,2871.4,2324.6,2087.8,0,0,738675.540156336,0,0,0
24789.5473984592,40,2845,2302.8,2084.6,0,0,738675.540156799,0,0,0
24789.5873975256,40,2841.8,2313.6,2086.4,0,0,738675.540157262,0,0,0
24789.627396592,40,2841.2,2334.8,2095,0,0,738675.540157725,0,0,0
24789.6673956584,40,2842,2380.6,2109.4,0,0,738675.540158188,0,0,0
24789.7073947248,40,2846.6,2449.2,2137.6,0,0,738675.54015865,0,0,0
24789.7473937912,40,2858.2,2550.6,2175,0,0,738675.540159113,0,0,0
24789.7873928576,40,2828.4,2697,2231.2,0,0,738675.540159576,0,0,0
24789.827391924,40,2716.8,2828.8,2312.2,0,0,738675.540160039,0,0,0
24789.8673909904,40,2581.6,2907.4,2411.4,0,0,738675.540160502,0,0,0
24789.9073900568,40,2458.4,2898.8,2504,0,0,738675.540160965,0,0,0
24789.9473891232,40,2393.2,2872.6,2574.6,0,0,738675.540161428,0,0,0
24789.9873881896,40,2394.2,2868.6,2564.4,0,0,738675.540161891,0,0,0
24790.027387256,40,2473.6,2883.6,2483.6,0,0,738675.540162354,0,0,0
24790.0673863224,40,2588.4,2857.8,2381.2,0,0,738675.540162817,0,0,0
24790.1073853888,40,2707.4,2772.2,2289.8,0,0,738675.54016328,0,0,0
24790.1473844552,40,2830.4,2673.4,2219.2,0,0,738675.540163743,0,0,0
24790.1873835216,40,2892.4,2544.2,2167,0,0,738675.540164206,0,0,0
24790.227382588,40,2918.4,2452.6,2130.8,0,0,738675.540164669,0,0,0
24790.2673816544,40,2900.8,2376.2,2103.8,0,0,738675.540165132,0,0,0
24790.3073807208,40,2855,2315.2,2087.6,0,0,738675.540165595,0,0,0
24790.3473797872,40,2803.6,2279.2,2079.4,0,0,738675.540166058,0,0,0
24790.3873788536,40,2772.6,2266.2,2073.4,0,0,738675.540166521,0,0,0
24790.42737792,40,2774.8,2270.8,2073.4,0,0,738675.540166984,0,0,0
24790.4673769864,40,2807.8,2296.8,2083.8,0,0,738675.540167447,0,0,0
24790.5073760528,40,2826.4,2333,2097.2,0,0,738675.54016791,0,0,0
24790.5473751192,40,2833,2391.4,2117.4,0,0,738675.540168373,0,0,0
24790.5873741856,40,2850,2473,2150.2,0,0,738675.540168835,0,0,0
24790.627373252,40,2867.6,2596,2189,0,0,738675.540169298,0,0,0
24790.6673723184,40,2807.6,2725.6,2247.8,0,0,738675.540169761,0,0,0
24790.7073713848,40,2704.6,2858.2,2334.2,0,0,738675.540170224,0,0,0
24790.7473704512,40,2569.8,2912.6,2423.4,0,0,738675.540170687,0,0,0
24790.7873695176,40,2468.2,2916.2,2503,0,0,738675.54017115,0,0,0
24790.827368584,40,2429,2861.8,2514,0,0,738675.540171613,0,0,0
24790.8673676504,40,2505.8,2898.6,2461.2,0,0,738675.540172076,0,0,0
24790.9073667168,40,2616,2888.6,2385.2,0,0,738675.540172539,0,0,0
24790.9473657832,40,2725.6,2823.4,2306.4,0,0,738675.540173002,0,0,0
24790.9873648496,40,2818.6,2717.8,2236.8,0,0,738675.540173465,0,0,0
24791.027363916,40,2903,2616.4,2191.8,0,0,738675.540173928,0,0,0
24791.0673629824,40,2938.8,2523.6,2151.2,0,0,738675.540174391,0,0,0
24791.1073620488,40,2952,2450.2,2123.8,0,0,738675.540174854,0,0,0
24791.1473611152,40,2919.8,2377.6,2104.4,0,0,738675.540175317,0,0,0
24791.1873601816,40,2881,2333.6,2091,0,0,738675.54017578,0,0,0
24791.227359248,40,2835.6,2302,2080.8,0,0,738675.540176243,0,0,0
24791.2673583144,40,2815.8,2287.4,2077.8,0,0,738675.540176706,0,0,0
24791.3073573808,40,2831.2,2300.2,2082.8,0,0,738675.540177169,0,0,0
24791.3473564472,40,2849.4,2331.6,2091.8,0,0,738675.540177632,0,0,0
24791.3873555136,40,2845.2,2367.8,2108.8,0,0,738675.540178095,0,0,0
24791.42735458,40,2842.2,2433.8,2129.6,0,0,738675.540178558,0,0,0
24791.4673536464,40,2838,2518.4,2165.6,0,0,738675.54017902,0,0,0
24791.5073527128,40,2833,2646,2210,0,0,738675.540179483,0,0,0
24791.5473517792,40,2759.8,2786,2280,0,0,738675.540179946,0,0,0
24791.5873508456,40,2635.6,2880.2,2371.8,0,0,738675.540180409,0,0,0
24791.627349912,40,2507.4,2898.2,2461.2,0,0,738675.540180872,0,0,0
24791.6673489784,40,2431,2876.4,2527.4,0,0,738675.540181335,0,0,0
24791.7073480448,40,2419.2,2888.6,2546.4,0,0,738675.540181798,0,0,0
24791.7473471112,40,2456.4,2887.8,2501.2,0,0,738675.540182261,0,0,0
24791.7873461776,40,2529.6,2888,2436.4,0,0,738675.540182724,0,0,0
24791.827345244,40,2612.4,2861,2367.4,0,0,738675.540183187,0,0,0
24791.8673443104,40,2697.4,2825,2316.4,0,0,738675.54018365,0,0,0
24791.9073433768,40,2773.8,2776,2271.8,0,0,738675.540184113,0,0,0
24791.9473424432,40,2837.2,2741.6,2242.6,0,0,738675.540184576,0,0,0
24791.9873415096,40,2881.6,2711.6,2223.4,0,0,738675.540185039,0,0,0
24792.027340576,40,2910.4,2707.4,2217.8,0,0,738675.540185502,0,0,0
24792.0673396424,40,2924.6,2719,2218.8,0,0,738675.540185965,0,0,0
24792.1073387088,40,2920.8,2739.4,2223.4,0,0,738675.540186428,0,0,0
24792.1473377752,40,2913,2755.2,2231,0,0,738675.540186891,0,0,0
24792.1873368416,40,2916.2,2786,2241,0,0,738675.540187354,0,0,0
24792.227335908,40,2909.8,2820.6,2256.2,0,0,738675.540187816,0,0,0
24792.2673349744,40,2876.6,2869.2,2277.4,0,0,738675.540188279,0,0,0
24792.3073340408,40,2819.6,2928,2313.4,0,0,738675.540188742,0,0,0
24792.3473331072,40,2736,3000.2,2370.6,0,0,738675.540189205,0,0,0
24792.3873321736,40,2617.6,3042,2452.6,0,0,738675.540189668,0,0,0
24792.42733124,40,2487.8,3023.4,2546,0,0,738675.540190131,0,0,0
24792.4673303064,40,2389.8,2957.4,2638.2,0,0,738675.540190594,0,0,0
24792.5073293728,40,2320.4,2870.8,2693.6,0,0,738675.540191057,0,0,0
24792.5473284392,40,2314,2814.6,2657.8,0,0,738675.54019152,0,0,0
24792.5873275056,40,2384.2,2885.4,2587.8,0,0,738675.540191983,0,0,0
24792.627326572,40,2487.2,2935.6,2492.4,0,0,738675.540192446,0,0,0
24792.6673256384,40,2630.8,2941.8,2398.8,0,0,738675.540192909,0,0,0
24792.7073247048,40,2770,2884.6,2316.8,0,0,738675.540193372,0,0,0
24792.7473237712,40,2887,2798.8,2250,0,0,738675.540193835,0,0,0
24792.7873228376,40,2964,2713.8,2210,0,0,738675.540194298,0,0,0
24792.827321904,40,2993.4,2632.8,2181.8,0,0,738675.540194761,0,0,0
24792.8673209704,40,3011.2,2591.4,2163.6,0,0,738675.540195224,0,0,0
24792.9073200368,40,3018.2,2578,2159.8,0,0,738675.540195687,0,0,0
24792.9473191032,40,3005.6,2596.2,2168,0,0,738675.54019615,0,0,0
24792.9873181696,40,3003.8,2642.8,2179,0,0,738675.540196613,0,0,0
24793.027317236,40,2981.4,2691.6,2202.4,0,0,738675.540197076,0,0,0
24793.0673163024,40,2947.4,2760,2228,0,0,738675.540197538,0,0,0
24793.1073153688,40,2887,2845.2,2269,0,0,738675.540198001,0,0,0
24793.1473144352,40,2788.8,2932.6,2326.4,0,0,738675.540198464,0,0,0
24793.1873135016,40,2662.2,3007,2411.2,0,0,738675.540198927,0,0,0
24793.227312568,40,2523.6,3011.6,2509,0,0,738675.54019939,0,0,0
24793.2673116344,40,2413.6,2963.4,2602.2,0,0,738675.540199853,0,0,0
24793.3073107008,40,2341.4,2893.8,2671.8,0,0,738675.540200316,0,0,0
24793.3473097672,40,2327.2,2844.8,2658.2,0,0,738675.540200779,0,0,0
24793.3873088336,40,2361,2846.8,2592.6,0,0,738675.540201242,0,0,0
24793.4273079,40,2448.6,2911.4,2529.4,0,0,738675.540201705,0,0,0
24793.4673069664,40,2544.2,2918,2443,0,0,738675.540202168,0,0,0
24793.5073060328,40,2662.4,2907.8,2367.6,0,0,738675.540202631,0,0,0
24793.5473050992,40,2770.8,2858.2,2301,0,0,738675.540203094,0,0,0
24793.5873041656,40,2849.8,2782.8,2256,0,0,738675.540203557,0,0,0
24793.627303232,40,2921.2,2730.2,2219,0,0,738675.54020402,0,0,0
24793.6673022984,40,2965.2,2685.2,2200,0,0,738675.540204483,0,0,0
24793.7073013648,40,2992.4,2662.4,2194.4,0,0,738675.540204946,0,0,0
24793.7473004312,40,2995.8,2660.8,2189.2,0,0,738675.540205409,0,0,0
24793.7872994976,40,2980,2679.8,2196.4,0,0,738675.540205872,0,0,0
24793.827298564,40,2984.8,2703.8,2204,0,0,738675.540206335,0,0,0
24793.8672976304,40,2978,2708.2,2207,0,0,738675.540206798,0,0,0
24793.9072966968,40,2949.4,2708.4,2211.2,0,0,738675.540207261,0,0,0
24793.9472957632,40,2942.2,2711.8,2213.6,0,0,738675.540207724,0,0,0
24793.9872948296,40,2941.8,2719.6,2214.8,0,0,738675.540208186,0,0,0
24794.027293896,40,2929.8,2725.8,2216.6,0,0,738675.540208649,0,0,0
24794.0672929624,40,2931.6,2738.2,2222.2,0,0,738675.540209112,0,0,0
24794.1072920288,40,2932,2740.4,2226,0,0,738675.540209575,0,0,0
24794.1472910952,40,2923.2,2746.4,2228.6,0,0,738675.540210038,0,0,0
24794.1872901616,40,2919,2750.6,2232.6,0,0,738675.540210501,0,0,0
24794.227289228,40,2913,2735.2,2230.4,0,0,738675.540210964,0,0,0
24794.2672882944,40,2910.2,2701.4,2216.8,0,0,738675.540211427,0,0,0
24794.3072873608,40,2902.2,2647,2201.6,0,0,738675.54021189,0,0,0
24794.3472864272,40,2899.4,2606.4,2184,0,0,738675.540212353,0,0,0
24794.3872854936,40,2894.2,2570,2174.6,0,0,738675.540212816,0,0,0
24794.42728456,40,2895.6,2547.4,2163.4,0,0,738675.540213279,0,0,0
24794.4672836264,40,2904,2552.4,2165.6,0,0,738675.540213742,0,0,0
24794.5072826928,40,2924.4,2581,2169.8,0,0,738675.540214205,0,0,0
24794.5472817592,40,2943.8,2616.4,2181,0,0,738675.540214668,0,0,0
24794.5872808256,40,2945.8,2678.8,2201.4,0,0,738675.540215131,0,0,0
24794.627279892,40,2910,2758,2234,0,0,738675.540215594,0,0,0
24794.6672789584,40,2833.4,2862,2288.4,0,0,738675.540216057,0,0,0
24794.7072780248,40,2703.2,2953.8,2369.8,0,0,738675.540216519,0,0,0
24794.7472770912,40,2543,2985.8,2475.2,0,0,738675.540216982,0,0,0
24794.7872761576,40,2412.2,2927.6,2577.8,0,0,738675.540217445,0,0,0
24794.827275224,40,2396,2882.8,2571.2,0,0,738675.540217908,0,0,0
24794.8672742904,40,2479.4,2883,2476.6,0,0,738675.540218371,0,0,0
24794.9072733568,40,2625,2881.2,2373.4,0,0,738675.540218834,0,0,0
24794.9472724232,40,2769,2804.6,2287.2,0,0,738675.540219297,0,0,0
24794.9872714896,40,2879.4,2689,2219.2,0,0,738675.54021976,0,0,0
24795.027270556,40,2947.4,2596.2,2174,0,0,738675.540220223,0,0,0
24795.0672696224,40,2962.4,2520,2149.4,0,0,738675.540220686,0,0,0
24795.1072686888,40,2954.6,2510.2,2148.4,0,0,738675.540221149,0,0,0
24795.1472677552,40,2944.4,2559.6,2162.4,0,0,738675.540221612,0,0,0
24795.1872668216,40,2908.2,2620.6,2186.6,0,0,738675.540222075,0,0,0
24795.227265888,40,2837.4,2713.2,2236.4,0,0,738675.540222538,0,0,0
24795.2672649544,40,2737.4,2816,2303,0,0,738675.540223001,0,0,0
24795.3072640208,40,2606,2883.8,2382.8,0,0,738675.540223464,0,0,0
24795.3472630872,40,2502.2,2917.2,2466,0,0,738675.540223927,0,0,0
24795.3872621536,40,2494.8,2941.8,2498,0,0,738675.54022439,0,0,0
24795.42726122,40,2610.6,2983.4,2433.2,0,0,738675.540224853,0,0,0
24795.4672602864,40,2760.2,2934.6,2336.8,0,0,738675.540225316,0,0,0
24795.5072593528,40,2897.4,2827.8,2259.6,0,0,738675.540225779,0,0,0
24795.5472584192,40,2973.8,2705.8,2206.8,0,0,738675.540226242,0,0,0
24795.5872574856,40,2994.4,2608.6,2173,0,0,738675.540226704,0,0,0
24795.627256552,40,3014.6,2566.6,2159,0,0,738675.540227167,0,0,0
24795.6672556184,40,2984.2,2583.4,2169.4,0,0,738675.54022763,0,0,0
24795.7072546848,40,2940.4,2630.2,2189.8,0,0,738675.540228093,0,0,0
24795.7472537512,40,2843.6,2684.6,2220.8,0,0,738675.540228556,0,0,0
24795.7872528176,40,2733,2766.8,2282.2,0,0,738675.540229019,0,0,0
24795.827251884,40,2611.8,2824.6,2351,0,0,738675.540229482,0,0,0
24795.8672509504,40,2525.2,2909,2449.6,0,0,738675.540229945,0,0,0
24795.9072500168,40,2452.4,2949.6,2541,0,0,738675.540230408,0,0,0
24795.9472490832,40,2482.4,2988.4,2538.6,0,0,738675.540230871,0,0,0
24795.9872481496,40,2585.6,3012.4,2462,0,0,738675.540231334,0,0,0
24796.027247216,40,2714,2991.6,2381,0,0,738675.540231797,0,0,0
24796.0672462824,40,2832.2,2895.4,2303,0,0,738675.54023226,0,0,0
24796.1072453488,40,2916,2794.6,2248,0,0,738675.540232723,0,0,0
24796.1472444152,40,2976.6,2714.8,2205.2,0,0,738675.540233186,0,0,0
24796.1872434816,40,3006.6,2657.6,2185.6,0,0,738675.540233649,0,0,0
24796.227242548,40,3014.6,2622.4,2177.8,0,0,738675.540234112,0,0,0
24796.2672416144,40,2997.2,2618.8,2172.2,0,0,738675.540234575,0,0,0
24796.3072406808,40,2977.8,2630.2,2183.4,0,0,738675.540235038,0,0,0
24796.3472397472,40,2959.6,2666,2198.2,0,0,738675.540235501,0,0,0
24796.3872388136,40,2924.4,2707,2212.6,0,0,738675.540235964,0,0,0
24796.42723788,40,2870,2758.4,2244.4,0,0,738675.540236427,0,0,0
24796.4672369464,40,2787.8,2831.2,2285,0,0,738675.540236889,0,0,0
24796.5072360128,40,2668.4,2887.2,2354.4,0,0,738675.540237352,0,0,0
24796.5472350792,40,2536,2918.4,2445,0,0,738675.540237815,0,0,0
24796.5872341456,40,2425.6,2901.6,2548.4,0,0,738675.540238278,0,0,0
24796.627233212,40,2346.2,2859.6,2634.6,0,0,738675.540238741,0,0,0
24796.6672322784,40,2339,2869,2654.6,0,0,738675.540239204,0,0,0
24796.7072313448,40,2397.6,2913.6,2592.6,0,0,738675.540239667,0,0,0
24796.7472304112,40,2486.2,2962.8,2512.2,0,0,738675.54024013,0,0,0
24796.7872294776,40,2612.2,2956,2414,0,0,738675.540240593,0,0,0
24796.827228544,40,2733,2893,2330.8,0,0,738675.540241056,0,0,0
24796.8672276104,40,2827.4,2806.8,2263.2,0,0,738675.540241519,0,0,0
24796.9072266768,40,2902,2714.4,2222.4,0,0,738675.540241982,0,0,0
24796.9472257432,40,2930.2,2641,2193.4,0,0,738675.540242445,0,0,0
24796.9872248096,40,2936.2,2597.2,2177,0,0,738675.540242908,0,0,0
24797.027223876,40,2931.6,2588.4,2172.2,0,0,738675.540243371,0,0,0
24797.0672229424,40,2926,2616.6,2182.6,0,0,738675.540243834,0,0,0
24797.1072220088,40,2914,2662,2201,0,0,738675.540244297,0,0,0
24797.1472210752,40,2888.6,2716.6,2228.8,0,0,738675.54024476,0,0,0
24797.1872201416,40,2845.8,2792,2264.6,0,0,738675.540245223,0,0,0
24797.227219208,40,2778.6,2886.2,2315.2,0,0,738675.540245685,0,0,0
24797.2672182744,40,2663.6,2964.4,2392.2,0,0,738675.540246148,0,0,0
24797.3072173408,40,2538.8,3009.2,2494,0,0,738675.540246611,0,0,0
24797.3472164072,40,2412.2,2975.8,2614,0,0,738675.540247074,0,0,0
24797.3872154736,40,2314.4,2894.2,2724.6,0,0,738675.540247537,0,0,0
24797.42721454,40,2263.8,2788.8,2761.8,0,0,738675.540248,0,0,0
24797.4672136064,40,2274.6,2776.6,2703.6,0,0,738675.540248463,0,0,0
24797.5072126728,40,2342.8,2852.2,2637.6,0,0,738675.540248926,0,0,0
24797.5472117392,40,2451.2,2933,2528.4,0,0,738675.540249389,0,0,0
24797.5872108056,40,2606.6,2929.8,2406.6,0,0,738675.540249852,0,0,0
24797.627209872,40,2771,2843.4,2295.6,0,0,738675.540250315,0,0,0
24797.6672089384,40,2904.4,2702.4,2213.4,0,0,738675.540250778,0,0,0
24797.7072080048,40,2973.6,2563.6,2162.8,0,0,738675.540251241,0,0,0
24797.7472070712,40,2958.8,2448,2126.6,0,0,738675.540251704,0,0,0
24797.7872061376,40,2905.2,2366.6,2099.8,0,0,738675.540252167,0,0,0
24797.827205204,40,2841.6,2311.4,2085.8,0,0,738675.54025263,0,0,0
24797.8672042704,40,2778,2278,2072.4,0,0,738675.540253093,0,0,0
24797.9072033368,40,2741.6,2260.4,2070.2,0,0,738675.540253556,0,0,0
24797.9472024032,40,2750.6,2280.6,2078.6,0,0,738675.540254019,0,0,0
24797.9872014696,40,2759.2,2312.4,2090.6,0,0,738675.540254482,0,0,0
24798.027200536,40,2784,2366.6,2112,0,0,738675.540254945,0,0,0
24798.0671996024,40,2853.8,2454.2,2141,0,0,738675.540255408,0,0,0
24798.1071986688,40,2911.2,2593,2180,0,0,738675.54025587,0,0,0
24798.1471977352,40,2827,2742.8,2252.2,0,0,738675.540256333,0,0,0
24798.1871968016,40,2674.4,2866,2342.8,0,0,738675.540256796,0,0,0
24798.227195868,40,2515.6,2885.4,2449.2,0,0,738675.540257259,0,0,0
24798.2671949344,40,2418.8,2875.2,2537.8,0,0,738675.540257722,0,0,0
24798.3071940008,40,2392,2873.2,2577,0,0,738675.540258185,0,0,0
24798.3471930672,40,2433.8,2878.8,2522.8,0,0,738675.540258648,0,0,0
24798.3871921336,40,2518.4,2868.8,2431.2,0,0,738675.540259111,0,0,0
24798.4271912,40,2647.4,2826.4,2338.6,0,0,738675.540259574,0,0,0
24798.4671902664,40,2758.6,2724.6,2255.6,0,0,738675.540260037,0,0,0
24798.5071893328,40,2839.6,2603.6,2191,0,0,738675.5402605,0,0,0
24798.5471883992,40,2866,2499.8,2152,0,0,738675.540260963,0,0,0
24798.5871874656,40,2871,2412.6,2120.6,0,0,738675.540261426,0,0,0
24798.627186532,40,2833.6,2342.4,2097.4,0,0,738675.540261889,0,0,0
24798.6671855984,40,2780.6,2295.4,2082.8,0,0,738675.540262352,0,0,0
24798.7071846648,40,2750,2263.6,2072.4,0,0,738675.540262815,0,0,0
24798.7471837312,40,2722.2,2242.8,2066.8,0,0,738675.540263278,0,0,0
24798.7871827976,40,2726.4,2246.6,2071.6,0,0,738675.540263741,0,0,0
24798.827181864,40,2744,2259,2075,0,0,738675.540264204,0,0,0
24798.8671809304,40,2758.6,2282.8,2083.4,0,0,738675.540264667,0,0,0
24798.9071799968,40,2778,2326.4,2098.8,0,0,738675.54026513,0,0,0
24798.9471790632,40,2807.2,2383.4,2116.8,0,0,738675.540265593,0,0,0
24798.9871781296,40,2850,2476.4,2147.2,0,0,738675.540266055,0,0,0
24799.027177196,40,2861,2613.8,2195.8,0,0,738675.540266518,0,0,0
24799.0671762624,40,2776,2759,2268.4,0,0,738675.540266981,0,0,0
24799.1071753288,40,2633.2,2857,2360,0,0,738675.540267444,0,0,0
24799.1471743952,40,2509.4,2912,2457.8,0,0,738675.540267907,0,0,0
24799.1871734616,40,2426.6,2931.2,2562.6,0,0,738675.54026837,0,0,0
24799.227172528,40,2367.6,2904,2627.2,0,0,738675.540268833,0,0,0
24799.2671715944,40,2359.6,2879.8,2623.6,0,0,738675.540269296,0,0,0
24799.3071706608,40,2409.2,2858,2530.8,0,0,738675.540269759,0,0,0
24799.3471697272,40,2529.4,2884.4,2430,0,0,738675.540270222,0,0,0
24799.3871687936,40,2678.8,2832.4,2326.2,0,0,738675.540270685,0,0,0
24799.42716786,40,2801,2709.4,2239.6,0,0,738675.540271148,0,0,0
24799.4671669264,40,2846.8,2565.4,2174.8,0,0,738675.540271611,0,0,0
24799.5071659928,40,2843.8,2445.4,2135.2,0,0,738675.540272074,0,0,0
24799.5471650592,40,2809.2,2362.8,2108.8,0,0,738675.540272537,0,0,0
24799.5871641256,40,2767.2,2304.6,2089,0,0,738675.540273,0,0,0
24799.627163192,40,2713.4,2264.2,2074,0,0,738675.540273463,0,0,0
24799.6671622584,40,2673.6,2235.8,2066.2,0,0,738675.540273926,0,0,0
24799.7071613248,40,2655,2224.6,2065.2,0,0,738675.540274389,0,0,0
24799.7471603912,40,2673.8,2226.2,2065,0,0,738675.540274851,0,0,0
24799.7871594576,40,2714,2249.6,2069,0,0,738675.540275314,0,0,0
24799.827158524,40,2748.8,2275.6,2079.6,0,0,738675.540275777,0,0,0
24799.8671575904,40,2794.4,2334.6,2098.2,0,0,738675.54027624,0,0,0
24799.9071566568,40,2847.2,2426.4,2129,0,0,738675.540276703,0,0,0
24799.9471557232,40,2870.4,2548,2171,0,0,738675.540277166,0,0,0
24799.9871547896,40,2808.8,2699.8,2239.4,0,0,738675.540277629,0,0,0
24800.027153856,40,2681,2817.8,2322.6,0,0,738675.540278092,0,0,0
24800.0671529224,40,2538.4,2866.6,2417.2,0,0,738675.540278555,0,0,0
24800.1071519888,40,2447.2,2858.8,2489.6,0,0,738675.540279018,0,0,0
24800.1471510552,40,2435.2,2862,2506.2,0,0,738675.540279481,0,0,0
24800.1871501216,40,2500.4,2865.2,2454.8,0,0,738675.540279944,0,0,0
24800.227149188,40,2581,2832.6,2372,0,0,738675.540280407,0,0,0
24800.2671482544,40,2683.4,2762,2292,0,0,738675.54028087,0,0,0
24800.3071473208,40,2776.8,2667.2,2229.6,0,0,738675.540281333,0,0,0
24800.3471463872,40,2849,2567,2178.8,0,0,738675.540281796,0,0,0
24800.3871454536,40,2874,2474.6,2141,0,0,738675.540282259,0,0,0
24800.42714452,40,2875.2,2398.6,2116.2,0,0,738675.540282722,0,0,0
24800.4671435864,40,2849.8,2338.4,2097.2,0,0,738675.540283185,0,0,0
24800.5071426528,40,2802.2,2293.8,2083.6,0,0,738675.540283648,0,0,0
24800.5471417192,40,2755.6,2264,2072.8,0,0,738675.540284111,0,0,0
24800.5871407856,40,2726,2247.8,2065.4,0,0,738675.540284573,0,0,0
24800.627139852,40,2730.2,2248.2,2065.8,0,0,738675.540285036,0,0,0
24800.6671389184,40,2764,2260.4,2072,0,0,738675.540285499,0,0,0
24800.7071379848,40,2809.2,2294.2,2079.8,0,0,738675.540285962,0,0,0
24800.7471370512,40,2849,2334,2090,0,0,738675.540286425,0,0,0
24800.7871361176,40,2889,2397.8,2110.8,0,0,738675.540286888,0,0,0
24800.827135184,40,2928.2,2494,2148.8,0,0,738675.540287351,0,0,0
24800.8671342504,40,2894,2629,2200,0,0,738675.540287814,0,0,0
24800.9071333168,40,2763,2753.2,2272,0,0,738675.540288277,0,0,0
24800.9471323832,40,2605,2812.8,2350.8,0,0,738675.54028874,0,0,0
24800.9871314496,40,2518.2,2863.4,2428.6,0,0,738675.540289203,0,0,0
24801.027130516,40,2489.6,2928.8,2490,0,0,738675.540289666,0,0,0
24801.0671295824,40,2526.6,2931.8,2460.8,0,0,738675.540290129,0,0,0
24801.1071286488,40,2598.2,2870.8,2382.4,0,0,738675.540290592,0,0,0
24801.1471277152,40,2676.6,2775,2304.2,0,0,738675.540291055,0,0,0
24801.1871267816,40,2755.2,2672.8,2233.2,0,0,738675.540291518,0,0,0
24801.227125848,40,2831.6,2574.6,2185,0,0,738675.540291981,0,0,0
24801.2671249144,40,2876.6,2483.4,2142.8,0,0,738675.540292444,0,0,0
24801.3071239808,40,2875.4,2404.4,2118.8,0,0,738675.540292907,0,0,0
24801.3471230472,40,2844.2,2344.4,2096.4,0,0,738675.54029337,0,0,0
24801.3871221136,40,2803,2294.4,2082.2,0,0,738675.540293833,0,0,0
24801.42712118,40,2753.4,2262,2073,0,0,738675.540294296,0,0,0
24801.4671202464,40,2727.8,2247.6,2069.8,0,0,738675.540294759,0,0,0
24801.5071193128,40,2729,2249,2066,0,0,738675.540295221,0,0,0
24801.5471183792,40,2758.6,2263.4,2070.6,0,0,738675.540295684,0,0,0
24801.5871174456,40,2798,2287.8,2079,0,0,738675.540296147,0,0,0
24801.627116512,40,2831.2,2326.4,2092.2,0,0,738675.54029661,0,0,0
24801.6671155784,40,2863.2,2382.6,2109.8,0,0,738675.540297073,0,0,0
24801.7071146448,40,2879.8,2463.6,2137.4,0,0,738675.540297536,0,0,0
24801.7471137112,40,2847.4,2566.8,2183,0,0,738675.540297999,0,0,0
24801.7871127776,40,2770.4,2681.2,2237.4,0,0,738675.540298462,0,0,0
24801.827111844,40,2663.6,2784.4,2312,0,0,738675.540298925,0,0,0
24801.8671109104,40,2560.4,2859.8,2400,0,0,738675.540299388,0,0,0
24801.9071099768,40,2474.2,2888.8,2480.8,0,0,738675.540299851,0,0,0
24801.9471090432,40,2441.6,2876,2510.2,0,0,738675.540300314,0,0,0
24801.9871081096,40,2487.8,2873.4,2459.4,0,0,738675.540300777,0,0,0
24802.027107176,40,2577.2,2850,2382.4,0,0,738675.54030124,0,0,0
24802.0671062424,40,2678.2,2786.2,2303.8,0,0,738675.540301703,0,0,0
24802.1071053088,40,2787,2703.2,2242.2,0,0,738675.540302166,0,0,0
24802.1471043752,40,2860.6,2599,2188.8,0,0,738675.540302629,0,0,0
24802.1871034416,40,2908.8,2515.4,2153.2,0,0,738675.540303092,0,0,0
24802.227102508,40,2905,2435.2,2127.2,0,0,738675.540303555,0,0,0
24802.2671015744,40,2887.2,2374.8,2107,0,0,738675.540304017,0,0,0
24802.3071006408,40,2840.6,2326.6,2091,0,0,738675.54030448,0,0,0
24802.3470997072,40,2800.4,2290.8,2083.6,0,0,738675.540304943,0,0,0
24802.3870987736,40,2767,2273.6,2075,0,0,738675.540305406,0,0,0
24802.42709784,40,2772,2281.8,2080.6,0,0,738675.540305869,0,0,0
24802.4670969064,40,2778.2,2306.4,2088.6,0,0,738675.540306332,0,0,0
24802.5070959728,40,2784.2,2345,2100,0,0,738675.540306795,0,0,0
24802.5470950392,40,2815,2406.8,2125.2,0,0,738675.540307258,0,0,0
24802.5870941056,40,2870,2503.8,2154.4,0,0,738675.540307721,0,0,0
24802.627093172,40,2875,2634.8,2203.2,0,0,738675.540308184,0,0,0
24802.6670922384,40,2762,2771.4,2278.8,0,0,738675.540308647,0,0,0
24802.7070913048,40,2600.4,2851.4,2376.6,0,0,738675.54030911,0,0,0
24802.7470903712,40,2463.4,2868.8,2477.4,0,0,738675.540309573,0,0,0
24802.7870894376,40,2400,2894,2577.8,0,0,738675.540310036,0,0,0
24802.827088504,40,2366.4,2899.2,2626.2,0,0,738675.540310499,0,0,0
24802.8670875704,40,2409.6,2902.6,2567.6,0,0,738675.540310962,0,0,0
24802.9070866368,40,2476.2,2864.2,2464.6,0,0,738675.540311425,0,0,0
24802.9470857032,40,2599.4,2832.4,2361.8,0,0,738675.540311888,0,0,0
24802.9870847696,40,2748.6,2751.4,2270.2,0,0,738675.540312351,0,0,0
24803.027083836,40,2868,2637.6,2199,0,0,738675.540312814,0,0,0
24803.0670829024,40,2910,2506.4,2150.4,0,0,738675.540313277,0,0,0
24803.1070819688,40,2907.4,2413.6,2119.2,0,0,738675.540313739,0,0,0
24803.1470810352,40,2858.2,2335,2094,0,0,738675.540314202,0,0,0
24803.1870801016,40,2792.2,2284.2,2078.4,0,0,738675.540314665,0,0,0
24803.227079168,40,2736.6,2252.4,2071.4,0,0,738675.540315128,0,0,0
24803.2670782344,40,2724.2,2248,2066.8,0,0,738675.540315591,0,0,0
24803.3070773008,40,2753.2,2261.2,2074.6,0,0,738675.540316054,0,0,0
24803.3470763672,40,2761,2280.2,2079.8,0,0,738675.540316517,0,0,0
24803.3870754336,40,2776.4,2312,2093,0,0,738675.54031698,0,0,0
24803.4270745,40,2798,2375.4,2114.6,0,0,738675.540317443,0,0,0
24803.4670735664,40,2834.2,2474.4,2148.2,0,0,738675.540317906,0,0,0
24803.5070726328,40,2841,2612.6,2197,0,0,738675.540318369,0,0,0
24803.5470716992,40,2748.2,2769,2280,0,0,738675.540318832,0,0,0
24803.5870707656,40,2597.2,2885.8,2391.6,0,0,738675.540319295,0,0,0
24803.627069832,40,2455.8,2929.8,2526.2,0,0,738675.540319758,0,0,0
24803.6670688984,40,2345.8,2875.6,2652,0,0,738675.540320221,0,0,0
24803.7070679648,40,2289.6,2806,2699.2,0,0,738675.540320684,0,0,0
24803.7470670312,40,2313.4,2811,2646.4,0,0,738675.540321147,0,0,0
24803.7870660976,40,2402,2899.2,2572.6,0,0,738675.54032161,0,0,0
24803.827065164,40,2532.6,2923.8,2448.8,0,0,738675.540322073,0,0,0
24803.8670642304,40,2681.4,2840.6,2331.2,0,0,738675.540322536,0,0,0
24803.9070632968,40,2809,2712.6,2240.6,0,0,738675.540322999,0,0,0
24803.9470623632,40,2893,2579.8,2177.8,0,0,738675.540323462,0,0,0
24803.9870614296,40,2899,2455.4,2134,0,0,738675.540323924,0,0,0
24804.027060496,40,2857.8,2365,2105.6,0,0,738675.540324387,0,0,0
24804.0670595624,40,2793.2,2300.8,2084.8,0,0,738675.54032485,0,0,0
24804.1070586288,40,2717.6,2255.6,2071.4,0,0,738675.540325313,0,0,0
24804.1470576952,40,2680.6,2236.2,2068.4,0,0,738675.540325776,0,0,0
24804.1870567616,40,2684.4,2240.4,2072.2,0,0,738675.540326239,0,0,0
24804.227055828,40,2722.6,2270.2,2077.6,0,0,738675.540326702,0,0,0
24804.2670548944,40,2756.6,2312.2,2089.6,0,0,738675.540327165,0,0,0
24804.3070539608,40,2820.4,2377.8,2114.2,0,0,738675.540327628,0,0,0
24804.3470530272,40,2886,2486.4,2145.6,0,0,738675.540328091,0,0,0
24804.3870520936,40,2894,2636.4,2202.4,0,0,738675.540328554,0,0,0
24804.42705116,40,2773.4,2801.4,2285.4,0,0,738675.540329017,0,0,0
24804.4670502264,40,2605.8,2912.6,2404.6,0,0,738675.54032948,0,0,0
24804.5070492928,40,2445.8,2909,2524,0,0,738675.540329943,0,0,0
24804.5470483592,40,2347.8,2831.6,2609.8,0,0,738675.540330406,0,0,0
24804.5870474256,40,2325.4,2835.8,2651,0,0,738675.540330869,0,0,0
24804.627046492,40,2368.8,2880.6,2605.2,0,0,738675.540331332,0,0,0
24804.6670455584,40,2461.8,2912.4,2510.4,0,0,738675.540331795,0,0,0
24804.7070446248,40,2581.4,2872.4,2391.8,0,0,738675.540332258,0,0,0
24804.7470436912,40,2707,2770.4,2292.2,0,0,738675.54033272,0,0,0
24804.7870427576,40,2812.8,2642,2214.6,0,0,738675.540333183,0,0,0
24804.827041824,40,2848.8,2520,2159.8,0,0,738675.540333646,0,0,0
24804.8670408904,40,2856,2418.2,2125.4,0,0,738675.540334109,0,0,0
24804.9070399568,40,2820.4,2350.4,2100.6,0,0,738675.540334572,0,0,0
24804.9470390232,40,2777.4,2293.6,2083.2,0,0,738675.540335035,0,0,0
24804.9870380896,40,2736,2262.4,2074.6,0,0,738675.540335498,0,0,0
24805.027037156,40,2719.4,2254.8,2069.2,0,0,738675.540335961,0,0,0
24805.0670362224,40,2753.6,2268.8,2073,0,0,738675.540336424,0,0,0
24805.1070352888,40,2782.4,2297.4,2086.6,0,0,738675.540336887,0,0,0
24805.1470343552,40,2813.6,2346,2097.8,0,0,738675.54033735,0,0,0
24805.1870334216,40,2839,2419,2129,0,0,738675.540337813,0,0,0
24805.227032488,40,2851,2527,2167.8,0,0,738675.540338276,0,0,0
24805.2670315544,40,2820.2,2683.6,2228.4,0,0,738675.540338739,0,0,0
24805.3070306208,40,2717,2835,2315.6,0,0,738675.540339202,0,0,0
24805.3470296872,40,2577.4,2917.4,2420.2,0,0,738675.540339665,0,0,0
24805.3870287536,40,2450,2934.2,2538,0,0,738675.540340128,0,0,0
24805.42702782,40,2365.6,2895.6,2627.2,0,0,738675.540340591,0,0,0
24805.4670268864,40,2347.4,2850.6,2629.8,0,0,738675.540341054,0,0,0
24805.5070259528,40,2385.6,2847.4,2563.8,0,0,738675.540341517,0,0,0
24805.5470250192,40,2470,2882.8,2479.4,0,0,738675.54034198,0,0,0
24805.5870240856,40,2601,2887.4,2390.8,0,0,738675.540342443,0,0,0
24805.627023152,40,2739.2,2832.4,2307.6,0,0,738675.540342905,0,0,0
24805.6670222184,40,2842.6,2744.8,2247.4,0,0,738675.540343368,0,0,0
24805.7070212848,40,2931.4,2672.6,2201,0,0,738675.540343831,0,0,0
24805.7470203512,40,2989.2,2608.8,2174.8,0,0,738675.540344294,0,0,0
24805.7870194176,40,3006.6,2559.8,2159.2,0,0,738675.540344757,0,0,0
24805.827018484,40,2995.4,2532.2,2146.8,0,0,738675.54034522,0,0,0
24805.8670175504,40,2998.8,2527.4,2148.8,0,0,738675.540345683,0,0,0
24805.9070166168,40,3003.4,2558,2156.8,0,0,738675.540346146,0,0,0
24805.9470156832,40,3008,2606.2,2171.2,0,0,738675.540346609,0,0,0
24805.9870147496,40,2987.8,2660,2195.2,0,0,738675.540347072,0,0,0
24806.027013816,40,2941.2,2746.6,2225.8,0,0,738675.540347535,0,0,0
24806.0670128824,40,2856.2,2835.8,2271.2,0,0,738675.540347998,0,0,0
24806.1070119488,40,2721.4,2919.8,2344.4,0,0,738675.540348461,0,0,0
24806.1470110152,40,2575,2968.2,2448.6,0,0,738675.540348924,0,0,0
24806.1870100816,40,2421.4,2933.2,2577.4,0,0,738675.540349387,0,0,0
24806.227009148,40,2309.2,2830.8,2678.6,0,0,738675.54034985,0,0,0
24806.2670082144,40,2248.4,2736.4,2734.6,0,0,738675.540350313,0,0,0
24806.3070072808,40,2266.4,2760.2,2710.4,0,0,738675.540350776,0,0,0
24806.3470063472,40,2334,2864.2,2663.8,0,0,738675.540351239,0,0,0
24806.3870054136,40,2443.6,2956.6,2561.8,0,0,738675.540351702,0,0,0
24806.42700448,40,2588.4,2979.8,2440.2,0,0,738675.540352165,0,0,0
24806.4670035464,40,2738.8,2922.4,2334.6,0,0,738675.540352628,0,0,0
24806.5070026128,40,2879.6,2822.8,2263.8,0,0,738675.54035309,0,0,0
24806.5470016792,40,2964.8,2714.2,2209.4,0,0,738675.540353553,0,0,0
24806.5870007456,40,3001.6,2630.4,2176.2,0,0,738675.540354016,0,0,0
24806.626999812,40,2999.8,2578.2,2161.2,0,0,738675.540354479,0,0,0
24806.6669988784,40,3008.4,2563.8,2157.4,0,0,738675.540354942,0,0,0
24806.7069979448,40,3002,2586.8,2163.4,0,0,738675.540355405,0,0,0
24806.7469970112,40,2999.8,2640,2181.4,0,0,738675.540355868,0,0,0
24806.7869960776,40,2977.6,2688.2,2200.6,0,0,738675.540356331,0,0,0
24806.826995144,40,2925,2752.8,2231.8,0,0,738675.540356794,0,0,0
24806.8669942104,40,2840.8,2830.2,2276,0,0,738675.540357257,0,0,0
24806.9069932768,40,2723.6,2902,2342.8,0,0,738675.54035772,0,0,0
24806.9469923432,40,2577.8,2944.2,2435.2,0,0,738675.540358183,0,0,0
24806.9869914096,40,2428,2911.8,2544.2,0,0,738675.540358646,0,0,0
24807.026990476,40,2328,2828.4,2640.2,0,0,738675.540359109,0,0,0
24807.0669895424,40,2269,2767.8,2713,0,0,738675.540359572,0,0,0
24807.1069886088,40,2288.6,2791.6,2688,0,0,738675.540360035,0,0,0
24807.1469876752,40,2358.6,2873,2617.4,0,0,738675.540360498,0,0,0
24807.1869867416,40,2478,2938.4,2511.2,0,0,738675.540360961,0,0,0
24807.226985808,40,2624,2915.4,2394.4,0,0,738675.540361424,0,0,0
24807.2669848744,40,2759.2,2834.4,2300,0,0,738675.540361886,0,0,0
24807.3069839408,40,2870.2,2734,2233.2,0,0,738675.540362349,0,0,0
24807.3469830072,40,2931.6,2639.8,2192,0,0,738675.540362812,0,0,0
24807.3869820736,40,2954,2575.4,2167.8,0,0,738675.540363275,0,0,0
24807.42698114,40,2971,2543.2,2152.6,0,0,738675.540363738,0,0,0
24807.4669802064,40,2984.4,2542.8,2154,0,0,738675.540364201,0,0,0
24807.5069792728,40,2990,2563.6,2158.8,0,0,738675.540364664,0,0,0
24807.5469783392,40,2991.2,2604.8,2171.6,0,0,738675.540365127,0,0,0
24807.5869774056,40,2975.6,2647.8,2190.4,0,0,738675.54036559,0,0,0
24807.626976472,40,2945.8,2713,2216.6,0,0,738675.540366053,0,0,0
24807.6669755384,40,2894.8,2798,2253,0,0,738675.540366516,0,0,0
24807.7069746048,40,2790.2,2888,2310.8,0,0,738675.540366979,0,0,0
24807.7469736712,40,2650.8,2936.2,2386.2,0,0,738675.540367442,0,0,0
24807.7869727376,40,2501,2940.6,2488.4,0,0,738675.540367905,0,0,0
24807.826971804,40,2373.2,2860.2,2590.4,0,0,738675.540368368,0,0,0
24807.8669708704,40,2293.4,2790.2,2685.4,0,0,738675.540368831,0,0,0
24807.9069699368,40,2266.6,2779.4,2735.4,0,0,738675.540369294,0,0,0
24807.9469690032,40,2304.6,2827,2694.2,0,0,738675.540369757,0,0,0
24807.9869680696,40,2381,2904.8,2614.6,0,0,738675.54037022,0,0,0
24808.026967136,40,2491.8,2926.2,2492.4,0,0,738675.540370683,0,0,0
24808.0669662024,40,2613.8,2874.6,2374,0,0,738675.540371146,0,0,0
24808.1069652688,40,2728,2785.8,2288.6,0,0,738675.540371608,0,0,0
24808.1469643352,40,2828.6,2687.8,2229.2,0,0,738675.540372071,0,0,0
24808.1869634016,40,2884.8,2602.8,2186.6,0,0,738675.540372534,0,0,0
24808.226962468,40,2922.4,2546,2162.2,0,0,738675.540372997,0,0,0
24808.2669615344,40,2941.2,2515.4,2151.2,0,0,738675.54037346,0,0,0
24808.3069606008,40,2961,2525.8,2148,0,0,738675.540373923,0,0,0
24808.3469596672,40,2980,2553.4,2154.4,0,0,738675.540374386,0,0,0
24808.3869587336,40,2985,2586.2,2164.4,0,0,738675.540374849,0,0,0
24808.4269578,40,2990.6,2631.4,2180.6,0,0,738675.540375312,0,0,0
24808.4669568664,40,2977.4,2697.4,2203.6,0,0,738675.540375775,0,0,0
24808.5069559328,40,2929,2783.6,2241.8,0,0,738675.540376238,0,0,0
24808.5469549992,40,2823.2,2870.2,2294.8,0,0,738675.540376701,0,0,0
24808.5869540656,40,2699.4,2942.6,2368.4,0,0,738675.540377164,0,0,0
24808.626953132,40,2553.2,2948.2,2448.2,0,0,738675.540377627,0,0,0
24808.6669521984,40,2432.8,2896,2524.4,0,0,738675.54037809,0,0,0
24808.7069512648,40,2369,2850.2,2587.8,0,0,738675.540378553,0,0,0
24808.7469503312,40,2364.8,2878.4,2613.8,0,0,738675.540379016,0,0,0
24808.7869493976,40,2419,2930.4,2572.6,0,0,738675.540379479,0,0,0
24808.826948464,40,2507,2975,2504,0,0,738675.540379942,0,0,0
24808.8669475304,40,2604.8,2986.8,2433.8,0,0,738675.540380405,0,0,0
24808.9069465968,40,2702.6,2958.4,2368.8,0,0,738675.540380868,0,0,0
24808.9469456632,40,2787,2928,2323.8,0,0,738675.540381331,0,0,0
24808.9869447296,40,2843,2882.4,2290.2,0,0,738675.540381794,0,0,0
24809.026943796,40,2883,2853.2,2273.2,0,0,738675.540382256,0,0,0
24809.0669428624,40,2897,2837.2,2264.6,0,0,738675.540382719,0,0,0
24809.1069419288,40,2897.6,2842.2,2263.4,0,0,738675.540383182,0,0,0
24809.1469409952,40,2878.8,2857.2,2273.6,0,0,738675.540383645,0,0,0
24809.1869400616,40,2863.4,2872.2,2280.8,0,0,738675.540384108,0,0,0
24809.226939128,40,2844,2874.6,2289.2,0,0,738675.540384571,0,0,0
24809.2669381944,40,2828.6,2872,2292.8,0,0,738675.540385034,0,0,0
24809.3069372608,40,2810.8,2874.8,2295.8,0,0,738675.540385497,0,0,0
24809.3469363272,40,2799.4,2877.8,2300.8,0,0,738675.54038596,0,0,0
24809.3869353936,40,2792,2885.2,2313.6,0,0,738675.540386423,0,0,0
24809.42693446,40,2778.2,2894,2315.8,0,0,738675.540386886,0,0,0
24809.4669335264,40,2768,2899,2322.8,0,0,738675.540387349,0,0,0
24809.5069325928,40,2755.4,2902.8,2328.4,0,0,738675.540387812,0,0,0
24809.5469316592,40,2749.6,2913.6,2337.6,0,0,738675.540388275,0,0,0
24809.5869307256,40,2739.2,2927.6,2341.8,0,0,738675.540388738,0,0,0
24809.626929792,40,2729,2933.2,2349.4,0,0,738675.540389201,0,0,0
24809.6669288584,40,2712.4,2946.2,2358.2,0,0,738675.540389664,0,0,0
24809.7069279248,40,2706,2954.8,2365.6,0,0,738675.540390127,0,0,0
24809.7469269912,40,2694,2970.6,2375.4,0,0,738675.54039059,0,0,0
24809.7869260576,40,2693.4,2983.4,2387.4,0,0,738675.540391052,0,0,0
24809.826925124,40,2686.2,2994.2,2394.4,0,0,738675.540391515,0,0,0
24809.8669241904,40,2678.8,3004.6,2395.4,0,0,738675.540391978,0,0,0
24809.9069232568,40,2672.4,3010.6,2401.8,0,0,738675.540392441,0,0,0
24809.9469223232,40,2658.2,3011.2,2413.8,0,0,738675.540392904,0,0,0
24809.9869213896,40,2642.2,3012.6,2418.6,0,0,738675.540393367,0,0,0
24810.026920456,40,2631.2,3006.2,2423.2,0,0,738675.54039383,0,0,0
24810.0669195224,40,2621.8,3006.2,2429.2,0,0,738675.540394293,0,0,0
24810.1069185888,40,2616.6,3001,2435.8,0,0,738675.540394756,0,0,0
24810.1469176552,40,2610,2997.6,2437.8,0,0,738675.540395219,0,0,0
24810.1869167216,40,2603.6,2995.2,2441.6,0,0,738675.540395682,0,0,0
24810.226915788,40,2591.6,2988.8,2444,0,0,738675.540396145,0,0,0
24810.2669148544,40,2587.2,2993.2,2451,0,0,738675.540396608,0,0,0
24810.3069139208,40,2574.2,3000,2458.8,0,0,738675.540397071,0,0,0
24810.3469129872,40,2570.2,2996.6,2464.6,0,0,738675.540397534,0,0,0
24810.3869120536,40,2556.6,2996.4,2471.6,0,0,738675.540397997,0,0,0
24810.42691112,40,2542,2986.4,2479.4,0,0,738675.54039846,0,0,0
24810.4669101864,40,2533.8,2981.2,2484.4,0,0,738675.540398923,0,0,0
24810.5069092528,40,2542.2,2959.4,2467,0,0,738675.540399386,0,0,0
24810.5469083192,40,2570.4,2919.8,2425.8,0,0,738675.540399849,0,0,0
24810.5869073856,40,2615.4,2855.4,2362.4,0,0,738675.540400312,0,0,0
24810.626906452,40,2684.8,2769.4,2298.2,0,0,738675.540400774,0,0,0
24810.6669055184,40,2797.6,2688,2233.2,0,0,738675.540401237,0,0,0
24810.7069045848,40,2880.8,2581,2181,0,0,738675.5404017,0,0,0
24810.7469036512,40,2907.6,2481.6,2138.6,0,0,738675.540402163,0,0,0
24810.7869027176,40,2893.6,2401.6,2112.8,0,0,738675.540402626,0,0,0
24810.826901784,40,2856.8,2339.4,2093.4,0,0,738675.540403089,0,0,0
24810.8669008504,40,2809.8,2292.4,2080.6,0,0,738675.540403552,0,0,0
24810.9068999168,40,2761,2261.8,2072.2,0,0,738675.540404015,0,0,0
24810.9468989832,40,2722.6,2245.4,2069.4,0,0,738675.540404478,0,0,0
24810.9868980496,40,2721.6,2245.4,2069.8,0,0,738675.540404941,0,0,0
24811.026897116,40,2756.8,2259.8,2073.4,0,0,738675.540405404,0,0,0
24811.0668961824,40,2781.4,2286,2082,0,0,738675.540405867,0,0,0
24811.1068952488,40,2781.6,2333.4,2098.8,0,0,738675.54040633,0,0,0
24811.1468943152,40,2807.6,2398.2,2121.2,0,0,738675.540406793,0,0,0
24811.1868933816,40,2866.8,2518.4,2162.2,0,0,738675.540407256,0,0,0
24811.226892448,40,2852,2677.2,2223,0,0,738675.540407719,0,0,0
24811.2668915144,40,2723,2831,2315.4,0,0,738675.540408182,0,0,0
24811.3068905808,40,2556,2891.8,2423.4,0,0,738675.540408645,0,0,0
24811.3468896472,40,2432.6,2880,2519,0,0,738675.540409108,0,0,0
24811.3868887136,40,2398.8,2865.8,2554.6,0,0,738675.540409571,0,0,0
24811.42688778,40,2468.8,2891.6,2489,0,0,738675.540410034,0,0,0
24811.4668868464,40,2571.4,2858.4,2393.6,0,0,738675.540410497,0,0,0
24811.5068859128,40,2692.2,2786,2301.2,0,0,738675.540410959,0,0,0
24811.5468849792,40,2795.6,2665.2,2227.4,0,0,738675.540411422,0,0,0
24811.5868840456,40,2850.6,2547.6,2172.4,0,0,738675.540411885,0,0,0
24811.626883112,40,2866.4,2453.8,2137,0,0,738675.540412348,0,0,0
24811.6668821784,40,2843.8,2376.8,2108.8,0,0,738675.540412811,0,0,0
24811.7068812448,40,2807.4,2323.8,2093.2,0,0,738675.540413274,0,0,0
24811.7468803112,40,2766.2,2283.4,2081.2,0,0,738675.540413737,0,0,0
24811.7868793776,40,2743.8,2264,2074.2,0,0,738675.5404142,0,0,0
24811.826878444,40,2734.8,2254.8,2068.2,0,0,738675.540414663,0,0,0
24811.8668775104,40,2752.6,2260.4,2069.8,0,0,738675.540415126,0,0,0
24811.9068765768,40,2791,2283.2,2077,0,0,738675.540415589,0,0,0
24811.9468756432,40,2811.6,2309,2086.6,0,0,738675.540416052,0,0,0
24811.9868747096,40,2832.6,2352.4,2101.6,0,0,738675.540416515,0,0,0
24812.026873776,40,2848.2,2421.8,2129.8,0,0,738675.540416978,0,0,0
24812.0668728424,40,2857.8,2514.8,2162.6,0,0,738675.540417441,0,0,0
24812.1068719088,40,2847,2662.6,2215.8,0,0,738675.540417904,0,0,0
24812.1468709752,40,2739.6,2815.2,2301,0,0,738675.540418367,0,0,0
24812.1868700416,40,2569.4,2884,2408.4,0,0,738675.54041883,0,0,0
24812.226869108,40,2440.6,2875.4,2511.6,0,0,738675.540419293,0,0,0
24812.2668681744,40,2408,2875.8,2551.4,0,0,738675.540419756,0,0,0
24812.3068672408,40,2463.6,2887.4,2490.6,0,0,738675.540420218,0,0,0
24812.3468663072,40,2563.4,2868.6,2399.4,0,0,738675.540420681,0,0,0
24812.3868653736,40,2685,2799.8,2312.2,0,0,738675.540421144,0,0,0
24812.42686444,40,2787.8,2686,2238.4,0,0,738675.540421607,0,0,0
24812.4668635064,40,2881.6,2579.4,2183.4,0,0,738675.54042207,0,0,0
24812.5068625728,40,2904.2,2472.4,2138.8,0,0,738675.540422533,0,0,0
24812.5468616392,40,2889.2,2393.6,2110.8,0,0,738675.540422996,0,0,0
24812.5868607056,40,2848.8,2330.6,2089.6,0,0,738675.540423459,0,0,0
24812.626859772,40,2789.2,2284.8,2080.4,0,0,738675.540423922,0,0,0
24812.6668588384,40,2745.6,2258.6,2068.2,0,0,738675.540424385,0,0,0
24812.7068579048,40,2723.8,2245.6,2068.6,0,0,738675.540424848,0,0,0
24812.7468569712,40,2727.8,2247.8,2068.4,0,0,738675.540425311,0,0,0
24812.7868560376,40,2764.8,2272.2,2075.2,0,0,738675.540425774,0,0,0
24812.826855104,40,2775.8,2290.8,2082.8,0,0,738675.540426237,0,0,0
24812.8668541704,40,2795,2328,2094.4,0,0,738675.5404267,0,0,0
24812.9068532368,40,2828.4,2396.4,2122,0,0,738675.540427163,0,0,0
24812.9468523032,40,2852.2,2498.8,2152,0,0,738675.540427626,0,0,0
24812.9868513696,40,2833.4,2642.6,2210.2,0,0,738675.540428089,0,0,0
24813.026850436,40,2736.6,2792.2,2294.8,0,0,738675.540428552,0,0,0
24813.0668495024,40,2586.8,2871.8,2390,0,0,738675.540429015,0,0,0
24813.1068485688,40,2463.6,2893.4,2493.4,0,0,738675.540429478,0,0,0
24813.1468476352,40,2395.2,2870.8,2563.6,0,0,738675.54042994,0,0,0
24813.1868467016,40,2392,2874.6,2569.4,0,0,738675.540430403,0,0,0
24813.226845768,40,2451.8,2898.4,2509.6,0,0,738675.540430866,0,0,0
24813.2668448344,40,2532.8,2880.2,2431.6,0,0,738675.540431329,0,0,0
24813.3068439008,40,2632.2,2840,2352.2,0,0,738675.540431792,0,0,0
24813.3468429672,40,2732.6,2777,2283.2,0,0,738675.540432255,0,0,0
24813.3868420336,40,2821.6,2701.6,2232.4,0,0,738675.540432718,0,0,0
24813.4268411,40,2883,2621,2196.4,0,0,738675.540433181,0,0,0
24813.4668401664,40,2913.4,2562,2168.8,0,0,738675.540433644,0,0,0
24813.5068392328,40,2929.2,2523.4,2153.2,0,0,738675.540434107,0,0,0
24813.5468382992,40,2955,2510,2143.8,0,0,738675.54043457,0,0,0
24813.5868373656,40,2970.8,2509.4,2143.6,0,0,738675.540435033,0,0,0
24813.626836432,40,2986,2539,2150.2,0,0,738675.540435496,0,0,0
24813.6668354984,40,2993.2,2577.2,2162.8,0,0,738675.540435959,0,0,0
24813.7068345648,40,2985.6,2611.8,2177.4,0,0,738675.540436422,0,0,0
24813.7468336312,40,2981.8,2669.4,2195.2,0,0,738675.540436885,0,0,0
24813.7868326976,40,2938.6,2744.8,2223.6,0,0,738675.540437348,0,0,0
24813.826831764,40,2858.8,2844,2275.4,0,0,738675.540437811,0,0,0
24813.8668308304,40,2732,2936.6,2348.2,0,0,738675.540438274,0,0,0
24813.9068298968,40,2590.4,2983,2443.8,0,0,738675.540438737,0,0,0
24813.9468289632,40,2449.6,2971.6,2559.4,0,0,738675.5404392,0,0,0
24813.9868280296,40,2340.8,2884.4,2662.8,0,0,738675.540439663,0,0,0
24814.026827096,40,2278.8,2798,2723.4,0,0,738675.540440125,0,0,0
24814.0668261624,40,2299,2810.8,2689.8,0,0,738675.540440588,0,0,0
24814.1068252288,40,2364,2873.4,2607.8,0,0,738675.540441051,0,0,0
24814.1468242952,40,2471,2923.6,2508.8,0,0,738675.540441514,0,0,0
24814.1868233616,40,2606.4,2920,2400.4,0,0,738675.540441977,0,0,0
24814.226822428,40,2739.2,2861.8,2316.6,0,0,738675.54044244,0,0,0
24814.2668214944,40,2849.4,2797.8,2262,0,0,738675.540442903,0,0,0
24814.3068205608,40,2935.8,2737.2,2222.8,0,0,738675.540443366,0,0,0
24814.3468196272,40,2984.2,2692,2198.6,0,0,738675.540443829,0,0,0
24814.3868186936,40,2979.4,2670.2,2192,0,0,738675.540444292,0,0,0
24814.42681776,40,2972,2706.2,2207.2,0,0,738675.540444755,0,0,0
24814.4668168264,40,2944.4,2766.2,2229.2,0,0,738675.540445218,0,0,0
24814.5068158928,40,2850.2,2831,2272,0,0,738675.540445681,0,0,0
24814.5468149592,40,2732.2,2905.4,2337.6,0,0,738675.540446144,0,0,0
24814.5868140256,40,2571.6,2942.6,2437.8,0,0,738675.540446607,0,0,0
24814.626813092,40,2417.4,2892.2,2548.4,0,0,738675.54044707,0,0,0
24814.6668121584,40,2315.2,2817.2,2659.8,0,0,738675.540447533,0,0,0
24814.7068112248,40,2273.2,2793.2,2730,0,0,738675.540447996,0,0,0
24814.7468102912,40,2336.4,2885.2,2667.6,0,0,738675.540448459,0,0,0
24814.7868093576,40,2458.2,3023.6,2590.6,0,0,738675.540448921,0,0,0
24814.826808424,40,2614.4,3032.8,2449.6,0,0,738675.540449384,0,0,0
24814.8668074904,40,2771.8,2930.4,2331.8,0,0,738675.540449847,0,0,0
24814.9068065568,40,2894.6,2796.2,2248.6,0,0,738675.54045031,0,0,0
24814.9468056232,40,2973.8,2661.2,2192.8,0,0,738675.540450773,0,0,0
24814.9868046896,40,3001,2562.2,2156.8,0,0,738675.540451236,0,0,0
24815.026803756,40,2984.8,2514.2,2142.8,0,0,738675.540451699,0,0,0
24815.0668028224,40,2996.6,2546,2154.4,0,0,738675.540452162,0,0,0
24815.1068018888,40,2988.8,2616.8,2173.6,0,0,738675.540452625,0,0,0
24815.1468009552,40,2943.8,2706,2210.4,0,0,738675.540453088,0,0,0
24815.1868000216,40,2861,2819.4,2264.2,0,0,738675.540453551,0,0,0
24815.226799088,40,2731.4,2932.8,2349.8,0,0,738675.540454014,0,0,0
24815.2667981544,40,2570.6,2984,2458.4,0,0,738675.540454477,0,0,0
24815.3067972208,40,2420.6,2944.4,2584.6,0,0,738675.54045494,0,0,0
24815.3467962872,40,2311.4,2843.4,2686.4,0,0,738675.540455403,0,0,0
24815.3867953536,40,2269,2777,2725.6,0,0,738675.540455866,0,0,0
24815.42679442,40,2315.8,2810.4,2640.2,0,0,738675.540456329,0,0,0
24815.4667934864,40,2417.6,2871,2532.8,0,0,738675.540456792,0,0,0
24815.5067925528,40,2561.2,2887.8,2409.6,0,0,738675.540457255,0,0,0
24815.5467916192,40,2721,2812,2305.6,0,0,738675.540457718,0,0,0
24815.5867906856,40,2838,2694,2221.8,0,0,738675.540458181,0,0,0
24815.626789752,40,2909.4,2566.6,2172.6,0,0,738675.540458643,0,0,0
24815.6667888184,40,2921.6,2470,2133.6,0,0,738675.540459106,0,0,0
24815.7067878848,40,2904.2,2391.4,2109.6,0,0,738675.540459569,0,0,0
24815.7467869512,40,2862.8,2345,2097.4,0,0,738675.540460032,0,0,0
