275203.718595286,40,2122,2434.4,2869.8,0,0,738690.57647128,0,0,0
275203.758594352,40,2122.8,2435.6,2870.8,0,0,738690.576471743,0,0,0
275203.798593418,40,2118.4,2432.4,2872.4,0,0,738690.576472206,0,0,0
275203.838592485,40,2120,2435.8,2873.4,0,0,738690.576472669,0,0,0
275203.878591551,40,2121.4,2431.2,2874.6,0,0,738690.576473132,0,0,0
275203.918590618,40,2124.2,2433.6,2874.4,0,0,738690.576473595,0,0,0
275203.958589684,40,2120,2433.6,2867.8,0,0,738690.576474058,0,0,0
275203.998588751,40,2120.8,2434.2,2872.4,0,0,738690.576474521,0,0,0
275204.038587817,40,2122.6,2433.6,2869.2,0,0,738690.576474984,0,0,0
275204.078586883,40,2119.2,2435,2866.8,0,0,738690.576475447,0,0,0
275204.11858595,40,2120.6,2435,2871.6,0,0,738690.57647591,0,0,0
275204.158585016,40,2124.2,2436,2868,0,0,738690.576476373,0,0,0
275204.198584082,40,2124.2,2439.8,2874.4,0,0,738690.576476836,0,0,0
275204.238583149,40,2122,2443.4,2889.4,0,0,738690.576477299,0,0,0
275204.278582215,40,2123.4,2452.2,2888.6,0,0,738690.576477762,0,0,0
275204.318581282,40,2129.6,2473.6,2889.8,0,0,738690.576478225,0,0,0
275204.358580348,40,2147.4,2503,2882.6,0,0,738690.576478688,0,0,0
275204.398579414,40,2163.4,2553,2873.4,0,0,738690.576479151,0,0,0
275204.438578481,40,2191.2,2610.4,2855.2,0,0,738690.576479614,0,0,0
275204.478577547,40,2225.4,2680,2818.2,0,0,738690.576480077,0,0,0
275204.518576614,40,2270.2,2756.8,2762.6,0,0,738690.576480539,0,0,0
275204.55857568,40,2335,2832.6,2689,0,0,738690.576481002,0,0,0
275204.598574747,40,2406.6,2879.2,2589.2,0,0,738690.576481465,0,0,0
275204.638573813,40,2500.2,2901,2493,0,0,738690.576481928,0,0,0
275204.678572879,40,2610.4,2878.2,2401.4,0,0,738690.576482391,0,0,0
275204.718571946,40,2711.6,2818,2327.6,0,0,738690.576482854,0,0,0
275204.758571012,40,2804.8,2745.8,2269.2,0,0,738690.576483317,0,0,0
275204.798570079,40,2864.4,2662.6,2222.2,0,0,738690.57648378,0,0,0
275204.838569145,40,2892,2589.4,2189.4,0,0,738690.576484243,0,0,0
275204.878568211,40,2902,2528.2,2162.8,0,0,738690.576484706,0,0,0
275204.918567278,40,2894.6,2476.6,2148,0,0,738690.576485169,0,0,0
275204.958566344,40,2881.4,2435,2133,0,0,738690.576485632,0,0,0
275204.998565411,40,2852,2401,2120.8,0,0,738690.576486095,0,0,0
275205.038564477,40,2830.8,2364.2,2109.6,0,0,738690.576486558,0,0,0
275205.078563543,40,2798,2327.2,2097.4,0,0,738690.576487021,0,0,0
275205.11856261,40,2741.8,2289.8,2086.8,0,0,738690.576487484,0,0,0
275205.158561676,40,2669.8,2246.2,2072.6,0,0,738690.576487947,0,0,0
275205.198560742,40,2653.2,2236.2,2074.4,0,0,738690.57648841,0,0,0
275205.238559809,40,2676.8,2249,2077.2,0,0,738690.576488873,0,0,0
275205.278558875,40,2698,2257.2,2079.2,0,0,738690.576489336,0,0,0
275205.318557942,40,2725,2270,2084.8,0,0,738690.576489798,0,0,0
275205.358557008,40,2776,2301.2,2089.8,0,0,738690.576490261,0,0,0
275205.398556074,40,2832.2,2352.4,2102.4,0,0,738690.576490724,0,0,0
275205.438555141,40,2883.2,2423.4,2129,0,0,738690.576491187,0,0,0
275205.478554207,40,2879.8,2516.2,2165.6,0,0,738690.57649165,0,0,0
275205.518553274,40,2825.2,2620,2216.4,0,0,738690.576492113,0,0,0
275205.55855234,40,2754.8,2727,2276.8,0,0,738690.576492576,0,0,0
275205.598551407,40,2664,2815.4,2347.2,0,0,738690.576493039,0,0,0
275205.638550473,40,2596,2883.6,2411.6,0,0,738690.576493502,0,0,0
275205.678549539,40,2543.4,2927,2471.6,0,0,738690.576493965,0,0,0
275205.718548606,40,2513.4,2960.8,2522.6,0,0,738690.576494428,0,0,0
275205.758547672,40,2513.2,2982.4,2538.8,0,0,738690.576494891,0,0,0
275205.798546739,40,2542.8,2992.6,2514,0,0,738690.576495354,0,0,0
275205.838545805,40,2605.2,2952,2449,0,0,738690.576495817,0,0,0
275205.878544871,40,2685.2,2867.8,2359,0,0,738690.57649628,0,0,0
275205.918543938,40,2771.2,2758,2280.6,0,0,738690.576496743,0,0,0
275205.958543004,40,2828.8,2645.2,2223.8,0,0,738690.576497206,0,0,0
275205.998542071,40,2862.2,2583,2193.8,0,0,738690.576497669,0,0,0
275206.038541137,40,2879.2,2572.6,2184,0,0,738690.576498132,0,0,0
275206.078540203,40,2891,2605.4,2194.2,0,0,738690.576498595,0,0,0
275206.11853927,40,2896.2,2653.4,2209.2,0,0,738690.576499058,0,0,0
275206.158538336,40,2890.4,2725.4,2241.4,0,0,738690.57649952,0,0,0
275206.198537402,40,2835.6,2816.6,2290.4,0,0,738690.576499983,0,0,0
275206.238536469,40,2731.6,2931.4,2365.2,0,0,738690.576500446,0,0,0
275206.278535535,40,2591.2,3005.6,2486.2,0,0,738690.576500909,0,0,0
275206.318534602,40,2443.6,2992.6,2624.2,0,0,738690.576501372,0,0,0
275206.358533668,40,2372,2945.8,2713.8,0,0,738690.576501835,0,0,0
275206.398532734,40,2395.8,2935.4,2654.8,0,0,738690.576502298,0,0,0
275206.438531801,40,2489.6,2942.2,2536.8,0,0,738690.576502761,0,0,0
275206.478530867,40,2608,2898.8,2416.8,0,0,738690.576503224,0,0,0
275206.518529934,40,2728.8,2814.4,2317.4,0,0,738690.576503687,0,0,0
275206.558529,40,2823,2704.2,2243.8,0,0,738690.57650415,0,0,0
275206.598528067,40,2863.8,2615.4,2199.4,0,0,738690.576504613,0,0,0
275206.638527133,40,2888.8,2577.8,2182.8,0,0,738690.576505076,0,0,0
275206.678526199,40,2905.6,2599.4,2192.8,0,0,738690.576505539,0,0,0
275206.718525266,40,2907.2,2629.8,2204.2,0,0,738690.576506002,0,0,0
275206.758524332,40,2883.6,2669,2221.8,0,0,738690.576506465,0,0,0
275206.798523399,40,2836.4,2739.8,2262,0,0,738690.576506928,0,0,0
275206.838522465,40,2748,2821.6,2314.4,0,0,738690.576507391,0,0,0
275206.878521531,40,2617.8,2886.4,2402.2,0,0,738690.576507854,0,0,0
275206.918520598,40,2485,2902.2,2510.2,0,0,738690.576508317,0,0,0
275206.958519664,40,2387.4,2864.8,2609.6,0,0,738690.57650878,0,0,0
275206.998518731,40,2379.8,2873,2624.8,0,0,738690.576509243,0,0,0
275207.038517797,40,2453.4,2917,2554,0,0,738690.576509705,0,0,0
275207.078516863,40,2575.2,2920.2,2449,0,0,738690.576510168,0,0,0
275207.184514389,106,2859.8,2679.6,2226.6,0,0,738690.576511395,0,0,0
275207.352510468,168,2919.2,2624.6,2195.2,0,0,738690.57651334,0,0,0
275207.520506547,168,2565.8,2903,2444,0,0,738690.576515284,0,0,0
275207.688502626,168,2582.6,2915.8,2441.2,0,0,738690.576517228,0,0,0
275207.854498751,166,2937.4,2523.8,2160.8,0,0,738690.57651915,0,0,0
275208.086493337,232,2841.4,2805.8,2284,0,0,738690.576521835,0,0,0
275208.254489415,168,2515.6,2916.8,2495.4,0,0,738690.576523779,0,0,0
275208.423485471,169,2888,2614.4,2203.6,0,0,738690.576525735,0,0,0
275208.59148155,168,2897.8,2646.6,2210.2,0,0,738690.57652768,0,0,0
275208.759477629,168,2501.6,2945.8,2519.6,0,0,738690.576529624,0,0,0
275208.927473708,168,2644.2,2842.8,2364,0,0,738690.576531568,0,0,0
275209.095469786,168,2916.4,2493.6,2153.8,0,0,738690.576533513,0,0,0
275209.264465842,169,2870.4,2756.6,2257.4,0,0,738690.576535469,0,0,0
275209.433461898,169,2423.4,2898.2,2587.8,0,0,738690.576537425,0,0,0
275209.600458,167,2855.2,2714.8,2241.4,0,0,738690.576539358,0,0,0
275209.770454032,170,2894.8,2743.2,2252.4,0,0,738690.576541325,0,0,0
275209.937450134,167,2437,2902.8,2571.6,0,0,738690.576543258,0,0,0
275210.10344626,166,2588.8,3032.6,2502,0,0,738690.576545179,0,0,0
275210.271442339,168,2789.2,2888.8,2328.8,0,0,738690.576547123,0,0,0
275210.440438394,169,2421.4,2876.8,2568.4,0,0,738690.57654908,0,0,0
275210.673432956,233,2738.2,2823.6,2314.6,0,0,738690.576551776,0,0,0
275210.800429992,127,2694,2824.4,2332,0,0,738690.576553246,0,0,0
275210.840429058,40,2660.8,2849.6,2355.8,0,0,738690.576553709,0,0,0
275210.880428125,40,2642.4,2894.8,2393.2,0,0,738690.576554172,0,0,0
275210.920427191,40,2581.6,2956.6,2460.4,0,0,738690.576554635,0,0,0
275210.960426257,40,2490,2995.8,2567.4,0,0,738690.576555098,0,0,0
275211.000425324,40,2415.4,2990.4,2670.8,0,0,738690.576555561,0,0,0
275211.04042439,40,2389.8,2965.4,2693.6,0,0,738690.576556024,0,0,0
275211.081423433,41,2454.4,3014.8,2623,0,0,738690.576556498,0,0,0
275211.1214225,40,2551.4,3034.6,2529.4,0,0,738690.576556961,0,0,0
275211.161421566,40,2654.4,3013.6,2437.8,0,0,738690.576557424,0,0,0
275211.201420632,40,2750.4,2950.6,2367.4,0,0,738690.576557887,0,0,0
275211.241419699,40,2798.8,2874.8,2318.4,0,0,738690.57655835,0,0,0
275211.281418765,40,2819,2844.2,2299,0,0,738690.576558813,0,0,0
275211.321417832,40,2797.8,2834.4,2302.8,0,0,738690.576559276,0,0,0
275211.361416898,40,2754,2854.8,2323.2,0,0,738690.576559739,0,0,0
275211.401415964,40,2701.8,2865,2347.2,0,0,738690.576560202,0,0,0
275211.441415031,40,2661.8,2887.2,2381.2,0,0,738690.576560665,0,0,0
275211.481414097,40,2599.6,2908.4,2420.8,0,0,738690.576561128,0,0,0
275211.521413164,40,2532.8,2919.6,2480.2,0,0,738690.576561591,0,0,0
275211.56141223,40,2463,2947.8,2562.2,0,0,738690.576562054,0,0,0
275211.601411297,40,2412.2,2948.8,2633.8,0,0,738690.576562517,0,0,0
275211.641410363,40,2416.6,2957.4,2648.8,0,0,738690.57656298,0,0,0
275211.681409429,40,2455.8,2965.6,2590.4,0,0,738690.576563443,0,0,0
275211.721408496,40,2527.8,2963.4,2503.4,0,0,738690.576563906,0,0,0
275211.761407562,40,2607.4,2921.6,2425.4,0,0,738690.576564369,0,0,0
275211.801406628,40,2657.4,2867.2,2368.4,0,0,738690.576564831,0,0,0
275211.841405695,40,2690.8,2816.4,2335.4,0,0,738690.576565294,0,0,0
275211.881404761,40,2683.6,2775,2322.6,0,0,738690.576565757,0,0,0
275211.921403828,40,2662.8,2790,2332.6,0,0,738690.57656622,0,0,0
275211.961402894,40,2635,2828,2363.6,0,0,738690.576566683,0,0,0
275212.001401961,40,2588.6,2878,2411.6,0,0,738690.576567146,0,0,0
275212.041401027,40,2505.2,2899.6,2485.6,0,0,738690.576567609,0,0,0
275212.081400093,40,2427.6,2916.4,2593.2,0,0,738690.576568072,0,0,0
275212.12139916,40,2363.8,2883.8,2656.8,0,0,738690.576568535,0,0,0
275212.161398226,40,2379.4,2870.6,2629.6,0,0,738690.576568998,0,0,0
275212.201397292,40,2427,2864.8,2553.2,0,0,738690.576569461,0,0,0
275212.241396359,40,2508,2842.4,2451.2,0,0,738690.576569924,0,0,0
275212.281395425,40,2643,2852.8,2373.2,0,0,738690.576570387,0,0,0
275212.321394492,40,2763,2796.4,2301.2,0,0,738690.57657085,0,0,0
275212.361393558,40,2846,2722,2247.4,0,0,738690.576571313,0,0,0
275212.401392624,40,2909.4,2655.6,2212.2,0,0,738690.576571776,0,0,0
275212.441391691,40,2939.4,2626.2,2200.8,0,0,738690.576572239,0,0,0
275212.481390757,40,2928.8,2634.6,2202,0,0,738690.576572702,0,0,0
275212.521389824,40,2916.6,2674.6,2219.6,0,0,738690.576573165,0,0,0
275212.56138889,40,2884,2737,2245.6,0,0,738690.576573628,0,0,0
275212.601387957,40,2819.6,2799.6,2283,0,0,738690.576574091,0,0,0
275212.641387023,40,2723,2859,2342.6,0,0,738690.576574554,0,0,0
275212.681386089,40,2618.2,2906.2,2412,0,0,738690.576575016,0,0,0
275212.721385156,40,2522,2911.8,2485.8,0,0,738690.576575479,0,0,0
275212.761384222,40,2466.4,2906.6,2535.4,0,0,738690.576575942,0,0,0
275212.801383288,40,2479.6,2893.2,2512.4,0,0,738690.576576405,0,0,0
275212.841382355,40,2542.4,2867.4,2441.8,0,0,738690.576576868,0,0,0
275212.881381421,40,2641.2,2829.8,2362.6,0,0,738690.576577331,0,0,0
275212.921380488,40,2743.6,2776.6,2299.8,0,0,738690.576577794,0,0,0
275212.961379554,40,2819.6,2713.4,2251.2,0,0,738690.576578257,0,0,0
275213.00137862,40,2879.6,2672.6,2225.4,0,0,738690.57657872,0,0,0
275213.041377687,40,2908.2,2663.2,2213.6,0,0,738690.576579183,0,0,0
275213.081376753,40,2921.2,2680.8,2219.6,0,0,738690.576579646,0,0,0
275213.12137582,40,2921.8,2714.2,2230.4,0,0,738690.576580109,0,0,0
275213.161374886,40,2905.6,2738.8,2243.4,0,0,738690.576580572,0,0,0
275213.201373952,40,2872.4,2782.6,2261.6,0,0,738690.576581035,0,0,0
275213.241373019,40,2818.4,2842,2300.8,0,0,738690.576581498,0,0,0
275213.281372085,40,2728.4,2896.8,2359.2,0,0,738690.576581961,0,0,0
275213.321371152,40,2607.6,2914.2,2425.6,0,0,738690.576582424,0,0,0
275213.361370218,40,2505.6,2913.6,2502,0,0,738690.576582887,0,0,0
275213.401369284,40,2431.4,2898,2571.4,0,0,738690.57658335,0,0,0
275213.441368351,40,2418.4,2853.4,2552.6,0,0,738690.576583812,0,0,0
275213.481367417,40,2475.4,2871.8,2499.8,0,0,738690.576584275,0,0,0
275213.521366484,40,2557.8,2875,2429.6,0,0,738690.576584738,0,0,0
275213.56136555,40,2651.6,2841.6,2360.8,0,0,738690.576585201,0,0,0
275213.601364617,40,2742.4,2796.2,2308.4,0,0,738690.576585664,0,0,0
275213.641363683,40,2812.2,2748.2,2266.4,0,0,738690.576586127,0,0,0
275213.681362749,40,2836.2,2697,2240.4,0,0,738690.57658659,0,0,0
275213.721361816,40,2860,2722.2,2246.4,0,0,738690.576587053,0,0,0
275213.761360882,40,2836.4,2764,2268.8,0,0,738690.576587516,0,0,0
275213.801359948,40,2790.6,2822,2302.8,0,0,738690.576587979,0,0,0
275213.841359015,40,2703.6,2881.2,2360.8,0,0,738690.576588442,0,0,0
275213.881358081,40,2603,2938.2,2438,0,0,738690.576588905,0,0,0
275213.921357148,40,2492.2,2922.2,2519.4,0,0,738690.576589368,0,0,0
275213.961356214,40,2405,2887.2,2602.6,0,0,738690.576589831,0,0,0
275214.00135528,40,2361.6,2865.2,2659.6,0,0,738690.576590294,0,0,0
275214.041354347,40,2377.6,2867,2623.4,0,0,738690.576590757,0,0,0
275214.081353413,40,2435.2,2879.4,2554.4,0,0,738690.57659122,0,0,0
275214.12135248,40,2518.2,2886.2,2477.6,0,0,738690.576591683,0,0,0
275214.161351546,40,2606,2881.4,2408.6,0,0,738690.576592146,0,0,0
275214.201350613,40,2677.2,2859.2,2358.4,0,0,738690.576592609,0,0,0
275214.241349679,40,2733.8,2842.6,2332.2,0,0,738690.576593072,0,0,0
275214.281348745,40,2757.2,2862.4,2328.6,0,0,738690.576593535,0,0,0
275214.321347812,40,2740.8,2908.2,2357.6,0,0,738690.576593997,0,0,0
275214.361346878,40,2684.2,2936,2393.4,0,0,738690.57659446,0,0,0
275214.401345944,40,2619,2959,2442.4,0,0,738690.576594923,0,0,0
275214.441345011,40,2536.8,2966,2504.6,0,0,738690.576595386,0,0,0
275214.481344077,40,2463.8,2965,2581,0,0,738690.576595849,0,0,0
275214.521343144,40,2418,2935.8,2629.6,0,0,738690.576596312,0,0,0
275214.56134221,40,2416.8,2912.2,2605.6,0,0,738690.576596775,0,0,0
275214.601341276,40,2461.4,2914.4,2545.2,0,0,738690.576597238,0,0,0
275214.641340343,40,2527,2910,2476,0,0,738690.576597701,0,0,0
275214.681339409,40,2606,2885.4,2403.8,0,0,738690.576598164,0,0,0
275214.721338476,40,2675,2841.2,2352.2,0,0,738690.576598627,0,0,0
275214.761337542,40,2735.8,2801.8,2312.6,0,0,738690.57659909,0,0,0
275214.801336608,40,2788.8,2784.2,2289.4,0,0,738690.576599553,0,0,0
275214.841335675,40,2813.4,2784.8,2281.2,0,0,738690.576600016,0,0,0
275214.881334741,40,2814,2820,2296.4,0,0,738690.576600479,0,0,0
275214.921333808,40,2795.4,2873.4,2323.4,0,0,738690.576600942,0,0,0
275214.961332874,40,2755.6,2928.2,2356.4,0,0,738690.576601405,0,0,0
275215.00133194,40,2681.2,2978.8,2416.4,0,0,738690.576601868,0,0,0
275215.041331007,40,2584,3019,2496.8,0,0,738690.576602331,0,0,0
275215.081330073,40,2478.4,3014.6,2597.2,0,0,738690.576602794,0,0,0
275215.12132914,40,2402.4,2967.2,2675.6,0,0,738690.576603257,0,0,0
275215.161328206,40,2391.2,2950.8,2681.4,0,0,738690.576603719,0,0,0
275215.201327273,40,2440.8,2961,2605.2,0,0,738690.576604182,0,0,0
275215.241326339,40,2516.8,2930,2499.6,0,0,738690.576604645,0,0,0
275215.281325405,40,2603.8,2906,2419.8,0,0,738690.576605108,0,0,0
275215.321324472,40,2686,2856.6,2354,0,0,738690.576605571,0,0,0
275215.361323538,40,2749.2,2797,2306.2,0,0,738690.576606034,0,0,0
275215.401322605,40,2788.6,2757.4,2281.4,0,0,738690.576606497,0,0,0
275215.441321671,40,2803,2751.6,2272.8,0,0,738690.57660696,0,0,0
275215.481320737,40,2819.6,2792.4,2287.2,0,0,738690.576607423,0,0,0
275215.521319804,40,2820.8,2838.4,2299.4,0,0,738690.576607886,0,0,0
275215.56131887,40,2794.4,2887.4,2328.8,0,0,738690.576608349,0,0,0
275215.601317936,40,2746.6,2957.6,2373,0,0,738690.576608812,0,0,0
275215.641317003,40,2661.8,3031.8,2447.2,0,0,738690.576609275,0,0,0
275215.681316069,40,2554,3051.4,2533.8,0,0,738690.576609738,0,0,0
275215.721315136,40,2469.8,3049.4,2625.6,0,0,738690.576610201,0,0,0
275215.761314202,40,2445.4,3026.8,2642.2,0,0,738690.576610664,0,0,0
275215.801313268,40,2498.8,3003,2566.4,0,0,738690.576611127,0,0,0
275215.841312335,40,2580,2950,2466,0,0,738690.57661159,0,0,0
275215.881311401,40,2642.6,2869,2377.8,0,0,738690.576612053,0,0,0
275215.921310468,40,2715.6,2796.2,2318.4,0,0,738690.576612515,0,0,0
275215.961309534,40,2777.6,2738.6,2274.8,0,0,738690.576612978,0,0,0
275216.0013086,40,2811,2703.8,2250.6,0,0,738690.576613441,0,0,0
275216.041307667,40,2836.6,2715.2,2250.2,0,0,738690.576613904,0,0,0
275216.081306733,40,2835.4,2752,2263.8,0,0,738690.576614367,0,0,0
275216.1213058,40,2835.4,2789.4,2278.4,0,0,738690.57661483,0,0,0
275216.161304866,40,2794,2829.4,2306.8,0,0,738690.576615293,0,0,0
275216.201303932,40,2738.8,2907.8,2361.4,0,0,738690.576615756,0,0,0
275216.241302999,40,2654,2968,2425,0,0,738690.576616219,0,0,0
275216.281302065,40,2561.6,3001.2,2505.8,0,0,738690.576616682,0,0,0
275216.321301132,40,2478.4,3012,2586.8,0,0,738690.576617145,0,0,0
275216.361300198,40,2443.6,2990.2,2625.8,0,0,738690.576617608,0,0,0
275216.401299265,40,2480.4,2988.8,2575,0,0,738690.576618071,0,0,0
275216.441298331,40,2554,2956.6,2486.6,0,0,738690.576618534,0,0,0
275216.481297397,40,2625.2,2911.8,2409.4,0,0,738690.576618997,0,0,0
275216.521296464,40,2691,2853.4,2354.4,0,0,738690.57661946,0,0,0
275216.56129553,40,2738.8,2796.6,2311.6,0,0,738690.576619923,0,0,0
275216.601294597,40,2769,2765,2284.8,0,0,738690.576620386,0,0,0
275216.641293663,40,2786,2770.8,2280.4,0,0,738690.576620849,0,0,0
275216.681292729,40,2788.8,2796,2293.8,0,0,738690.576621312,0,0,0
275216.721291796,40,2791.4,2838.8,2313.2,0,0,738690.576621775,0,0,0
275216.761290862,40,2769,2879.2,2331.8,0,0,738690.576622238,0,0,0
275216.801289928,40,2726,2942.2,2378.4,0,0,738690.5766227,0,0,0
275216.841288995,40,2642.4,2997.8,2446.6,0,0,738690.576623163,0,0,0
275216.881288061,40,2544.8,3021.6,2528,0,0,738690.576623626,0,0,0
275216.921287128,40,2471.2,3036.2,2624.2,0,0,738690.576624089,0,0,0
275216.961286194,40,2431.6,3002,2651.4,0,0,738690.576624552,0,0,0
275217.00128526,40,2467.4,2999,2599,0,0,738690.576625015,0,0,0
275217.041284327,40,2537.4,2956.2,2499,0,0,738690.576625478,0,0,0
275217.081283393,40,2609,2909.2,2421,0,0,738690.576625941,0,0,0
275217.12128246,40,2680.2,2846.6,2349.4,0,0,738690.576626404,0,0,0
275217.161281526,40,2730.6,2795.2,2312.2,0,0,738690.576626867,0,0,0
275217.201280592,40,2766,2768,2288.6,0,0,738690.57662733,0,0,0
275217.241279659,40,2781.4,2781.8,2288.8,0,0,738690.576627793,0,0,0
275217.281278725,40,2778.8,2821,2310.2,0,0,738690.576628256,0,0,0
275217.321277792,40,2788.6,2850,2320.6,0,0,738690.576628719,0,0,0
275217.361276858,40,2772,2865.6,2327.4,0,0,738690.576629182,0,0,0
275217.401275925,40,2757,2913,2354,0,0,738690.576629645,0,0,0
275217.441274991,40,2699.6,2962,2396.8,0,0,738690.576630108,0,0,0
275217.481274057,40,2620.4,2994.8,2455.4,0,0,738690.576630571,0,0,0
275217.521273124,40,2544.2,3018.4,2528.4,0,0,738690.576631034,0,0,0
275217.56127219,40,2492.2,3012.2,2579.2,0,0,738690.576631497,0,0,0
275217.601271257,40,2495,2999,2569.6,0,0,738690.57663196,0,0,0
275217.641270323,40,2539.6,2952,2493.2,0,0,738690.576632423,0,0,0
275217.681269389,40,2619.6,2923.8,2424.2,0,0,738690.576632885,0,0,0
275217.721268456,40,2689,2860,2356.2,0,0,738690.576633348,0,0,0
275217.761267522,40,2753,2798.8,2309.4,0,0,738690.576633811,0,0,0
275217.801266588,40,2787,2741.6,2275.8,0,0,738690.576634274,0,0,0
275217.841265655,40,2805.4,2728.4,2260.6,0,0,738690.576634737,0,0,0
275217.881264721,40,2806.4,2744.2,2268.4,0,0,738690.5766352,0,0,0
275217.921263788,40,2805,2780.6,2283.2,0,0,738690.576635663,0,0,0
275217.961262854,40,2801.4,2815.8,2298,0,0,738690.576636126,0,0,0
275218.00126192,40,2776.2,2854,2324.4,0,0,738690.576636589,0,0,0
275218.041260987,40,2735.8,2919,2359.2,0,0,738690.576637052,0,0,0
275218.081260053,40,2664.8,2971.2,2419.8,0,0,738690.576637515,0,0,0
275218.12125912,40,2593.6,3004.4,2484.4,0,0,738690.576637978,0,0,0
275218.161258186,40,2541.6,3013,2528.2,0,0,738690.576638441,0,0,0
275218.201257252,40,2543.2,3001.6,2518.6,0,0,738690.576638904,0,0,0
275218.241256319,40,2605.2,2963,2449,0,0,738690.576639367,0,0,0
275218.281255385,40,2693.4,2893.6,2366.2,0,0,738690.57663983,0,0,0
275218.321254452,40,2775,2807.8,2301.4,0,0,738690.576640293,0,0,0
275218.361253518,40,2834,2716.6,2249.8,0,0,738690.576640756,0,0,0
275218.401252584,40,2884.4,2647,2214,0,0,738690.576641219,0,0,0
275218.441251651,40,2927.8,2596.2,2188.6,0,0,738690.576641681,0,0,0
275218.481250717,40,2954.6,2554.4,2175.8,0,0,738690.576642144,0,0,0
275218.521249784,40,2979,2543.2,2167.2,0,0,738690.576642607,0,0,0
275218.56124885,40,2989.6,2548.8,2165.6,0,0,738690.57664307,0,0,0
275218.601247917,40,2995,2571,2174.8,0,0,738690.576643533,0,0,0
275218.641246983,40,2990,2593.4,2179.2,0,0,738690.576643996,0,0,0
275218.681246049,40,2960.2,2592.2,2185.8,0,0,738690.576644459,0,0,0
275218.721245116,40,2932,2605.8,2192.2,0,0,738690.576644922,0,0,0
275218.761244182,40,2904,2619.4,2200.6,0,0,738690.576645385,0,0,0
275218.801243248,40,2872,2641.8,2218.6,0,0,738690.576645848,0,0,0
275218.841242315,40,2846.8,2668.8,2230.4,0,0,738690.576646311,0,0,0
275218.881241381,40,2832.4,2696.6,2245.4,0,0,738690.576646774,0,0,0
275218.921240448,40,2824.6,2716.4,2254.2,0,0,738690.576647237,0,0,0
275218.961239514,40,2830,2723.2,2254.4,0,0,738690.5766477,0,0,0
275219.001238581,40,2832.4,2722.8,2255.4,0,0,738690.576648163,0,0,0
275219.041237647,40,2834.2,2733.6,2259.4,0,0,738690.576648626,0,0,0
275219.081236713,40,2820.6,2742.2,2264,0,0,738690.576649089,0,0,0
275219.12123578,40,2816.6,2749,2266.2,0,0,738690.576649552,0,0,0
275219.161234846,40,2808.2,2748.4,2268,0,0,738690.576650015,0,0,0
275219.201233912,40,2804,2764,2275,0,0,738690.576650478,0,0,0
275219.241232979,40,2802.2,2776.6,2280.8,0,0,738690.576650941,0,0,0
275219.281232045,40,2812.8,2791.6,2287.6,0,0,738690.576651404,0,0,0
275219.321231112,40,2829.8,2811.6,2294.2,0,0,738690.576651866,0,0,0
275219.361230178,40,2846.8,2842,2299.6,0,0,738690.576652329,0,0,0
275219.401229244,40,2851,2873.2,2307,0,0,738690.576652792,0,0,0
275219.441228311,40,2833,2895.8,2317.6,0,0,738690.576653255,0,0,0
275219.481227377,40,2807.2,2922.2,2338.6,0,0,738690.576653718,0,0,0
275219.521226444,40,2767.8,2945.8,2360.8,0,0,738690.576654181,0,0,0
275219.56122551,40,2736,2961.6,2382,0,0,738690.576654644,0,0,0
275219.601224577,40,2694,2967.4,2398.6,0,0,738690.576655107,0,0,0
275219.641223643,40,2650.2,2973.6,2426.8,0,0,738690.57665557,0,0,0
275219.681222709,40,2600,2966,2454.2,0,0,738690.576656033,0,0,0
275219.721221776,40,2557.8,2952.4,2483.2,0,0,738690.576656496,0,0,0
275219.761220842,40,2515.4,2950,2515,0,0,738690.576656959,0,0,0
275219.801219908,40,2477.6,2951.2,2556.2,0,0,738690.576657422,0,0,0
275219.841218975,40,2443,2957,2606,0,0,738690.576657885,0,0,0
275219.881218041,40,2404.8,2944.8,2653.2,0,0,738690.576658348,0,0,0
275219.921217108,40,2367,2922.6,2696.8,0,0,738690.576658811,0,0,0
275219.961216174,40,2345.4,2912.8,2741.6,0,0,738690.576659274,0,0,0
275220.00121524,40,2336.2,2916.8,2776.2,0,0,738690.576659737,0,0,0
275220.041214307,40,2332.4,2923,2784.2,0,0,738690.5766602,0,0,0
275220.081213373,40,2330,2918.4,2783.6,0,0,738690.576660663,0,0,0
275220.12121244,40,2323.8,2895.8,2784.4,0,0,738690.576661126,0,0,0
275220.161211506,40,2315.4,2872.8,2771.2,0,0,738690.576661589,0,0,0
275220.201210573,40,2307.2,2843,2757.8,0,0,738690.576662051,0,0,0
275220.241209639,40,2298.6,2816.8,2741.2,0,0,738690.576662514,0,0,0
275220.281208705,40,2294.6,2797.2,2736.4,0,0,738690.576662977,0,0,0
275220.321207772,40,2296,2796,2729,0,0,738690.57666344,0,0,0
275220.361206838,40,2317.6,2829.6,2719.8,0,0,738690.576663903,0,0,0
275220.401205904,40,2386.4,2906,2654.4,0,0,738690.576664366,0,0,0
275220.441204971,40,2496.8,2995.8,2561.2,0,0,738690.576664829,0,0,0
275220.481204037,40,2659.2,3012.4,2441.8,0,0,738690.576665292,0,0,0
275220.521203104,40,2827.8,2915.6,2329,0,0,738690.576665755,0,0,0
275220.56120217,40,2944,2765.6,2245.8,0,0,738690.576666218,0,0,0
275220.601201237,40,2989.8,2639.6,2198,0,0,738690.576666681,0,0,0
275220.641200303,40,2982.4,2555.4,2168.4,0,0,738690.576667144,0,0,0
275220.681199369,40,2990.8,2533.6,2160,0,0,738690.576667607,0,0,0
275220.721198436,40,2989.2,2544.2,2159.4,0,0,738690.57666807,0,0,0
275220.761197502,40,2984.8,2577,2175.2,0,0,738690.576668533,0,0,0
275220.801196568,40,2977.6,2615,2190,0,0,738690.576668996,0,0,0
275220.841195635,40,2960.4,2680.4,2213.6,0,0,738690.576669459,0,0,0
275220.881194701,40,2907.2,2786.2,2262.6,0,0,738690.576669922,0,0,0
275220.921193768,40,2789.2,2898.8,2338.8,0,0,738690.576670385,0,0,0
275220.961192834,40,2620.2,2971.2,2446.8,0,0,738690.576670847,0,0,0
275221.0011919,40,2477.6,2982.6,2577.4,0,0,738690.57667131,0,0,0
275221.041190967,40,2370.2,2933.6,2704.6,0,0,738690.576671773,0,0,0
275221.081190033,40,2307.2,2886.4,2809.2,0,0,738690.576672236,0,0,0
275221.1211891,40,2265.2,2827.6,2878.8,0,0,738690.576672699,0,0,0
275221.161188166,40,2237.4,2766.6,2918,0,0,738690.576673162,0,0,0
275221.201187233,40,2207.4,2712.6,2955.8,0,0,738690.576673625,0,0,0
275221.241186299,40,2186,2653.8,2978.8,0,0,738690.576674088,0,0,0
275221.281185365,40,2170.8,2611.4,2977.4,0,0,738690.576674551,0,0,0
275221.321184432,40,2181.4,2626.8,2941.2,0,0,738690.576675014,0,0,0
275221.361183498,40,2216.2,2692,2879.8,0,0,738690.576675477,0,0,0
275221.401182564,40,2275.6,2795.8,2790,0,0,738690.57667594,0,0,0
275221.441181631,40,2366.4,2873,2655.4,0,0,738690.576676403,0,0,0
275221.481180697,40,2498,2916.2,2505.2,0,0,738690.576676866,0,0,0
275221.521179764,40,2664.4,2875.2,2376.8,0,0,738690.576677329,0,0,0
275221.56117883,40,2812.8,2764.8,2275,0,0,738690.576677792,0,0,0
275221.601177896,40,2878.8,2634,2214.4,0,0,738690.576678255,0,0,0
275221.641176963,40,2918.4,2548.2,2171.6,0,0,738690.576678718,0,0,0
275221.681176029,40,2915.2,2470.6,2146.6,0,0,738690.576679181,0,0,0
275221.721175096,40,2900.6,2432,2131,0,0,738690.576679644,0,0,0
275221.761174162,40,2902.2,2418.4,2127,0,0,738690.576680107,0,0,0
275221.801173228,40,2919,2431,2132.2,0,0,738690.57668057,0,0,0
275221.841172295,40,2938.4,2451.2,2136,0,0,738690.576681032,0,0,0
275221.881171361,40,2946.6,2470.8,2140.4,0,0,738690.576681495,0,0,0
275221.921170428,40,2966.4,2499.8,2148.2,0,0,738690.576681958,0,0,0
275221.980169051,59,2976.4,2633.6,2196.6,0,0,738690.576682641,0,0,0
275222.149165106,169,2359.6,2949.6,2748,0,0,738690.576684597,0,0,0
275222.317161185,168,2814,2744.2,2264.4,0,0,738690.576686542,0,0,0
275222.486157241,169,2907.8,2526.4,2166.4,0,0,738690.576688498,0,0,0
275222.657153249,171,2894.8,2619,2203.2,0,0,738690.576690477,0,0,0
275222.826149305,169,2379.2,2888,2649.6,0,0,738690.576692433,0,0,0
275222.995145361,169,2831.4,2934.8,2336.4,0,0,738690.576694389,0,0,0
275223.164141416,169,3026.2,2628,2189,0,0,738690.576696345,0,0,0
275223.333137472,169,2861,2771.6,2268.2,0,0,738690.576698301,0,0,0
275223.502133527,169,2350.8,2867.8,2684.2,0,0,738690.576700257,0,0,0
275223.670129606,168,2804.8,2736.4,2264.4,0,0,738690.576702201,0,0,0
275223.839125662,169,2914,2631,2203.4,0,0,738690.576704157,0,0,0
275224.008121717,169,2734.4,2904.8,2359.6,0,0,738690.576706113,0,0,0
275224.176117796,168,2522.2,2988.8,2531.4,0,0,738690.576708057,0,0,0
275224.408112381,232,2989.8,2603.6,2182.6,0,0,738690.576710742,0,0,0
275224.577108437,169,2878.2,2769,2266.6,0,0,738690.576712698,0,0,0
275224.743104562,166,2516,3003.6,2549.4,0,0,738690.57671462,0,0,0
275224.912100618,169,2990,2662.4,2202,0,0,738690.576716576,0,0,0
275225.078096743,166,2959,2703.2,2220.6,0,0,738690.576718497,0,0,0
275225.247092799,169,2485.4,2918.2,2521.6,0,0,738690.576720453,0,0,0
275225.416088854,169,2843.8,2837.6,2294,0,0,738690.576722409,0,0,0
275225.583084957,167,2963.8,2691.2,2220,0,0,738690.576724342,0,0,0
275225.723081689,140,2787.8,2890.8,2337.6,0,0,738690.576725962,0,0,0
275225.763080755,40,2669.6,2959.6,2409.8,0,0,738690.576726425,0,0,0
275225.803079822,40,2542.4,2982.8,2508.8,0,0,738690.576726888,0,0,0
275225.843078888,40,2451.2,2950,2589,0,0,738690.576727351,0,0,0
275225.883077955,40,2477.6,2950,2558,0,0,738690.576727814,0,0,0
275225.923077021,40,2594.6,2924.4,2440,0,0,738690.576728277,0,0,0
275225.963076087,40,2728.2,2838.2,2330.6,0,0,738690.57672874,0,0,0
275226.003075154,40,2845.6,2715.4,2247,0,0,738690.576729203,0,0,0
275226.04307422,40,2886.4,2596.8,2196.8,0,0,738690.576729666,0,0,0
275226.083073287,40,2920.2,2531.8,2168.4,0,0,738690.576730128,0,0,0
275226.123072353,40,2938.2,2526,2165,0,0,738690.576730591,0,0,0
275226.163071419,40,2972.8,2573.8,2175.4,0,0,738690.576731054,0,0,0
275226.203070486,40,2971.6,2622.4,2192.6,0,0,738690.576731517,0,0,0
275226.243069552,40,2955.4,2694.6,2221.8,0,0,738690.57673198,0,0,0
275226.283068619,40,2911.6,2802.6,2268,0,0,738690.576732443,0,0,0
275226.323067685,40,2799.6,2917,2338.8,0,0,738690.576732906,0,0,0
275226.363066751,40,2645.8,2991.6,2442,0,0,738690.576733369,0,0,0
275226.403065818,40,2505.2,3009.2,2560.8,0,0,738690.576733832,0,0,0
275226.443064884,40,2417.8,2961.2,2645.4,0,0,738690.576734295,0,0,0
275226.483063951,40,2425.4,2957,2635.8,0,0,738690.576734758,0,0,0
275226.523063017,40,2499.8,2974.2,2549.2,0,0,738690.576735221,0,0,0
275226.563062083,40,2613.6,2955.6,2441.8,0,0,738690.576735684,0,0,0
275226.60306115,40,2767.8,2867.2,2331,0,0,738690.576736147,0,0,0
275226.643060216,40,2902,2725.4,2241.6,0,0,738690.57673661,0,0,0
275226.683059283,40,2955.8,2558.6,2175.6,0,0,738690.576737073,0,0,0
275226.723058349,40,2933.2,2428.8,2131.2,0,0,738690.576737536,0,0,0
275226.763057415,40,2824.8,2333.2,2100,0,0,738690.576737999,0,0,0
275226.803056482,40,2715.8,2259.8,2079.2,0,0,738690.576738462,0,0,0
275226.843055548,40,2672.8,2237.8,2073.2,0,0,738690.576738925,0,0,0
275226.883054615,40,2686.4,2249,2078.4,0,0,738690.576739388,0,0,0
275226.923053681,40,2725.6,2262.4,2084,0,0,738690.576739851,0,0,0
275226.963052747,40,2788,2292.4,2091.4,0,0,738690.576740313,0,0,0
275227.003051814,40,2844.6,2343.2,2105.8,0,0,738690.576740776,0,0,0
275227.04305088,40,2903.4,2421.4,2127.4,0,0,738690.576741239,0,0,0
275227.083049947,40,2902,2522.6,2165.8,0,0,738690.576741702,0,0,0
275227.123049013,40,2843.8,2634.8,2215.4,0,0,738690.576742165,0,0,0
275227.163048079,40,2780.6,2741,2275.8,0,0,738690.576742628,0,0,0
275227.203047146,40,2722.2,2828.2,2329.6,0,0,738690.576743091,0,0,0
275227.243046212,40,2707.6,2870.6,2356,0,0,738690.576743554,0,0,0
275227.283045279,40,2741.8,2837.6,2327,0,0,738690.576744017,0,0,0
275227.323044345,40,2817.8,2755.4,2275,0,0,738690.57674448,0,0,0
275227.363043411,40,2891.4,2649.6,2213,0,0,738690.576744943,0,0,0
275227.403042478,40,2918,2522.4,2162.8,0,0,738690.576745406,0,0,0
275227.443041544,40,2891,2418.6,2131.6,0,0,738690.576745869,0,0,0
275227.483040611,40,2799.6,2329,2100.4,0,0,738690.576746332,0,0,0
275227.523039677,40,2697.8,2258,2079.8,0,0,738690.576746795,0,0,0
275227.563038743,40,2649,2238.4,2076,0,0,738690.576747258,0,0,0
275227.60303781,40,2688.2,2253,2080,0,0,738690.576747721,0,0,0
275227.643036876,40,2738,2272.6,2082,0,0,738690.576748184,0,0,0
275227.683035943,40,2789,2302,2088.2,0,0,738690.576748647,0,0,0
275227.723035009,40,2868.4,2346,2103,0,0,738690.57674911,0,0,0
275227.763034075,40,2942,2416.6,2125.2,0,0,738690.576749573,0,0,0
275227.803033142,40,3007.8,2532,2158.8,0,0,738690.576750036,0,0,0
275227.843032208,40,2986.6,2657.8,2206.2,0,0,738690.576750498,0,0,0
275227.883031275,40,2892.4,2775.2,2263.6,0,0,738690.576750961,0,0,0
275227.923030341,40,2783,2850.2,2319,0,0,738690.576751424,0,0,0
275227.963029407,40,2722.6,2865.4,2346.4,0,0,738690.576751887,0,0,0
275228.003028474,40,2722.4,2795.8,2320.4,0,0,738690.57675235,0,0,0
275228.04302754,40,2767.2,2712,2269.6,0,0,738690.576752813,0,0,0
275228.083026607,40,2869.6,2628,2212.2,0,0,738690.576753276,0,0,0
275228.123025673,40,2920.4,2524.8,2167.8,0,0,738690.576753739,0,0,0
275228.163024739,40,2904.4,2421.4,2128.4,0,0,738690.576754202,0,0,0
275228.203023806,40,2836.4,2338,2095,0,0,738690.576754665,0,0,0
275228.243022872,40,2738.8,2275,2084.6,0,0,738690.576755128,0,0,0
275228.283021939,40,2659.8,2233.2,2070.6,0,0,738690.576755591,0,0,0
275228.323021005,40,2675.2,2247.6,2076,0,0,738690.576756054,0,0,0
275228.363020071,40,2738.4,2272,2086,0,0,738690.576756517,0,0,0
275228.403019138,40,2796,2305.2,2093.8,0,0,738690.57675698,0,0,0
275228.443018204,40,2857.6,2365,2112.6,0,0,738690.576757443,0,0,0
275228.483017271,40,2904.8,2452.6,2137.4,0,0,738690.576757906,0,0,0
275228.523016337,40,2894.8,2552.8,2180.4,0,0,738690.576758369,0,0,0
275228.563015403,40,2840.6,2649.8,2226.6,0,0,738690.576758832,0,0,0
275228.60301447,40,2775.6,2743.2,2276.8,0,0,738690.576759294,0,0,0
275228.643013536,40,2736.8,2797,2311.2,0,0,738690.576759757,0,0,0
275228.683012603,40,2734.6,2793.2,2309.6,0,0,738690.57676022,0,0,0
275228.723011669,40,2788,2737.4,2273.6,0,0,738690.576760683,0,0,0
275228.763010735,40,2843.8,2647,2221.4,0,0,738690.576761146,0,0,0
275228.803009802,40,2906,2555,2174.4,0,0,738690.576761609,0,0,0
275228.843008868,40,2899.2,2448.2,2143.4,0,0,738690.576762072,0,0,0
275228.883007935,40,2852,2369,2110.8,0,0,738690.576762535,0,0,0
275228.923007001,40,2778.4,2298.4,2090,0,0,738690.576762998,0,0,0
275228.963006067,40,2691.6,2249,2079,0,0,738690.576763461,0,0,0
275229.003005134,40,2672,2237.8,2074.8,0,0,738690.576763924,0,0,0
275229.0430042,40,2714.2,2250.8,2079,0,0,738690.576764387,0,0,0
275229.083003267,40,2761.8,2276.4,2084.2,0,0,738690.57676485,0,0,0
275229.123002333,40,2828.8,2323.8,2097.4,0,0,738690.576765313,0,0,0
275229.163001399,40,2893.2,2398.2,2119.8,0,0,738690.576765776,0,0,0
275229.203000466,40,2938,2498.8,2154.2,0,0,738690.576766239,0,0,0
275229.242999532,40,2913,2615.2,2203.6,0,0,738690.576766702,0,0,0
275229.282998599,40,2827.6,2720.8,2256,0,0,738690.576767165,0,0,0
275229.322997665,40,2750.6,2788.2,2304,0,0,738690.576767628,0,0,0
275229.362996731,40,2710.8,2818,2331.6,0,0,738690.576768091,0,0,0
275229.402995798,40,2721.4,2777.4,2306.4,0,0,738690.576768554,0,0,0
275229.442994864,40,2778.4,2708.2,2263.6,0,0,738690.576769017,0,0,0
275229.482993931,40,2865.2,2625.8,2215.8,0,0,738690.576769479,0,0,0
275229.522992997,40,2883.4,2518.2,2171.4,0,0,738690.576769942,0,0,0
275229.562992063,40,2876.2,2424,2130.6,0,0,738690.576770405,0,0,0
275229.60299113,40,2801.4,2335.6,2102,0,0,738690.576770868,0,0,0
275229.642990196,40,2714.6,2270,2085,0,0,738690.576771331,0,0,0
275229.682989263,40,2660,2237.4,2077.6,0,0,738690.576771794,0,0,0
275229.722988329,40,2689.6,2255.6,2078.4,0,0,738690.576772257,0,0,0
275229.762987395,40,2756.6,2289.4,2087.6,0,0,738690.57677272,0,0,0
275229.802986462,40,2816.6,2331.6,2100.6,0,0,738690.576773183,0,0,0
275229.842985528,40,2874.8,2397.2,2119,0,0,738690.576773646,0,0,0
275229.882984595,40,2908,2473.4,2149.8,0,0,738690.576774109,0,0,0
275229.922983661,40,2901.2,2572.8,2181.6,0,0,738690.576774572,0,0,0
275229.962982727,40,2851.6,2654.8,2227.6,0,0,738690.576775035,0,0,0
275230.002981794,40,2799.8,2735,2267,0,0,738690.576775498,0,0,0
275230.04298086,40,2761.6,2761.2,2292.8,0,0,738690.576775961,0,0,0
275230.082979927,40,2770.2,2738.6,2276.4,0,0,738690.576776424,0,0,0
275230.122978993,40,2816.6,2680,2240.6,0,0,738690.576776887,0,0,0
275230.162978059,40,2865.8,2599.6,2201.2,0,0,738690.57677735,0,0,0
275230.202977126,40,2900.6,2506.8,2163,0,0,738690.576777813,0,0,0
275230.242976192,40,2880.8,2418.2,2129.8,0,0,738690.576778276,0,0,0
275230.282975259,40,2819.2,2340.6,2102.8,0,0,738690.576778739,0,0,0
275230.322974325,40,2732.6,2275,2083.8,0,0,738690.576779202,0,0,0
275230.362973391,40,2641.6,2236,2077.2,0,0,738690.576779664,0,0,0
275230.402972458,40,2689.6,2251.2,2074.2,0,0,738690.576780127,0,0,0
275230.442971524,40,2737.8,2279.6,2082.4,0,0,738690.57678059,0,0,0
275230.482970591,40,2821.4,2329.8,2098.6,0,0,738690.576781053,0,0,0
275230.522969657,40,2911.8,2402.6,2120,0,0,738690.576781516,0,0,0
275230.562968723,40,2960.2,2501.2,2154.4,0,0,738690.576781979,0,0,0
275230.60296779,40,2961,2627.2,2200.2,0,0,738690.576782442,0,0,0
275230.642966856,40,2884.4,2742.8,2252.8,0,0,738690.576782905,0,0,0
275230.682965923,40,2805,2842.8,2311.6,0,0,738690.576783368,0,0,0
275230.722964989,40,2743.8,2888.6,2351,0,0,738690.576783831,0,0,0
275230.762964055,40,2730.4,2847.4,2341.8,0,0,738690.576784294,0,0,0
275230.802963122,40,2775.2,2788,2292.2,0,0,738690.576784757,0,0,0
275230.842962188,40,2850.4,2703.6,2245.2,0,0,738690.57678522,0,0,0
275230.882961255,40,2890.4,2593,2192.8,0,0,738690.576785683,0,0,0
275230.922960321,40,2909.2,2488.4,2151.4,0,0,738690.576786146,0,0,0
275230.962959387,40,2892.6,2403,2122.2,0,0,738690.576786609,0,0,0
275231.002958454,40,2813,2327.8,2099.2,0,0,738690.576787072,0,0,0
275231.04295752,40,2719,2268.2,2082.8,0,0,738690.576787535,0,0,0
275231.082956587,40,2650.6,2238.6,2072.6,0,0,738690.576787998,0,0,0
275231.122955653,40,2689.4,2249,2078.6,0,0,738690.57678846,0,0,0
275231.162954719,40,2751.4,2284.4,2091.6,0,0,738690.576788923,0,0,0
275231.202953786,40,2837.6,2339.8,2103.8,0,0,738690.576789386,0,0,0
275231.242952852,40,2914.2,2427.2,2130.6,0,0,738690.576789849,0,0,0
275231.282951919,40,2939.6,2533.6,2166,0,0,738690.576790312,0,0,0
275231.322950985,40,2892,2648.6,2213.8,0,0,738690.576790775,0,0,0
275231.362950051,40,2812.6,2737.6,2269.6,0,0,738690.576791238,0,0,0
275231.402949118,40,2739.6,2789.6,2308.6,0,0,738690.576791701,0,0,0
275231.442948184,40,2722.4,2791.8,2316.6,0,0,738690.576792164,0,0,0
275231.482947251,40,2763.4,2748.8,2286,0,0,738690.576792627,0,0,0
275231.522946317,40,2826.4,2678,2239.2,0,0,738690.57679309,0,0,0
275231.562945383,40,2880.2,2592.4,2194.4,0,0,738690.576793553,0,0,0
275231.60294445,40,2910,2497.8,2156.4,0,0,738690.576794016,0,0,0
275231.642943516,40,2876.6,2405.2,2130,0,0,738690.576794479,0,0,0
275231.682942583,40,2801.8,2329.4,2101.6,0,0,738690.576794942,0,0,0
275231.722941649,40,2728.8,2277,2084.4,0,0,738690.576795405,0,0,0
275231.762940715,40,2643.4,2235.4,2074.6,0,0,738690.576795868,0,0,0
275231.802939782,40,2669,2250.8,2079,0,0,738690.576796331,0,0,0
275231.842938848,40,2721,2273,2085,0,0,738690.576796794,0,0,0
275231.882937915,40,2789.8,2308.6,2095.4,0,0,738690.576797257,0,0,0
275231.922936981,40,2866.2,2368.6,2113.2,0,0,738690.57679772,0,0,0
275231.962936047,40,2931.6,2455.4,2138,0,0,738690.576798182,0,0,0
275232.002935114,40,2943.4,2574,2182.8,0,0,738690.576798645,0,0,0
275232.04293418,40,2879.6,2691,2231.2,0,0,738690.576799108,0,0,0
275232.082933247,40,2791.8,2779,2286.8,0,0,738690.576799571,0,0,0
275232.122932313,40,2712.2,2801.2,2322,0,0,738690.576800034,0,0,0
275232.162931379,40,2688,2765,2318.2,0,0,738690.576800497,0,0,0
275232.202930446,40,2756.2,2750,2284.4,0,0,738690.57680096,0,0,0
275232.242929512,40,2838.6,2693.8,2244.4,0,0,738690.576801423,0,0,0
275232.282928579,40,2885.2,2605.6,2198.8,0,0,738690.576801886,0,0,0
275232.322927645,40,2907.8,2523.8,2163.8,0,0,738690.576802349,0,0,0
275232.362926711,40,2910.2,2442.4,2137.2,0,0,738690.576802812,0,0,0
275232.402925778,40,2862.4,2368.2,2108.2,0,0,738690.576803275,0,0,0
275232.442924844,40,2796.4,2306.8,2092,0,0,738690.576803738,0,0,0
275232.482923911,40,2716.2,2263.2,2078,0,0,738690.576804201,0,0,0
275232.522922977,40,2654.4,2233.4,2071.4,0,0,738690.576804664,0,0,0
275232.562922043,40,2689,2246.6,2075.8,0,0,738690.576805127,0,0,0
275232.60292111,40,2740.8,2272.4,2082.2,0,0,738690.57680559,0,0,0
275232.642920176,40,2798.6,2312.6,2096,0,0,738690.576806053,0,0,0
275232.682919243,40,2840.6,2369,2114,0,0,738690.576806516,0,0,0
275232.722918309,40,2863,2431.8,2137.4,0,0,738690.576806979,0,0,0
275232.762917375,40,2863,2497.2,2163.4,0,0,738690.576807442,0,0,0
275232.802916442,40,2854,2561.4,2187.6,0,0,738690.576807905,0,0,0
275232.842915508,40,2857.6,2611.4,2206.8,0,0,738690.576808368,0,0,0
275232.882914575,40,2870,2639.8,2215.2,0,0,738690.57680883,0,0,0
275232.922913641,40,2893.2,2640.4,2214.6,0,0,738690.576809293,0,0,0
275232.962912707,40,2934.8,2650.2,2209,0,0,738690.576809756,0,0,0
275233.002911774,40,2951.2,2666.8,2212.8,0,0,738690.576810219,0,0,0
275233.04291084,40,2967,2683.6,2218.6,0,0,738690.576810682,0,0,0
275233.082909907,40,2979.4,2698,2225.6,0,0,738690.576811145,0,0,0
275233.122908973,40,2973.6,2703,2219.2,0,0,738690.576811608,0,0,0
275233.162908039,40,2964,2708.4,2228.8,0,0,738690.576812071,0,0,0
275233.202907106,40,2949.6,2714.4,2229.8,0,0,738690.576812534,0,0,0
275233.242906172,40,2933.2,2713,2233.4,0,0,738690.576812997,0,0,0
275233.282905239,40,2908.6,2710.2,2233.8,0,0,738690.57681346,0,0,0
275233.322904305,40,2886,2712.4,2239,0,0,738690.576813923,0,0,0
275233.362903371,40,2888.2,2721.8,2243.8,0,0,738690.576814386,0,0,0
275233.402902438,40,2881.6,2732.4,2250.6,0,0,738690.576814849,0,0,0
275233.442901504,40,2894,2744,2254.4,0,0,738690.576815312,0,0,0
275233.482900571,40,2908,2763.4,2252,0,0,738690.576815775,0,0,0
275233.522899637,40,2922.6,2789.4,2261.6,0,0,738690.576816238,0,0,0
275233.562898703,40,2919.8,2805.2,2270.8,0,0,738690.576816701,0,0,0
275233.60289777,40,2910.6,2829.6,2279.6,0,0,738690.576817163,0,0,0
275233.642896836,40,2885.8,2859,2293.4,0,0,738690.576817626,0,0,0
275233.682895903,40,2836.4,2890,2317.6,0,0,738690.576818089,0,0,0
275233.722894969,40,2773.2,2926.4,2353.6,0,0,738690.576818552,0,0,0
275233.762894035,40,2690.8,2959.8,2399.2,0,0,738690.576819015,0,0,0
275233.802893102,40,2602.6,2977.6,2463.8,0,0,738690.576819478,0,0,0
275233.842892168,40,2503.6,2963.6,2533.8,0,0,738690.576819941,0,0,0
275233.882891235,40,2430.8,2932,2606.6,0,0,738690.576820404,0,0,0
275233.922890301,40,2395.6,2915,2633.8,0,0,738690.576820867,0,0,0
275233.962889367,40,2444.4,2948.8,2601.8,0,0,738690.57682133,0,0,0
275234.002888434,40,2517.6,2991,2538,0,0,738690.576821793,0,0,0
275234.0428875,40,2622.8,3008.6,2460.8,0,0,738690.576822256,0,0,0
275234.082886567,40,2730.6,2992.4,2397,0,0,738690.576822719,0,0,0
275234.122885633,40,2806.4,2939,2345.8,0,0,738690.576823182,0,0,0
275234.162884699,40,2853,2886.4,2309,0,0,738690.576823645,0,0,0
275234.202883766,40,2864.4,2869.2,2298.6,0,0,738690.576824108,0,0,0
275234.242882832,40,2848.4,2890.4,2310.4,0,0,738690.576824571,0,0,0
275234.282881899,40,2821,2932.2,2336.8,0,0,738690.576825034,0,0,0
275234.322880965,40,2745.4,2965.4,2379,0,0,738690.576825497,0,0,0
275234.362880031,40,2637.8,2985.6,2441.6,0,0,738690.57682596,0,0,0
275234.402879098,40,2521.8,2959.4,2516.2,0,0,738690.576826423,0,0,0
275234.442878164,40,2428.2,2909,2589.6,0,0,738690.576826886,0,0,0
275234.482877231,40,2394.8,2879.6,2614.4,0,0,738690.576827348,0,0,0
275234.522876297,40,2448.4,2939,2584.6,0,0,738690.576827811,0,0,0
275234.562875363,40,2529.2,2975.8,2517.6,0,0,738690.576828274,0,0,0
275234.60287443,40,2647,3016.4,2450.2,0,0,738690.576828737,0,0,0
275234.642873496,40,2746.2,2994.2,2387.8,0,0,738690.5768292,0,0,0
275234.682872563,40,2815.6,2936.6,2340.6,0,0,738690.576829663,0,0,0
275234.722871629,40,2856.4,2884.8,2302,0,0,738690.576830126,0,0,0
275234.762870695,40,2886.6,2852.4,2288.8,0,0,738690.576830589,0,0,0
275234.802869762,40,2884,2865.6,2296.4,0,0,738690.576831052,0,0,0
275234.842868828,40,2867.6,2897.6,2307.4,0,0,738690.576831515,0,0,0
275234.882867895,40,2815.6,2926.2,2339,0,0,738690.576831978,0,0,0
275234.922866961,40,2731.2,2952.4,2377.8,0,0,738690.576832441,0,0,0
275234.962866027,40,2618.8,2944.8,2433.2,0,0,738690.576832904,0,0,0
275235.002865094,40,2500.2,2921.4,2509.8,0,0,738690.576833367,0,0,0
275235.04286416,40,2411,2878.6,2586,0,0,738690.57683383,0,0,0
275235.082863227,40,2376.6,2874.6,2635.6,0,0,738690.576834293,0,0,0
275235.122862293,40,2414.6,2925.2,2624.6,0,0,738690.576834756,0,0,0
275235.162861359,40,2489,2989.8,2574,0,0,738690.576835219,0,0,0
275235.202860426,40,2595,3022,2491.2,0,0,738690.576835682,0,0,0
275235.242859492,40,2724.2,3005.2,2405.2,0,0,738690.576836145,0,0,0
275235.282858559,40,2827.6,2941.6,2340.2,0,0,738690.576836608,0,0,0
275235.322857625,40,2888,2865.4,2289.8,0,0,738690.576837071,0,0,0
275235.362856691,40,2923.4,2812.2,2263,0,0,738690.576837533,0,0,0
275235.402855758,40,2934.4,2797.6,2255.8,0,0,738690.576837996,0,0,0
275235.442854824,40,2917.2,2827.6,2274.6,0,0,738690.576838459,0,0,0
275235.482853891,40,2876.4,2885,2301.4,0,0,738690.576838922,0,0,0
275235.522852957,40,2803.2,2940.4,2347.2,0,0,738690.576839385,0,0,0
275235.562852023,40,2696,2986.4,2412.8,0,0,738690.576839848,0,0,0
275235.60285109,40,2563,2983.2,2492.4,0,0,738690.576840311,0,0,0
275235.642850156,40,2457.8,2936.8,2569.6,0,0,738690.576840774,0,0,0
275235.682849223,40,2391.8,2888.4,2619.2,0,0,738690.576841237,0,0,0
275235.722848289,40,2417,2891.8,2595.2,0,0,738690.5768417,0,0,0
275235.762847355,40,2480.8,2923.4,2538.8,0,0,738690.576842163,0,0,0
275235.802846422,40,2564.8,2958.6,2479.2,0,0,738690.576842626,0,0,0
275235.842845488,40,2664.2,2965.2,2415.6,0,0,738690.576843089,0,0,0
275235.882844555,40,2747.4,2956.6,2369.6,0,0,738690.576843552,0,0,0
275235.922843621,40,2808.8,2925.4,2340.6,0,0,738690.576844015,0,0,0
275235.962842687,40,2834.4,2904.4,2321.8,0,0,738690.576844478,0,0,0
275236.002841754,40,2844.4,2892.6,2314.8,0,0,738690.576844941,0,0,0
275236.04284082,40,2833,2903.2,2321.2,0,0,738690.576845404,0,0,0
275236.082839887,40,2812.6,2924.6,2334.2,0,0,738690.576845867,0,0,0
275236.122838953,40,2805.6,2935.8,2348.6,0,0,738690.576846329,0,0,0
275236.162838019,40,2787.6,2935,2348.4,0,0,738690.576846792,0,0,0
275236.202837086,40,2766.8,2929.2,2355,0,0,738690.576847255,0,0,0
275236.242836152,40,2739,2912.8,2358.2,0,0,738690.576847718,0,0,0
275236.282835219,40,2728.6,2913.4,2364.2,0,0,738690.576848181,0,0,0
275236.322834285,40,2709.6,2901.4,2365,0,0,738690.576848644,0,0,0
275236.362833351,40,2706.2,2915.2,2372.4,0,0,738690.576849107,0,0,0
275236.402832418,40,2706.2,2932.6,2379,0,0,738690.57684957,0,0,0
275236.442831484,40,2714,2956.4,2387,0,0,738690.576850033,0,0,0
275236.482830551,40,2709.8,2969.6,2394.2,0,0,738690.576850496,0,0,0
275236.522829617,40,2702.2,2967.6,2396.8,0,0,738690.576850959,0,0,0
275236.562828683,40,2692.6,2977.4,2408.8,0,0,738690.576851422,0,0,0
275236.60282775,40,2676.4,2978.6,2412.4,0,0,738690.576851885,0,0,0
275236.642826816,40,2667.2,2975,2421.2,0,0,738690.576852348,0,0,0
275236.682825883,40,2655,2973.8,2426.4,0,0,738690.576852811,0,0,0
275236.722824949,40,2642.6,2974.6,2432.8,0,0,738690.576853274,0,0,0
275236.762824015,40,2634.6,2978,2440.2,0,0,738690.576853737,0,0,0
275236.802823082,40,2627.4,2987.4,2444.8,0,0,738690.5768542,0,0,0
275236.842822148,40,2619,2992.6,2452.4,0,0,738690.576854663,0,0,0
275236.898820841,56,2613.4,3003,2464,0,0,738690.576855311,0,0,0
275236.938819908,40,2610,3026.2,2481.6,0,0,738690.576855774,0,0,0
275236.978818974,40,2603.4,3038.2,2489,0,0,738690.576856237,0,0,0
275237.01881804,40,2596,3054.2,2501.8,0,0,738690.5768567,0,0,0
275237.058817107,40,2594.2,3062.4,2516.4,0,0,738690.576857163,0,0,0
275237.098816173,40,2581.6,3064.2,2523,0,0,738690.576857626,0,0,0
275237.13881524,40,2567.8,3062.8,2531.8,0,0,738690.576858088,0,0,0
275237.178814306,40,2564,3068.8,2536.8,0,0,738690.576858551,0,0,0
275237.218813372,40,2564.8,3055,2534.4,0,0,738690.576859014,0,0,0
275237.258812439,40,2566.6,3052.8,2526.4,0,0,738690.576859477,0,0,0
275237.298811505,40,2603.4,3039.2,2495.2,0,0,738690.57685994,0,0,0
275237.338810572,40,2660.6,3028.4,2448.6,0,0,738690.576860403,0,0,0
275237.378809638,40,2730.4,2998.6,2400,0,0,738690.576860866,0,0,0
275237.418808704,40,2788.2,2965.4,2358.6,0,0,738690.576861329,0,0,0
275237.458807771,40,2832.4,2928.4,2331.6,0,0,738690.576861792,0,0,0
275237.498806837,40,2845.8,2916,2324.8,0,0,738690.576862255,0,0,0
275237.538805904,40,2834.4,2923,2329.4,0,0,738690.576862718,0,0,0
275237.57880497,40,2806.8,2948.4,2344.8,0,0,738690.576863181,0,0,0
275237.618804036,40,2780.4,2978,2372.8,0,0,738690.576863644,0,0,0
275237.658803103,40,2720,3016.2,2409.8,0,0,738690.576864107,0,0,0
275237.698802169,40,2629.8,3045.8,2478,0,0,738690.57686457,0,0,0
275237.738801236,40,2526.2,3052.6,2570.8,0,0,738690.576865033,0,0,0
275237.778800302,40,2428.2,3012.6,2665.4,0,0,738690.576865496,0,0,0
275237.818799368,40,2361.8,2961.8,2736.6,0,0,738690.576865959,0,0,0
275237.858798435,40,2360.2,2964.4,2749.8,0,0,738690.576866422,0,0,0
275237.898797501,40,2412.2,3010.4,2691.4,0,0,738690.576866885,0,0,0
275237.938796568,40,2499.8,3064.8,2602.2,0,0,738690.576867348,0,0,0
275237.978795634,40,2609.8,3081.8,2507.6,0,0,738690.57686781,0,0,0
275238.0187947,40,2703,3040.2,2425.8,0,0,738690.576868273,0,0,0
275238.058793767,40,2769.2,2999.4,2381.4,0,0,738690.576868736,0,0,0
275238.098792833,40,2783.6,2977.8,2366,0,0,738690.576869199,0,0,0
275238.1387919,40,2752,3006.6,2393.2,0,0,738690.576869662,0,0,0
275238.178790966,40,2694.8,3042,2439.2,0,0,738690.576870125,0,0,0
275238.218790032,40,2609.2,3070.2,2503.8,0,0,738690.576870588,0,0,0
275238.258789099,40,2506.8,3068.2,2598.8,0,0,738690.576871051,0,0,0
275238.298788165,40,2416.4,3028.2,2706.4,0,0,738690.576871514,0,0,0
275238.338787232,40,2350.2,2957.2,2772.4,0,0,738690.576871977,0,0,0
275238.378786298,40,2354.4,2962.2,2769.6,0,0,738690.57687244,0,0,0
275238.418785364,40,2420.2,3038.6,2704.8,0,0,738690.576872903,0,0,0
275238.458784431,40,2514,3082,2599,0,0,738690.576873366,0,0,0
275238.498783497,40,2623.2,3092.8,2505.4,0,0,738690.576873829,0,0,0
275238.538782564,40,2696.2,3056.2,2436.4,0,0,738690.576874292,0,0,0
275238.57878163,40,2712.8,3045.4,2423.8,0,0,738690.576874755,0,0,0
275238.618780696,40,2684,3059,2445.4,0,0,738690.576875218,0,0,0
275238.658779763,40,2648.4,3073.8,2472.6,0,0,738690.576875681,0,0,0
275238.698778829,40,2590.4,3095.4,2537.2,0,0,738690.576876144,0,0,0
275238.738777896,40,2494.6,3088.4,2621.6,0,0,738690.576876607,0,0,0
275238.778776962,40,2400.4,3049,2748.2,0,0,738690.57687707,0,0,0
275238.818776028,40,2336.4,2961.2,2822,0,0,738690.576877533,0,0,0
275238.858775095,40,2315.6,2935.4,2846.2,0,0,738690.576877996,0,0,0
275238.898774161,40,2350.8,2986.6,2800.2,0,0,738690.576878458,0,0,0
275238.938773228,40,2416.4,3038.8,2707.4,0,0,738690.576878921,0,0,0
275238.978772294,40,2505.2,3091,2616,0,0,738690.576879384,0,0,0
275239.01877136,40,2585.4,3094.2,2539.8,0,0,738690.576879847,0,0,0
275239.058770427,40,2620.2,3088.4,2501.6,0,0,738690.57688031,0,0,0
275239.098769493,40,2608.6,3093.8,2518.2,0,0,738690.576880773,0,0,0
275239.13876856,40,2569.6,3099.6,2550.8,0,0,738690.576881236,0,0,0
275239.178767626,40,2514.6,3087.6,2606.4,0,0,738690.576881699,0,0,0
275239.218766692,40,2448,3064,2680.8,0,0,738690.576882162,0,0,0
275239.258765759,40,2379,3024.8,2775.8,0,0,738690.576882625,0,0,0
275239.298764825,40,2335.6,2961.2,2803.4,0,0,738690.576883088,0,0,0
275239.338763892,40,2352,2977.2,2782.4,0,0,738690.576883551,0,0,0
275239.378762958,40,2414.2,3048.2,2719.4,0,0,738690.576884014,0,0,0
275239.418762024,40,2493,3083.8,2629.2,0,0,738690.576884477,0,0,0
275239.458761091,40,2564.6,3086.8,2549.6,0,0,738690.57688494,0,0,0
275239.498760157,40,2622,3080,2500.8,0,0,738690.576885403,0,0,0
275239.538759224,40,2639.8,3081,2490.2,0,0,738690.576885866,0,0,0
275239.57875829,40,2616,3097.4,2511.8,0,0,738690.576886329,0,0,0
275239.618757356,40,2574.4,3102,2552.6,0,0,738690.576886792,0,0,0
275239.658756423,40,2512.2,3076.6,2602,0,0,738690.576887254,0,0,0
275239.698755489,40,2436.8,3041,2673.8,0,0,738690.576887717,0,0,0
275239.738754556,40,2374.6,2999.4,2758.8,0,0,738690.57688818,0,0,0
275239.778753622,40,2343.6,2967.8,2809,0,0,738690.576888643,0,0,0
275239.818752688,40,2374.6,3006.8,2781.6,0,0,738690.576889106,0,0,0
275239.858751755,40,2450.4,3061,2682.8,0,0,738690.576889569,0,0,0
275239.898750821,40,2553.6,3090.6,2566,0,0,738690.576890032,0,0,0
275239.938749888,40,2652,3084.2,2482.2,0,0,738690.576890495,0,0,0
275239.978748954,40,2699.6,3066.2,2434.8,0,0,738690.576890958,0,0,0
275240.01874802,40,2690.4,3069,2447.8,0,0,738690.576891421,0,0,0
275240.058747087,40,2662,3074.8,2465.6,0,0,738690.576891884,0,0,0
275240.098746153,40,2613.8,3088,2508.2,0,0,738690.576892347,0,0,0
275240.13874522,40,2547,3092.8,2576.8,0,0,738690.57689281,0,0,0
275240.178744286,40,2451.4,3077.2,2681.6,0,0,738690.576893273,0,0,0
275240.218743352,40,2377.8,3023.8,2785.2,0,0,738690.576893736,0,0,0
275240.258742419,40,2348.2,2989.8,2826.2,0,0,738690.576894199,0,0,0
275240.298741485,40,2386,3025,2764,0,0,738690.576894662,0,0,0
275240.338740552,40,2480.2,3075.8,2642,0,0,738690.576895125,0,0,0
275240.378739618,40,2587.2,3079.6,2530.6,0,0,738690.576895588,0,0,0
275240.418738684,40,2683.4,3058.6,2452,0,0,738690.576896051,0,0,0
275240.458737751,40,2721,3035.2,2418.4,0,0,738690.576896514,0,0,0
275240.498736817,40,2705.2,3036.4,2423.6,0,0,738690.576896976,0,0,0
275240.538735884,40,2681.2,3058,2450,0,0,738690.576897439,0,0,0
275240.57873495,40,2642.4,3080,2486.4,0,0,738690.576897902,0,0,0
275240.618734016,40,2571.6,3096,2546,0,0,738690.576898365,0,0,0
275240.658733083,40,2484.4,3087,2641,0,0,738690.576898828,0,0,0
275240.698732149,40,2410.4,3047.4,2732,0,0,738690.576899291,0,0,0
275240.738731216,40,2384.8,3026.6,2764.4,0,0,738690.576899754,0,0,0
275240.778730282,40,2431,3052.8,2700.6,0,0,738690.576900217,0,0,0
275240.818729348,40,2522,3082.6,2596.8,0,0,738690.57690068,0,0,0
275240.858728415,40,2628,3086.8,2501.2,0,0,738690.576901143,0,0,0
275240.898727481,40,2707,3059.8,2438.2,0,0,738690.576901606,0,0,0
275240.938726548,40,2732.2,3037.2,2412.2,0,0,738690.576902069,0,0,0
275240.978725614,40,2713.6,3049,2428.8,0,0,738690.576902532,0,0,0
275241.01872468,40,2678.6,3065.4,2453.8,0,0,738690.576902995,0,0,0
275241.058723747,40,2629,3085.4,2494.6,0,0,738690.576903458,0,0,0
275241.098722813,40,2553.6,3095.4,2566.2,0,0,738690.576903921,0,0,0
275241.13872188,40,2470,3078.4,2656,0,0,738690.576904384,0,0,0
275241.178720946,40,2414.2,3035.4,2709.2,0,0,738690.576904847,0,0,0
275241.218720012,40,2438,3044.2,2678.8,0,0,738690.57690531,0,0,0
275241.258719079,40,2532.2,3083.2,2581.6,0,0,738690.576905773,0,0,0
275241.298718145,40,2648.2,3071.8,2478.2,0,0,738690.576906236,0,0,0
275241.338717212,40,2743.8,3019.8,2398.4,0,0,738690.576906699,0,0,0
275241.378716278,40,2800.8,2986.8,2361,0,0,738690.576907161,0,0,0
275241.418715344,40,2790.4,2984.4,2364,0,0,738690.576907624,0,0,0
275241.458714411,40,2759.6,3018,2392.2,0,0,738690.576908087,0,0,0
275241.498713477,40,2701.4,3042.4,2431.4,0,0,738690.57690855,0,0,0
275241.538712544,40,2603.2,3063,2505,0,0,738690.576909013,0,0,0
275241.57871161,40,2496.4,3056,2599.2,0,0,738690.576909476,0,0,0
275241.618710676,40,2422.2,3043.6,2704.6,0,0,738690.576909939,0,0,0
275241.658709743,40,2396.6,3024.8,2743,0,0,738690.576910402,0,0,0
275241.698708809,40,2458.8,3075.6,2666.2,0,0,738690.576910865,0,0,0
275241.738707876,40,2563.8,3089,2549.8,0,0,738690.576911328,0,0,0
275241.778706942,40,2676.8,3071.2,2457.4,0,0,738690.576911791,0,0,0
275241.818706008,40,2760.6,3028.8,2399.2,0,0,738690.576912254,0,0,0
275241.858705075,40,2778.6,3009.8,2381.4,0,0,738690.576912717,0,0,0
275241.898704141,40,2744.4,3022.6,2402.2,0,0,738690.57691318,0,0,0
275241.938703208,40,2694.6,3054.8,2442.4,0,0,738690.576913643,0,0,0
275241.978702274,40,2631,3081.4,2491.4,0,0,738690.576914106,0,0,0
275242.01870134,40,2540.4,3101,2589.6,0,0,738690.576914569,0,0,0
275242.058700407,40,2447.6,3079.2,2695.6,0,0,738690.576915032,0,0,0
275242.098699473,40,2373.4,3007.6,2763.4,0,0,738690.576915495,0,0,0
275242.13869854,40,2376.6,2980.6,2733.4,0,0,738690.576915957,0,0,0
275242.178697606,40,2448.4,2999.8,2624,0,0,738690.57691642,0,0,0
275242.218696672,40,2537.4,2994.4,2518.4,0,0,738690.576916883,0,0,0
275242.258695739,40,2628.6,2983.8,2442.8,0,0,738690.576917346,0,0,0
275242.298694805,40,2677.8,2956.8,2401.6,0,0,738690.576917809,0,0,0
275242.338693872,40,2687.4,2990.6,2417.4,0,0,738690.576918272,0,0,0
275242.378692938,40,2656.8,3043.2,2454.6,0,0,738690.576918735,0,0,0
275242.418692004,40,2610.2,3081,2514.4,0,0,738690.576919198,0,0,0
275242.458691071,40,2527.4,3094,2594.8,0,0,738690.576919661,0,0,0
275242.498690137,40,2440.6,3067,2688.4,0,0,738690.576920124,0,0,0
275242.538689204,40,2381,3018.8,2764.8,0,0,738690.576920587,0,0,0
275242.57868827,40,2386.2,2991,2726,0,0,738690.57692105,0,0,0
275242.618687336,40,2462.4,2994,2604.2,0,0,738690.576921513,0,0,0
275242.658686403,40,2547.4,2972.4,2492.8,0,0,738690.576921976,0,0,0
275242.698685469,40,2622.4,2915.4,2418.2,0,0,738690.576922439,0,0,0
275242.738684536,40,2657.6,2900.8,2389.4,0,0,738690.576922902,0,0,0
275242.778683602,40,2652.2,2930,2405.2,0,0,738690.576923365,0,0,0
275242.818682668,40,2625.8,2992.8,2448,0,0,738690.576923828,0,0,0
275242.858681735,40,2586.8,3040.8,2504,0,0,738690.576924291,0,0,0
275242.898680801,40,2512.8,3057,2591,0,0,738690.576924754,0,0,0
275242.938679868,40,2431,3046.4,2699.4,0,0,738690.576925217,0,0,0
275242.978678934,40,2366.6,2994.8,2788.6,0,0,738690.57692568,0,0,0
275243.018678,40,2373.4,2992.4,2757.8,0,0,738690.576926142,0,0,0
275243.058677067,40,2451.4,3022,2645.4,0,0,738690.576926605,0,0,0
275243.098676133,40,2550.6,3037.4,2526.2,0,0,738690.576927068,0,0,0
275243.1386752,40,2642.8,3011,2444.4,0,0,738690.576927531,0,0,0
275243.178674266,40,2707.6,3001.6,2408.8,0,0,738690.576927994,0,0,0
275243.218673332,40,2721.2,3029,2413.6,0,0,738690.576928457,0,0,0
275243.258672399,40,2672.8,3052.4,2450.4,0,0,738690.57692892,0,0,0
275243.298671465,40,2624.4,3060.4,2489.4,0,0,738690.576929383,0,0,0
275243.338670532,40,2550.6,3070.2,2550.2,0,0,738690.576929846,0,0,0
275243.378669598,40,2475,3071.8,2649.8,0,0,738690.576930309,0,0,0
275243.418668664,40,2397.4,3021.6,2731.4,0,0,738690.576930772,0,0,0
275243.458667731,40,2376.6,2961,2717.8,0,0,738690.576931235,0,0,0
275243.498666797,40,2421.4,2950.8,2623.6,0,0,738690.576931698,0,0,0
275243.538665864,40,2496,2933.4,2520.8,0,0,738690.576932161,0,0,0
275243.57866493,40,2570,2911.2,2438.8,0,0,738690.576932624,0,0,0
275243.618663996,40,2632.6,2882.8,2397.8,0,0,738690.576933087,0,0,0
275243.658663063,40,2663,2873.2,2367.8,0,0,738690.57693355,0,0,0
275243.698662129,40,2676.6,2884.8,2368,0,0,738690.576934013,0,0,0
275243.738661196,40,2681,2910.2,2384.2,0,0,738690.576934476,0,0,0
275243.778660262,40,2671,2944.4,2398.2,0,0,738690.576934939,0,0,0
275243.818659328,40,2680.2,2967.4,2408.6,0,0,738690.576935402,0,0,0
275243.858658395,40,2686.6,2979,2408.6,0,0,738690.576935865,0,0,0
275243.898657461,40,2689.4,2994.4,2414,0,0,738690.576936327,0,0,0
275243.938656528,40,2696.8,3009.2,2419.8,0,0,738690.57693679,0,0,0
275243.978655594,40,2703.2,3012.2,2415,0,0,738690.576937253,0,0,0
275244.01865466,40,2720,2972.8,2387.6,0,0,738690.576937716,0,0,0
275244.058653727,40,2769.8,2931.8,2350,0,0,738690.576938179,0,0,0
275244.098652793,40,2816.8,2859.8,2309,0,0,738690.576938642,0,0,0
275244.13865186,40,2861,2772,2265.8,0,0,738690.576939105,0,0,0
275244.178650926,40,2888.8,2688,2228,0,0,738690.576939568,0,0,0
275244.218649992,40,2915.8,2619.6,2198.2,0,0,738690.576940031,0,0,0
275244.258649059,40,2943,2567.6,2175.6,0,0,738690.576940494,0,0,0
275244.298648125,40,2968.6,2531.2,2158.6,0,0,738690.576940957,0,0,0
275244.338647192,40,2983,2508.4,2149.2,0,0,738690.57694142,0,0,0
275244.378646258,40,2985.8,2489.8,2144.2,0,0,738690.576941883,0,0,0
275244.418645324,40,2982.2,2482.2,2144.8,0,0,738690.576942346,0,0,0
275244.458644391,40,2980.2,2486.2,2141.2,0,0,738690.576942809,0,0,0
275244.498643457,40,2996,2513,2154.4,0,0,738690.576943272,0,0,0
275244.538642524,40,3004.4,2532.4,2158,0,0,738690.576943735,0,0,0
275244.57864159,40,2974.6,2543.2,2163.4,0,0,738690.576944198,0,0,0
275244.618640656,40,2954.4,2577,2176.6,0,0,738690.576944661,0,0,0
275244.658639723,40,2934.8,2623.4,2196,0,0,738690.576945123,0,0,0
275244.698638789,40,2904.8,2694.6,2228.8,0,0,738690.576945586,0,0,0
275244.738637856,40,2859,2791.6,2272,0,0,738690.576946049,0,0,0
275244.778636922,40,2775.2,2885,2336,0,0,738690.576946512,0,0,0
275244.818635988,40,2650.2,2962.4,2424.4,0,0,738690.576946975,0,0,0
275244.858635055,40,2511.4,2973.4,2531.6,0,0,738690.576947438,0,0,0
275244.898634121,40,2392.4,2905.4,2644.8,0,0,738690.576947901,0,0,0
275244.938633188,40,2310.8,2824,2724.4,0,0,738690.576948364,0,0,0
275244.978632254,40,2289.2,2786.8,2721.4,0,0,738690.576948827,0,0,0
275245.01863132,40,2344.4,2823.8,2656.4,0,0,738690.57694929,0,0,0
275245.058630387,40,2431,2854.6,2543.4,0,0,738690.576949753,0,0,0
275245.098629453,40,2559.6,2874.8,2428.2,0,0,738690.576950216,0,0,0
275245.13862852,40,2720.6,2806.8,2321.2,0,0,738690.576950679,0,0,0
275245.178627586,40,2827.4,2671,2232.8,0,0,738690.576951142,0,0,0
275245.218626652,40,2917.8,2556.4,2175.8,0,0,738690.576951605,0,0,0
275245.258625719,40,2919.4,2450.4,2137.6,0,0,738690.576952068,0,0,0
275245.298624785,40,2882,2375.4,2109.6,0,0,738690.576952531,0,0,0
275245.338623852,40,2817.6,2322.2,2097.8,0,0,738690.576952994,0,0,0
275245.378622918,40,2773,2290.8,2086,0,0,738690.576953457,0,0,0
275245.418621984,40,2746,2276.2,2082,0,0,738690.57695392,0,0,0
275245.458621051,40,2753.2,2282.4,2083,0,0,738690.576954383,0,0,0
275245.498620117,40,2783.2,2294.4,2087.6,0,0,738690.576954845,0,0,0
275245.538619184,40,2796.2,2303.6,2092.8,0,0,738690.576955308,0,0,0
275245.57861825,40,2822.8,2321.4,2096.2,0,0,738690.576955771,0,0,0
275245.618617316,40,2854.6,2339.2,2101.6,0,0,738690.576956234,0,0,0
275245.658616383,40,2883.6,2369,2107.8,0,0,738690.576956697,0,0,0
275245.698615449,40,2921.8,2404.8,2120.8,0,0,738690.57695716,0,0,0
275245.738614516,40,2966.6,2455.6,2133,0,0,738690.576957623,0,0,0
275245.778613582,40,2989.4,2520.2,2155.6,0,0,738690.576958086,0,0,0
275245.818612648,40,2997.4,2616.8,2188.8,0,0,738690.576958549,0,0,0
275245.858611715,40,2953.6,2730,2232.6,0,0,738690.576959012,0,0,0
275245.898610781,40,2852.6,2863.2,2304.2,0,0,738690.576959475,0,0,0
275245.938609848,40,2699.2,2971,2403.6,0,0,738690.576959938,0,0,0
275245.978608914,40,2520,2994.8,2533,0,0,738690.576960401,0,0,0
275246.01860798,40,2367,2899.4,2672.4,0,0,738690.576960864,0,0,0
275246.058607047,40,2269,2761.6,2768.4,0,0,738690.576961327,0,0,0
275246.098606113,40,2258.2,2719.2,2768.4,0,0,738690.57696179,0,0,0
275246.13860518,40,2307.2,2778,2686.2,0,0,738690.576962253,0,0,0
275246.178604246,40,2401.4,2864.4,2593.8,0,0,738690.576962716,0,0,0
275246.218603312,40,2527.4,2897.4,2469.4,0,0,738690.576963179,0,0,0
275246.258602379,40,2693.6,2870,2357.8,0,0,738690.576963642,0,0,0
275246.298601445,40,2852.2,2746,2256.4,0,0,738690.576964105,0,0,0
275246.404598971,106,2906.4,2385.4,2111.2,0,0,738690.576965331,0,0,0
275246.573595027,169,2708.2,2254.6,2078,0,0,738690.576967287,0,0,0
275246.741591106,168,2827.6,2316,2094.4,0,0,738690.576969232,0,0,0
275246.909587184,168,2939.4,2425.2,2128.2,0,0,738690.576971176,0,0,0
275247.07858324,169,2911.6,2840.2,2281.2,0,0,738690.576973132,0,0,0
275247.246579319,168,2294.6,2832.8,2785.6,0,0,738690.576975077,0,0,0
275247.415575374,169,2409.2,2904.8,2615.2,0,0,738690.576977032,0,0,0
275247.58457143,169,3006,2640.6,2191,0,0,738690.576978988,0,0,0
275247.753567485,169,2804,2302.6,2089.2,0,0,738690.576980944,0,0,0
275247.921563564,168,2708.4,2265,2082.6,0,0,738690.576982889,0,0,0
275248.091559597,170,2776.4,2284.6,2086.8,0,0,738690.576984856,0,0,0
275248.261555629,170,2827.2,2313.2,2092.8,0,0,738690.576986824,0,0,0
275248.430551684,169,2851.6,2338.6,2103.2,0,0,738690.57698878,0,0,0
275248.600547716,170,2872.2,2365.6,2111.2,0,0,738690.576990747,0,0,0
275248.769543772,169,2899.8,2392.6,2115.2,0,0,738690.576992703,0,0,0
275248.938539828,169,2928.8,2419,2127.6,0,0,738690.576994659,0,0,0
275249.106535906,168,2941.4,2450,2137.2,0,0,738690.576996604,0,0,0
275249.273532009,167,2962.2,2483.2,2149.8,0,0,738690.576998537,0,0,0
275249.442528064,169,2973.8,2516.4,2158.8,0,0,738690.577000493,0,0,0
275249.610524143,168,2966.6,2546.4,2164,0,0,738690.577002437,0,0,0
275249.843518705,233,2960,2479,2146.4,0,0,738690.577005134,0,0,0
275250.00951483,166,2694.6,2248,2072.6,0,0,738690.577007055,0,0,0
275250.177510909,168,2892,2361.8,2108.8,0,0,738690.577008999,0,0,0
275250.217509976,40,2998.4,2500.6,2147.8,0,0,738690.577009462,0,0,0
275250.257509042,40,2988.8,2717,2223.8,0,0,738690.577009925,0,0,0
275250.297508109,40,2804.6,2920.2,2341.6,0,0,738690.577010388,0,0,0
275250.337507175,40,2574.2,3010.2,2495.4,0,0,738690.577010851,0,0,0
275250.377506241,40,2411,2967,2649.6,0,0,738690.577011314,0,0,0
275250.417505308,40,2348.4,2904.8,2722.6,0,0,738690.577011777,0,0,0
275250.457504374,40,2362.2,2876.6,2668.8,0,0,738690.57701224,0,0,0
275250.497503441,40,2438,2916.6,2583.2,0,0,738690.577012703,0,0,0
275250.537502507,40,2550.2,2919.8,2464.2,0,0,738690.577013166,0,0,0
275250.577501573,40,2702.6,2864.4,2351.6,0,0,738690.577013629,0,0,0
275250.61750064,40,2858.6,2767.2,2261.2,0,0,738690.577014092,0,0,0
275250.657499706,40,2954.8,2622.2,2194.2,0,0,738690.577014555,0,0,0
275250.697498772,40,2973.8,2492.6,2148.8,0,0,738690.577015018,0,0,0
275250.737497839,40,2891.8,2383.2,2115,0,0,738690.577015481,0,0,0
275250.777496905,40,2798.6,2302.8,2091.2,0,0,738690.577015944,0,0,0
275250.817495972,40,2699.4,2253.2,2074.6,0,0,738690.577016407,0,0,0
275250.857495038,40,2653.6,2233,2069.6,0,0,738690.57701687,0,0,0
275250.897494105,40,2700,2252.4,2076.8,0,0,738690.577017332,0,0,0
275250.937493171,40,2798,2298.6,2086,0,0,738690.577017795,0,0,0
275250.977492237,40,2903.2,2382.6,2116,0,0,738690.577018258,0,0,0
275251.017491304,40,2982.4,2527.8,2160.8,0,0,738690.577018721,0,0,0
275251.05749037,40,2951.4,2733.2,2236.2,0,0,738690.577019184,0,0,0
275251.097489437,40,2772,2926.2,2352.8,0,0,738690.577019647,0,0,0
275251.137488503,40,2547,3013.6,2519.2,0,0,738690.57702011,0,0,0
275251.177487569,40,2367.4,2944.6,2719,0,0,738690.577020573,0,0,0
275251.217486636,40,2248,2772,2857.4,0,0,738690.577021036,0,0,0
275251.257485702,40,2182.8,2603.8,2900.2,0,0,738690.577021499,0,0,0
275251.297484768,40,2141.8,2498.8,2897.2,0,0,738690.577021962,0,0,0
275251.337483835,40,2144.6,2501.8,2898,0,0,738690.577022425,0,0,0
275251.377482901,40,2176.2,2593.6,2910.4,0,0,738690.577022888,0,0,0
275251.417481968,40,2225.2,2738,2934.4,0,0,738690.577023351,0,0,0
275251.457481034,40,2301.4,2907.4,2864.4,0,0,738690.577023814,0,0,0
275251.497480101,40,2409.4,3024.4,2720,0,0,738690.577024277,0,0,0
275251.537479167,40,2542.2,3067,2559.8,0,0,738690.57702474,0,0,0
275251.577478233,40,2694,3021.6,2424.4,0,0,738690.577025203,0,0,0
275251.6174773,40,2840,2894.4,2316.2,0,0,738690.577025666,0,0,0
275251.657476366,40,2945.8,2726,2231.2,0,0,738690.577026129,0,0,0
275251.697475432,40,2990,2559,2168.2,0,0,738690.577026592,0,0,0
275251.737474499,40,2947.2,2417.6,2122.8,0,0,738690.577027055,0,0,0
275251.777473565,40,2814.4,2311,2091.2,0,0,738690.577027517,0,0,0
275251.817472632,40,2671.8,2241,2072,0,0,738690.57702798,0,0,0
275251.857471698,40,2688,2244.4,2076.8,0,0,738690.577028443,0,0,0
275251.897470764,40,2747.4,2275.4,2084.6,0,0,738690.577028906,0,0,0
275251.937469831,40,2855.6,2335.2,2098.6,0,0,738690.577029369,0,0,0
275251.977468897,40,2970.2,2457.8,2136.8,0,0,738690.577029832,0,0,0
275252.017467964,40,2986.2,2655,2200,0,0,738690.577030295,0,0,0
275252.05746703,40,2860.2,2896.2,2313,0,0,738690.577030758,0,0,0
275252.097466097,40,2629,3044.8,2474,0,0,738690.577031221,0,0,0
275252.137465163,40,2422,3043,2706.2,0,0,738690.577031684,0,0,0
275252.177464229,40,2277.4,2870.4,2895.8,0,0,738690.577032147,0,0,0
275252.217463296,40,2189.6,2647,2950.2,0,0,738690.57703261,0,0,0
275252.257462362,40,2145.6,2505.2,2925.2,0,0,738690.577033073,0,0,0
275252.297461429,40,2125.6,2448.8,2879.6,0,0,738690.577033536,0,0,0
275252.337460495,40,2138.4,2477.2,2869,0,0,738690.577033999,0,0,0
275252.377459561,40,2166,2557.8,2866,0,0,738690.577034462,0,0,0
275252.417458628,40,2213.6,2682.2,2866,0,0,738690.577034925,0,0,0
275252.457457694,40,2289.4,2832.8,2815.6,0,0,738690.577035388,0,0,0
275252.497456761,40,2394.6,2981.4,2704.6,0,0,738690.577035851,0,0,0
275252.537455827,40,2560.2,3081.6,2549.8,0,0,738690.577036313,0,0,0
275252.577454893,40,2748.6,2995,2389.6,0,0,738690.577036776,0,0,0
275252.61745396,40,2915.4,2832,2275,0,0,738690.577037239,0,0,0
275252.657453026,40,3007.4,2640.2,2192.8,0,0,738690.577037702,0,0,0
275252.697452092,40,2968.2,2472,2140.8,0,0,738690.577038165,0,0,0
275252.737451159,40,2842.4,2348.6,2101,0,0,738690.577038628,0,0,0
275252.777450225,40,2704,2265.4,2084.2,0,0,738690.577039091,0,0,0
275252.817449292,40,2638.2,2243,2075.4,0,0,738690.577039554,0,0,0
275252.857448358,40,2690.2,2272.8,2084.8,0,0,738690.577040017,0,0,0
275252.897447424,40,2788.2,2327.2,2100,0,0,738690.57704048,0,0,0
275252.937446491,40,2908.2,2421.8,2129.6,0,0,738690.577040943,0,0,0
275252.977445557,40,3017.4,2593.4,2180.8,0,0,738690.577041406,0,0,0
275253.017444624,40,2956.4,2840.4,2275.6,0,0,738690.577041869,0,0,0
275253.05744369,40,2726.8,3041.4,2417.2,0,0,738690.577042332,0,0,0
275253.097442757,40,2502.2,3103.6,2624.2,0,0,738690.577042795,0,0,0
275253.137441823,40,2323.2,2952.6,2840,0,0,738690.577043258,0,0,0
275253.177440889,40,2213.2,2731.2,2956.2,0,0,738690.577043721,0,0,0
275253.217439956,40,2153.6,2531,2878.8,0,0,738690.577044184,0,0,0
275253.257439022,40,2119.4,2412.6,2799.8,0,0,738690.577044647,0,0,0
275253.297438089,40,2118.2,2422,2855.2,0,0,738690.57704511,0,0,0
275253.337437155,40,2132.8,2486.6,2926.4,0,0,738690.577045573,0,0,0
275253.377436221,40,2160,2582.2,2995.4,0,0,738690.577046036,0,0,0
275253.417435288,40,2202,2710.8,3041.8,0,0,738690.577046498,0,0,0
275253.457434354,40,2252.8,2828.2,2973,0,0,738690.577046961,0,0,0
275253.497433421,40,2320.6,2943,2862.4,0,0,738690.577047424,0,0,0
275253.537432487,40,2406.4,3030.4,2732.6,0,0,738690.577047887,0,0,0
275253.577431553,40,2498,3077,2620.8,0,0,738690.57704835,0,0,0
275253.61743062,40,2596.6,3078.4,2517.6,0,0,738690.577048813,0,0,0
275253.657429686,40,2678.2,3040.6,2442.4,0,0,738690.577049276,0,0,0
275253.697428752,40,2751.6,2996.2,2386,0,0,738690.577049739,0,0,0
275253.737427819,40,2799.4,2954.4,2351.4,0,0,738690.577050202,0,0,0
275253.777426885,40,2819,2921.8,2328.6,0,0,738690.577050665,0,0,0
275253.817425952,40,2834.6,2915,2327,0,0,738690.577051128,0,0,0
275253.857425018,40,2818.4,2915.6,2330.2,0,0,738690.577051591,0,0,0
275253.897424084,40,2792.4,2926.6,2338.4,0,0,738690.577052054,0,0,0
275253.937423151,40,2774.4,2935.2,2350.6,0,0,738690.577052517,0,0,0
275253.977422217,40,2760.4,2936.6,2357.4,0,0,738690.57705298,0,0,0
275254.017421284,40,2755.2,2941.8,2362.2,0,0,738690.577053443,0,0,0
275254.05742035,40,2746.2,2943.8,2365.6,0,0,738690.577053906,0,0,0
275254.097419417,40,2736.2,2944,2372.2,0,0,738690.577054369,0,0,0
275254.137418483,40,2725.6,2953.4,2376.8,0,0,738690.577054832,0,0,0
275254.177417549,40,2717.8,2957.8,2384.6,0,0,738690.577055295,0,0,0
275254.217416616,40,2706.2,2956.6,2392.2,0,0,738690.577055758,0,0,0
275254.257415682,40,2699.8,2964.8,2399.6,0,0,738690.57705622,0,0,0
275254.297414749,40,2691.8,2962,2398,0,0,738690.577056683,0,0,0
275254.337413815,40,2685.8,2953.2,2399.2,0,0,738690.577057146,0,0,0
275254.377412881,40,2685.2,2935.6,2391,0,0,738690.577057609,0,0,0
275254.417411948,40,2697.4,2924.4,2379.4,0,0,738690.577058072,0,0,0
275254.457411014,40,2728.8,2877.6,2341.4,0,0,738690.577058535,0,0,0
275254.497410081,40,2781.8,2808.8,2297.8,0,0,738690.577058998,0,0,0
275254.537409147,40,2817.8,2720.2,2252,0,0,738690.577059461,0,0,0
275254.577408213,40,2844.6,2629.6,2214.8,0,0,738690.577059924,0,0,0
275254.61740728,40,2846.4,2539.2,2179.2,0,0,738690.577060387,0,0,0
275254.657406346,40,2828,2469.4,2153.6,0,0,738690.57706085,0,0,0
275254.697405413,40,2828,2425.6,2137.6,0,0,738690.577061313,0,0,0
275254.737404479,40,2816.2,2391.6,2125.2,0,0,738690.577061776,0,0,0
275254.777403545,40,2827.6,2391,2123.2,0,0,738690.577062239,0,0,0
275254.817402612,40,2845,2404.4,2126.6,0,0,738690.577062702,0,0,0
275254.857401678,40,2881,2435.2,2133.8,0,0,738690.577063165,0,0,0
275254.897400744,40,2914,2469.4,2148.2,0,0,738690.577063628,0,0,0
275254.937399811,40,2963,2536.4,2163,0,0,738690.577064091,0,0,0
275254.977398877,40,2983.4,2636,2200,0,0,738690.577064554,0,0,0
275255.017397944,40,2946.6,2760.4,2247.6,0,0,738690.577065017,0,0,0
275255.05739701,40,2844.2,2904,2321.8,0,0,738690.577065479,0,0,0
275255.097396076,40,2693,3024.4,2432.4,0,0,738690.577065942,0,0,0
275255.137395143,40,2515.4,3048.8,2577,0,0,738690.577066405,0,0,0
275255.177394209,40,2365.8,2968.8,2740.8,0,0,738690.577066868,0,0,0
275255.217393276,40,2259,2815,2875.4,0,0,738690.577067331,0,0,0
275255.257392342,40,2191.8,2665.4,2949.4,0,0,738690.577067794,0,0,0
275255.297391409,40,2153,2542.2,2954.2,0,0,738690.577068257,0,0,0
275255.337390475,40,2130.6,2470.8,2932,0,0,738690.57706872,0,0,0
275255.377389541,40,2131.8,2480.2,2917.4,0,0,738690.577069183,0,0,0
275255.417388608,40,2153.2,2536.4,2917.6,0,0,738690.577069646,0,0,0
275255.457387674,40,2192.4,2632,2902.4,0,0,738690.577070109,0,0,0
275255.497386741,40,2246.6,2751.8,2855.6,0,0,738690.577070572,0,0,0
275255.537385807,40,2320.6,2894.4,2771.6,0,0,738690.577071035,0,0,0
275255.577384873,40,2436,3027,2657.4,0,0,738690.577071498,0,0,0
275255.61738394,40,2580.2,3063,2524.2,0,0,738690.577071961,0,0,0
275255.657383006,40,2732.8,3019.4,2405,0,0,738690.577072424,0,0,0
275255.697382073,40,2871.8,2890.4,2306.8,0,0,738690.577072887,0,0,0
275255.737381139,40,2978.2,2739,2231.6,0,0,738690.57707335,0,0,0
275255.777380205,40,3017.6,2594.4,2179.2,0,0,738690.577073813,0,0,0
275255.817379272,40,2978.6,2478.8,2141.6,0,0,738690.577074276,0,0,0
275255.857378338,40,2893.4,2397.8,2117.8,0,0,738690.577074739,0,0,0
275255.897377405,40,2835.8,2351,2106,0,0,738690.577075202,0,0,0
275255.937376471,40,2788.8,2337.2,2105,0,0,738690.577075664,0,0,0
275255.977375537,40,2778.4,2350.4,2112.6,0,0,738690.577076127,0,0,0
275256.017374604,40,2815.6,2386.2,2122.4,0,0,738690.57707659,0,0,0
275256.05737367,40,2876,2451.6,2139.8,0,0,738690.577077053,0,0,0
275256.097372736,40,2939,2551.8,2171,0,0,738690.577077516,0,0,0
275256.137371803,40,2962.8,2718.2,2226.2,0,0,738690.577077979,0,0,0
275256.177370869,40,2844.2,2894.2,2318.8,0,0,738690.577078442,0,0,0
275256.217369936,40,2657.8,3042.2,2457.2,0,0,738690.577078905,0,0,0
275256.257369002,40,2460.2,3048,2649.2,0,0,738690.577079368,0,0,0
275256.297368069,40,2307.4,2900.8,2843.4,0,0,738690.577079831,0,0,0
275256.337367135,40,2203.2,2688.8,2952.2,0,0,738690.577080294,0,0,0
275256.377366201,40,2143.6,2508,2910.6,0,0,738690.577080757,0,0,0
275256.417365268,40,2111,2379.2,2784.2,0,0,738690.57708122,0,0,0
275256.457364334,40,2124.2,2453.4,2929.8,0,0,738690.577081683,0,0,0
275256.497363401,40,2137.4,2507,2985,0,0,738690.577082146,0,0,0
275256.537362467,40,2154,2570.6,3011,0,0,738690.577082609,0,0,0
275256.577361533,40,2187.8,2668.8,3003.6,0,0,738690.577083072,0,0,0
275256.6173606,40,2241.8,2793.4,2961,0,0,738690.577083535,0,0,0
275256.657359666,40,2307.4,2904,2854.2,0,0,738690.577083998,0,0,0
275256.697358732,40,2399.2,3014,2735,0,0,738690.577084461,0,0,0
275256.737357799,40,2511.2,3061.4,2592.8,0,0,738690.577084924,0,0,0
275256.777356865,40,2648.6,3070.6,2475.6,0,0,738690.577085386,0,0,0
275256.817355932,40,2772,2982,2371.2,0,0,738690.577085849,0,0,0
275256.857354998,40,2882,2844,2286.6,0,0,738690.577086312,0,0,0
275256.897354065,40,2928.4,2694.6,2222.6,0,0,738690.577086775,0,0,0
275256.937353131,40,2924.2,2572.6,2179,0,0,738690.577087238,0,0,0
275256.977352197,40,2876.4,2476.2,2152,0,0,738690.577087701,0,0,0
275257.017351264,40,2825.6,2420.2,2134.4,0,0,738690.577088164,0,0,0
275257.05735033,40,2796.8,2388.4,2126.8,0,0,738690.577088627,0,0,0
275257.097349396,40,2817.6,2387,2122.8,0,0,738690.57708909,0,0,0
275257.137348463,40,2865.8,2410.8,2130.2,0,0,738690.577089553,0,0,0
275257.177347529,40,2932.8,2463.4,2138.4,0,0,738690.577090016,0,0,0
275257.217346596,40,3013,2550.4,2165.6,0,0,738690.577090479,0,0,0
275257.257345662,40,3004.6,2669.8,2206.6,0,0,738690.577090942,0,0,0
275257.297344728,40,2940,2809.2,2264,0,0,738690.577091405,0,0,0
275257.337343795,40,2811.6,2949.4,2351,0,0,738690.577091868,0,0,0
275257.377342861,40,2643.8,3035.8,2462.6,0,0,738690.577092331,0,0,0
275257.417341928,40,2474.8,3014,2608.2,0,0,738690.577092794,0,0,0
275257.457340994,40,2334.8,2902,2751.2,0,0,738690.577093257,0,0,0
275257.497340061,40,2244.4,2758.4,2870.2,0,0,738690.57709372,0,0,0
275257.537339127,40,2178,2623,2932,0,0,738690.577094182,0,0,0
275257.577338193,40,2140.6,2513.6,2926.8,0,0,738690.577094645,0,0,0
275257.61733726,40,2125.4,2446,2892,0,0,738690.577095108,0,0,0
