54740.203,40,2013.4,2075.6,2080.2
54740.243,40,2015.2,2073,2080.8
54740.283,40,2011.2,2075.2,2079.2
54740.323,40,2011.8,2072.2,2080
54740.363,40,2011.4,2075.2,2083.8
54740.403,40,2010.4,2074.6,2083
54740.443,40,2012.8,2075.6,2084.2
54740.483,40,2012.8,2074,2077.6
54740.523,40,2010,2072.4,2083.4
54740.563,40,2015,2075.8,2080
54740.603,40,2016.4,2072.4,2081.6
54740.643,40,2014,2071.2,2080.8
54740.683,40,2017.4,2076,2080.2
54740.723,40,2020,2079.8,2090.6
54740.763,40,2017.6,2080.8,2101
54740.803,40,2016.8,2082.2,2115
54740.843,40,2024.4,2096.6,2142.8
54740.883,40,2029.4,2123.6,2214.4
54740.923,40,2047,2159.8,2330.8
54740.963,40,2072.4,2239.6,2528.8
54741.003,40,2108.8,2360.4,2720.4
54741.043,40,2181.4,2526.8,2762
54741.083,40,2279.8,2657.6,2648.8
54741.123,40,2377.6,2692.4,2491.6
54741.163,40,2462,2650.8,2377.8
54741.203,40,2510.2,2605.6,2318
54741.243,40,2528.4,2592.6,2298.8
54741.283,40,2531.6,2642,2324.4
54741.323,40,2517.6,2715.4,2378
54741.363,40,2462.2,2793.8,2482.4
54741.403,40,2366,2827.6,2644.2
54741.443,40,2249.2,2723.6,2851.4
54741.483,40,2152.8,2495.6,2923.4
54741.523,40,2084.6,2289,2700.2
54741.563,40,2047.4,2177.6,2407
54741.603,40,2034.8,2123.8,2229.4
54741.643,40,2024,2098.2,2145.8
54741.683,40,2018.6,2088.4,2113.8
54741.723,40,2020.8,2086.2,2101.4
54741.763,40,2018.8,2086.2,2107.4
54741.803,40,2024,2092.8,2129
54741.843,40,2026.4,2105,2174.2
54741.883,40,2037.2,2142.2,2263.4
54741.923,40,2057.4,2200.8,2424.6
54741.963,40,2099.8,2315.8,2636
54742.003,40,2181.6,2509.4,2751.2
54742.043,40,2303,2675.4,2608.6
54742.083,40,2444.6,2677.8,2417.6
54742.123,40,2534.6,2567.4,2279.2
54742.163,40,2556.2,2461.8,2207.6
54742.203,40,2554.8,2423,2182.4
54742.243,40,2578.2,2471.6,2199
54742.283,40,2573.2,2533.2,2246.8
54742.323,40,2537.8,2648.6,2328
54742.363,40,2433.4,2764.6,2487.2
54742.403,40,2280.2,2753.8,2762.4
54742.443,40,2151,2518.6,2965.8
54742.483,40,2076,2284,2733.4
54742.523,40,2047.4,2165.2,2390.4
54742.563,40,2023.2,2115.4,2215.8
54742.603,40,2020.8,2092.8,2139.4
54742.643,40,2023.2,2084.6,2109.8
54742.683,40,2017.6,2086.2,2106.8
54742.723,40,2020.2,2087,2120.6
54742.763,40,2018.8,2099.4,2141.4
54742.803,40,2027.6,2115.6,2207.8
54742.843,40,2040.8,2154.8,2314.4
54742.883,40,2068,2230,2490.2
54742.923,40,2117.6,2375.2,2723.2
54742.963,40,2202.6,2591.4,2799.8
54743.003,40,2330.6,2756.6,2634.2
54743.043,40,2474.8,2731.8,2428.2
54743.083,40,2560.4,2610.6,2290.4
54743.123,40,2574,2509.4,2223.8
54743.163,40,2574.6,2474.8,2203.4
54743.203,40,2577.2,2499.4,2226
54743.243,40,2570.8,2555,2261.8
54743.283,40,2551.2,2652.8,2322.4
54743.323,40,2482.4,2763.4,2439.6
54743.363,40,2363.4,2829,2646
54743.403,40,2237.8,2715.6,2885
54743.443,40,2142.2,2478.2,2956.2
54743.483,40,2082,2286,2728
54743.523,40,2049,2182.8,2439.2
54743.563,40,2033,2129.2,2266.2
54743.603,40,2024,2105.4,2175
54743.643,40,2021.8,2096.4,2137
54743.683,40,2020.4,2091.2,2122.8
54743.723,40,2018.6,2091.8,2130.8
54743.763,40,2027.2,2102.2,2156.2
54743.803,40,2030.8,2119.6,2207.8
54743.843,40,2042.2,2153.8,2306.4
54743.883,40,2068.8,2228.6,2491.2
54743.923,40,2112.8,2360.2,2710
54743.963,40,2197.6,2560.4,2733.2
54744.003,40,2335,2678.8,2554.2
54744.043,40,2458.8,2624.2,2357
54744.083,40,2523.4,2508.8,2242.8
54744.123,40,2530.2,2410.6,2185.6
54744.163,40,2528.4,2374.4,2159
54744.203,40,2566.2,2416.4,2170.8
54744.243,40,2577.4,2474.2,2209
54744.283,40,2563,2581,2279.2
54744.323,40,2493.6,2712.6,2390.2
54744.363,40,2358.2,2783.4,2630.4
54744.403,40,2205.2,2644.2,2913
54744.443,40,2105,2374,2906.6
54744.483,40,2055.8,2210.6,2533.8
54744.523,40,2030.8,2136.6,2278.2
54744.563,40,2025.4,2098.2,2165.6
54744.603,40,2022,2088.2,2119.4
54744.643,40,2015.6,2086.8,2107.2
54744.683,40,2016.6,2086.6,2112.4
54744.723,40,2022.8,2094.8,2134.2
54744.763,40,2030.6,2114,2187.2
54744.803,40,2042.4,2151.4,2308.4
54744.843,40,2067.6,2227,2505
54744.883,40,2121.2,2385.8,2717.2
54744.923,40,2233.4,2620.4,2720.4
54744.963,40,2400.2,2742.4,2504
54745.003,40,2542.4,2638.4,2316
54745.043,40,2572.4,2467.2,2205.4
54745.083,40,2539.4,2366,2148.4
54745.123,40,2507.2,2333.6,2140.6
54745.163,40,2536.2,2374.4,2156.8
54745.203,40,2566,2447.2,2191.4
54745.243,40,2579,2558,2257.8
54745.283,40,2526.8,2709.2,2371.2
54745.323,40,2383.6,2820.4,2599.2
54745.363,40,2220,2673,2886.2
54745.403,40,2111.2,2399.4,2889.6
54745.443,40,2062,2218.6,2549.2
54745.483,40,2039,2138.4,2285.4
54745.523,40,2021.8,2105.6,2168.2
54745.563,40,2014.8,2089.4,2114.2
54745.603,40,2018,2083.6,2099.8
54745.643,40,2018,2082,2095.4
54745.683,40,2017.6,2087.8,2114.8
54745.723,40,2025.4,2102.8,2162.8
54745.763,40,2037.6,2130.2,2247.2
54745.803,40,2058.2,2195.6,2421.4
54745.843,40,2107.6,2329.4,2672
54745.883,40,2192.8,2544.6,2751.8
54745.923,40,2338.6,2707.4,2576.6
54745.963,40,2485.8,2641.8,2355.6
54746.003,40,2537.6,2489.8,2229.2
54746.043,40,2507.4,2360.6,2161.4
54746.083,40,2466.6,2309.2,2137.8
54746.123,40,2469.2,2300.4,2128.2
54746.163,40,2516.4,2340.8,2142
54746.203,40,2555.4,2403,2169.6
54746.243,40,2577.4,2515.2,2233
54746.283,40,2536.2,2662,2334.8
54746.323,40,2405.8,2784,2540.4
54746.363,40,2241.2,2697,2837.6
54746.403,40,2123.8,2426,2922.6
54746.443,40,2062,2231.4,2599.2
54746.483,40,2039,2145.4,2315.4
54746.523,40,2023.4,2104.6,2178
54746.563,40,2020.6,2087.8,2120.2
54746.603,40,2017.8,2075,2100.2
54746.643,40,2015.8,2085.2,2097.2
54746.683,40,2017.8,2087.8,2110.4
54746.723,40,2023,2101.4,2158.2
54746.763,40,2037.4,2132.8,2249
54746.803,40,2055.4,2200.2,2411.2
54746.843,40,2097.8,2329.8,2660.4
54746.883,40,2190.4,2547,2767
54746.923,40,2335.2,2729,2596.8
54746.963,40,2503.8,2669.4,2361.8
54747.003,40,2562.6,2487.2,2223.2
54747.043,40,2509,2362.8,2155.4
54747.083,40,2463.4,2298.2,2122
54747.123,40,2464,2294,2120.2
54747.163,40,2514.8,2341.2,2147.8
54747.203,40,2551,2417.8,2182.2
54747.243,40,2563.8,2543.8,2254.8
54747.283,40,2501.2,2705.8,2385.4
54747.323,40,2349.4,2797.8,2647
54747.363,40,2187.4,2610.8,2939.2
54747.403,40,2092.6,2334.6,2829
54747.443,40,2048.2,2188.4,2458
54747.483,40,2029.8,2123.4,2233.8
54747.523,40,2022.2,2093.2,2130
54747.563,40,2016.4,2077.2,2096.8
54747.603,40,2008.6,2077.2,2082.8
54747.643,40,2013.4,2074.2,2085.8
54747.683,40,2016.6,2083.6,2101.6
54747.723,40,2016.8,2095.8,2134.4
54747.763,40,2027.6,2117,2205.2
54747.803,40,2044.4,2165.2,2346.2
54747.843,40,2084.4,2277,2594.8
54747.883,40,2151.4,2469.4,2791
54747.923,40,2277.8,2692,2689.4
54747.963,40,2440,2723.6,2454
54748.003,40,2550.4,2582.2,2277.8
54748.043,40,2556,2434.2,2194
54748.083,40,2510.6,2353.4,2147.4
54748.123,40,2500,2323,2133.2
54748.163,40,2523,2349,2146.6
54748.203,40,2547.8,2402.2,2171
54748.243,40,2576,2491.8,2219.4
54748.283,40,2546.4,2621.2,2311.6
54748.323,40,2426.8,2738,2470.2
54748.363,40,2274.6,2691,2714.6
54748.403,40,2148.2,2470.8,2862.2
54748.443,40,2076,2265.2,2656.8
54748.483,40,2041.8,2157.8,2355
54748.523,40,2023.4,2106,2194.2
54748.563,40,2015,2090.4,2117.6
54748.603,40,2017.4,2080.4,2093.2
54748.643,40,2013.2,2077.4,2085.2
54748.683,40,2018.4,2075,2088
54748.723,40,2017.8,2085.6,2112.4
54748.763,40,2024.2,2104.2,2153.2
54748.803,40,2040.2,2133.4,2253
54748.843,40,2056,2202,2479.6
54748.883,40,2106,2354.4,2764.6
54748.923,40,2203.4,2587.6,2788
54748.963,40,2354.4,2691.4,2531.4
54749.003,40,2475.2,2590.4,2327.8
54749.043,40,2499.4,2447.6,2220.4
54749.083,40,2476.6,2353.6,2163.4
54749.123,40,2468,2327.6,2140.2
54749.163,40,2504.6,2355.8,2155.4
54749.203,40,2547.4,2411.4,2177.2
54749.243,40,2580.2,2519.6,2229.8
54749.283,40,2540.8,2661.4,2335
54749.323,40,2417,2770,2521.2
54749.363,40,2244.6,2659.8,2764
54749.403,40,2128,2419.4,2811
54749.443,40,2065,2235.8,2567.8
54749.483,40,2042.8,2144.8,2307.8
54749.523,40,2023.4,2107,2174.8
54749.563,40,2016.4,2084,2117.8
54749.603,40,2014,2081.6,2097.2
54749.643,40,2016,2083.2,2093.4
54749.683,40,2015.2,2090.6,2115.4
54749.723,40,2025.2,2101,2150
54749.763,40,2036.4,2122.8,2233.4
54749.803,40,2050.4,2183.2,2401.6
54749.843,40,2089.2,2306.2,2709.8
54749.883,40,2174.2,2537.8,2874.4
54749.923,40,2314.8,2746.2,2679.4
54749.963,40,2479.2,2717.6,2405
54750.003,40,2565,2532,2246.8
54750.043,40,2532.8,2387,2167.6
54750.083,40,2479.6,2312.6,2139.6
54750.123,40,2479.6,2312.8,2132.6
54750.163,40,2526.4,2357.6,2152.4
54750.203,40,2559.4,2409.8,2182
54750.243,40,2575.4,2521.8,2241.6
54750.283,40,2529,2671,2343.2
54750.323,40,2393.8,2762.6,2548.6
54750.363,40,2235.2,2649,2795.6
54750.403,40,2121.2,2405.2,2825.2
54750.443,40,2062,2227.8,2557.6
54750.483,40,2036.4,2140,2302.6
54750.523,40,2022.2,2105.2,2168.6
54750.563,40,2017.2,2082.8,2115.8
54750.603,40,2014.2,2079.8,2090.8
54750.643,40,2012.2,2076.4,2089.2
54750.683,40,2021.6,2080,2107.2
54750.723,40,2026,2095,2136.4
54750.763,40,2034,2116,2201.8
54750.803,40,2045.4,2166.4,2345.4
54750.843,40,2076.4,2271,2613.8
54750.883,40,2142.2,2468.6,2853.2
54750.923,40,2272.6,2706,2725
54750.963,40,2444.8,2731,2451
54751.003,40,2543,2558.4,2273.6
54751.043,40,2530.8,2404.6,2184.6
54751.083,40,2480.4,2317.6,2135.2
54751.123,40,2461.2,2292.6,2121
54751.163,40,2502.6,2335.6,2137.8
54751.203,40,2542.4,2375.6,2160.2
54751.243,40,2572.2,2472.8,2209.4
54751.283,40,2560.2,2603.4,2289.6
54751.323,40,2456.2,2741.2,2453
54751.363,40,2291.6,2716.8,2686.8
54751.403,40,2158,2504.6,2839.8
54751.443,40,2088.6,2288.2,2663.4
54751.483,40,2050.2,2174.4,2391.4
54751.523,40,2028.8,2116.4,2216.4
54751.563,40,2020.2,2092.4,2136.2
54751.603,40,2015.6,2079.6,2100.6
54751.643,40,2011.6,2077.8,2089.4
54751.683,40,2014.6,2079.4,2103.6
54751.723,40,2023.6,2091.6,2132.6
54751.763,40,2027.2,2112.4,2190.2
54751.803,40,2039.8,2150,2288.2
54751.843,40,2077.4,2239,2526.8
54751.883,40,2126,2418.8,2812.2
54751.923,40,2247.6,2682.2,2763.2
54751.963,40,2436.6,2763,2484.4
54752.003,40,2564.8,2584.8,2276.2
54752.043,40,2541.6,2391.8,2169.4
54752.083,40,2451.8,2288.6,2115.6
54752.123,40,2400.8,2242,2107.4
54752.163,40,2424.4,2256,2107.2
54752.203,40,2470,2296.2,2124.6
54752.243,40,2525,2367.2,2159.2
54752.283,40,2568.8,2481.6,2221.2
54752.323,40,2538.2,2655.8,2338.6
54752.363,40,2389.2,2787,2564
54752.403,40,2217.2,2648.4,2848.4
54752.443,40,2112,2372.4,2831.6
54752.483,40,2057.2,2205.2,2495.8
54752.523,40,2032.2,2128.4,2255
54752.563,40,2016.6,2097.6,2150.4
54752.603,40,2020.8,2080.8,2098.4
54752.643,40,2016.4,2075,2089.2
54752.683,40,2017.4,2079,2094.6
54752.723,40,2023,2093.4,2116.8
54752.763,40,2025.4,2104.4,2165.4
54752.803,40,2039.4,2137.4,2273.4
54752.843,40,2058.6,2220.6,2509
54752.883,40,2116,2387.8,2827
54752.923,40,2227.2,2653.4,2812
54752.963,40,2409,2763.2,2513.4
54753.003,40,2547.4,2591.2,2289.8
54753.043,40,2533.2,2398,2181
54753.083,40,2457.2,2288.6,2126.4
54753.123,40,2404.6,2255.2,2106
54753.163,40,2432.8,2267.6,2110.6
54753.203,40,2484.4,2311.8,2131.2
54753.243,40,2541.4,2382,2164
54753.283,40,2578.8,2517,2227.2
54753.323,40,2524.8,2675,2359.4
54753.363,40,2364.2,2765,2585.2
54753.403,40,2204.4,2609.2,2833.2
54753.443,40,2103.2,2359.2,2783
54753.483,40,2051.2,2197,2489
54753.523,40,2033.6,2130,2251.4
54753.563,40,2020.6,2097.4,2150.6
54753.603,40,2017.2,2086.2,2104.6
54753.643,40,2013,2078.2,2089.4
54753.683,40,2014.2,2078,2092.4
54753.723,40,2020.2,2086.6,2118.8
54753.763,40,2027,2102,2161
54753.803,40,2039.4,2134.4,2250.2
54753.843,40,2056,2197.2,2453
54753.883,40,2100.2,2333.8,2759.6
54753.923,40,2193.8,2586,2844.6
54753.963,40,2353.6,2750,2592.8
54754.003,40,2509.8,2650.4,2347.2
54754.043,40,2546.2,2465.8,2210.2
54754.083,40,2488.2,2338.8,2149
54754.123,40,2440.4,2286.2,2121
54754.163,40,2435.2,2277,2116.2
54754.203,40,2474.6,2306.2,2129
54754.243,40,2513.4,2346.4,2148.6
54754.283,40,2565.6,2436.2,2190.4
54754.323,40,2575.6,2567.6,2264
54754.363,40,2489.2,2734,2410.4
54754.403,40,2324.8,2746.4,2650.4
54754.443,40,2184.4,2544.6,2823.8
54754.483,40,2095.4,2322.4,2703.8
54754.523,40,2052.2,2189.8,2432.6
54754.563,40,2033.6,2128.8,2245
54754.603,40,2020.6,2096.2,2153
54754.643,40,2018,2084.8,2112.6
54754.683,40,2018.2,2072,2095
54754.723,40,2014,2081.2,2092.8
54754.763,40,2021.8,2084,2112.2
54754.803,40,2024.2,2103.4,2154
54754.843,40,2032.8,2126.2,2225.2
54754.883,40,2053.2,2182,2385.8
54754.923,40,2087.8,2296.4,2667
54754.963,40,2167.2,2527,2857
54755.003,40,2316.2,2761.8,2679.2
54755.043,40,2497.4,2718.6,2397.2
54755.083,40,2573,2508.2,2229.2
54755.123,40,2513.4,2351.2,2149.8
54755.163,40,2435.8,2273.8,2112.2
54755.203,40,2398,2249,2100
54755.243,40,2437.4,2265.4,2115.4
54755.283,40,2484,2315.4,2130.2
54755.323,40,2540.8,2387.8,2168.4
54755.363,40,2573.6,2504.6,2234.8
54755.403,40,2527,2667.4,2345.4
54755.443,40,2386.6,2767.6,2554.8
54755.483,40,2229.8,2668.6,2818.4
54755.523,40,2120.2,2421.4,2857.6
54755.563,40,2070.6,2239.6,2593.4
54755.603,40,2036.4,2143,2328.8
54755.643,40,2025,2109.2,2187.4
54755.683,40,2015.4,2084.6,2127.2
54755.723,40,2014.4,2076.6,2103.2
54755.763,40,2014.6,2074,2088.6
54755.803,40,2015.8,2083.2,2100.4
54755.843,40,2020.2,2092.2,2127
54755.883,40,2019.2,2107.6,2179.8
54755.923,40,2037.2,2145.2,2286.2
54755.963,40,2059.4,2213.8,2505.8
54756.003,40,2108.8,2371.4,2797
54756.043,40,2204,2609.2,2826.8
54756.083,40,2357.2,2746,2574.4
54756.123,40,2506.2,2648.8,2345.2
54756.163,40,2537.4,2468.2,2219.2
54756.203,40,2485.4,2341.2,2153.4
54756.243,40,2431.2,2280.8,2121.8
54756.283,40,2407.4,2256,2111
54756.323,40,2439,2274,2116.2
54756.363,40,2494.2,2320.6,2136.8
54756.403,40,2544.4,2388.6,2164.8
54756.443,40,2576.2,2509.4,2229.4
54756.483,40,2531,2681,2347.8
54756.523,40,2378.2,2770.2,2573.2
54756.563,40,2215,2629.6,2836.4
54756.603,40,2113.6,2370,2798.6
54756.643,40,2059,2212.6,2513.6
54756.683,40,2039,2130.6,2275
54756.723,40,2023.2,2099.2,2158.2
54756.763,40,2014.4,2079.8,2108
54756.803,40,2015.6,2075,2087.2
54756.843,40,2013.6,2074.8,2087.2
54756.883,40,2014.8,2077.6,2102.8
54756.923,40,2018,2090.6,2127.6
54756.963,40,2031.2,2109.6,2177.8
54757.003,40,2037.6,2143,2279.8
54757.043,40,2063.2,2216.4,2491.8
54757.083,40,2109.8,2369.6,2793
54757.123,40,2208.6,2635,2850.8
54757.163,40,2382.4,2788.8,2575.8
54757.203,40,2539.8,2653.8,2327.6
54757.243,40,2563.8,2448.2,2195.2
54757.283,40,2480.6,2316.2,2137.6
54757.323,40,2410,2252.4,2109.4
54757.363,40,2402.6,2245.8,2103.8
54757.403,40,2449.4,2280.4,2118.6
54757.443,40,2510.2,2340.4,2142.8
54757.483,40,2567.2,2437.6,2192.4
54757.523,40,2565.2,2583.8,2279.6
54757.563,40,2459.4,2745.4,2447
54757.603,40,2291.6,2736.6,2713.4
54757.643,40,2153.2,2507.6,2899.8
54757.683,40,2080.8,2284.8,2696.2
54757.723,40,2044.6,2165.8,2382.8
54757.763,40,2030.4,2111.2,2209.6
54757.803,40,2019.2,2087.8,2138
54757.843,40,2015.6,2077.6,2098.4
54757.883,40,2017.2,2074.4,2091.2
54757.923,40,2019.8,2081.6,2096.4
54757.963,40,2018.4,2087,2129
54758.003,40,2029.2,2106,2171
54758.043,40,2038.2,2138.6,2277.8
54758.083,40,2055.2,2207.4,2484.2
54758.123,40,2103.8,2357.8,2793
54758.163,40,2203,2617,2863.4
54758.203,40,2377,2772.4,2575.8
54758.243,40,2529.4,2636.8,2325
54758.283,40,2544.6,2434.6,2196
54758.323,40,2462.6,2301.6,2135.8
54758.363,40,2392.4,2242.4,2102.2
54758.403,40,2400.8,2252.4,2109
54758.443,40,2455.2,2287,2121
54758.483,40,2502.2,2332.4,2141.4
54758.523,40,2558.8,2412,2179.4
54758.563,40,2583.2,2548.8,2243.2
54758.603,40,2522,2721.2,2381.4
54758.643,40,2361,2798.8,2632.6
54758.683,40,2202.2,2631,2890.8
54758.723,40,2107,2373,2841.6
54758.763,40,2056.2,2207.2,2519.2
54758.803,40,2036.4,2131.4,2276.8
54758.843,40,2028.4,2104,2162.4
54758.883,40,2015.8,2086.8,2111.2
54758.923,40,2015.2,2077.4,2091.6
54758.963,40,2013.4,2082.2,2091.8
54759.003,40,2016.8,2084.6,2107.4
54759.043,40,2020.4,2093.2,2128.2
54759.083,40,2032.8,2114.8,2189.8
54759.123,40,2041,2155.4,2307.2
54759.163,40,2064,2228.6,2520
54759.203,40,2119,2389.4,2767.4
54759.243,40,2217.8,2615.8,2777
54759.283,40,2373.8,2719.8,2526.4
54759.323,40,2506.2,2606.6,2319.8
54759.363,40,2525.8,2435,2204.6
54759.403,40,2466.2,2330.4,2146.4
54759.443,40,2408.2,2265.8,2116.2
54759.483,40,2390,2242.2,2101.2
54759.523,40,2416.8,2252.4,2107.6
54759.563,40,2464.8,2288.4,2123
54759.603,40,2512.4,2340.6,2142.2
54759.643,40,2556,2433.4,2189
54759.683,40,2564.2,2562.6,2270.2
54759.723,40,2478.2,2722,2416
54759.763,40,2327,2767,2669.2
54759.803,40,2185.6,2577.6,2907.2
54759.843,40,2095.4,2331.6,2804.2
54759.883,40,2051.6,2192.4,2469.6
54759.923,40,2037.2,2125.6,2254.6
54759.963,40,2024.8,2094.2,2157.2
54760.003,40,2016.2,2081.2,2111.6
54760.043,40,2014.6,2075.8,2093.2
54760.083,40,2015.4,2079.6,2092.4
54760.123,40,2019.8,2082.2,2107.6
54760.163,40,2018.2,2095.2,2139.8
54760.203,40,2026.6,2117,2200.8
54760.243,40,2044.4,2155.8,2327.6
54760.283,40,2068.4,2240.4,2564
54760.323,40,2127.2,2406.6,2792.4
54760.363,40,2232.4,2624.6,2747
54760.403,40,2378.8,2706.2,2507
54760.443,40,2496,2585.8,2314.6
54760.483,40,2517.4,2439.2,2206.8
54760.523,40,2467.6,2333.6,2154.4
54760.563,40,2438,2284.6,2120
54760.603,40,2433.6,2277.6,2117.8
54760.643,40,2483,2304.8,2128.2
54760.683,40,2523.8,2352,2150.6
54760.723,40,2552.8,2430.6,2185.6
54760.763,40,2574,2533.6,2244.4
54760.803,40,2518.6,2665.4,2348
54760.843,40,2393.4,2745.2,2525.8
54760.883,40,2242.2,2674.4,2762.4
54760.923,40,2138.6,2458.6,2873
54760.963,40,2075.4,2269.4,2660.8
54761.003,40,2045,2163.8,2376.6
54761.043,40,2026.6,2113,2214.8
54761.083,40,2023.4,2088.8,2136
54761.123,40,2017.8,2078.6,2101.6
54761.163,40,2015.8,2076.2,2090.2
54761.203,40,2011.4,2079.2,2094.4
54761.243,40,2019.2,2086.4,2113
54761.283,40,2022.2,2092.8,2144
54761.323,40,2033.2,2121.6,2211.8
54761.363,40,2044.4,2162.6,2345.8
54761.403,40,2074.2,2254.8,2598
54761.443,40,2134.2,2430.6,2831
54761.483,40,2241.4,2658.4,2758
54761.523,40,2393,2733.8,2506.4
54761.563,40,2513.8,2598.4,2311
54761.603,40,2526.4,2439.4,2203
54761.643,40,2474.2,2325.2,2147
54761.683,40,2418.4,2272.2,2118.4
54761.723,40,2408.4,2257.2,2109.6
54761.763,40,2445,2277.4,2115.6
54761.803,40,2474.4,2302.6,2129.8
54761.843,40,2524.8,2362.2,2151.6
54761.883,40,2566.8,2446.6,2200.4
54761.923,40,2562,2590,2284.2
54761.963,40,2459,2716.4,2432.4
54762.003,40,2303.4,2719.2,2658.2
54762.043,40,2171.8,2530,2840.4
54762.083,40,2091.4,2315,2725.6
54762.123,40,2051,2186.6,2442.4
54762.163,40,2031.6,2123.6,2246.6
54762.203,40,2023.6,2093,2153.8
54762.243,40,2019.4,2082.4,2108.2
54762.283,40,2013.8,2078,2087.4
54762.323,40,2016.8,2076.4,2089
54762.363,40,2019,2079.2,2107.8
54762.403,40,2023.8,2099,2134.6
54762.443,40,2031.6,2112.4,2192.4
54762.483,40,2042.8,2152.8,2310.4
54762.523,40,2067.2,2231,2547.2
54762.563,40,2118.6,2401.2,2833
54762.603,40,2224.4,2651.2,2831.2
54762.643,40,2388.8,2768.4,2553
54762.683,40,2527.4,2643,2326.2
54762.723,40,2548.8,2460.8,2207.6
54762.763,40,2486.6,2336,2146
54762.803,40,2422.6,2267.2,2118
54762.843,40,2404,2247.6,2105.8
54762.883,40,2431.6,2268.6,2113.8
54762.923,40,2476.8,2301,2124.4
54762.963,40,2524.4,2354.6,2148.2
54763.003,40,2567.2,2449,2194.8
54763.043,40,2570.2,2575.2,2271.6
54763.083,40,2482,2713.8,2412.2
54763.123,40,2332.8,2754.8,2633.2
54763.163,40,2191.6,2579.8,2845.6
54763.203,40,2101,2347.4,2780.2
54763.243,40,2057.8,2202.2,2488
54763.283,40,2035,2131.6,2273.2
54763.323,40,2025.6,2101.2,2162.4
54763.363,40,2017.4,2080.8,2113.4
54763.403,40,2013.8,2075.8,2096.6
54763.443,40,2014.8,2078,2088.2
54763.483,40,2013.4,2082.6,2100
54763.523,40,2021.6,2090.4,2124.2
54763.563,40,2024.4,2105.2,2171.6
54763.603,40,2035,2134.6,2258.4
54763.643,40,2058.2,2195,2433
54763.683,40,2090.2,2324.6,2704.4
54763.723,40,2173.2,2541.8,2854.4
54763.763,40,2312.4,2738.2,2661.8
54763.803,40,2480.2,2702.4,2400
54763.843,40,2554,2523.4,2246
54763.883,40,2511.8,2370.6,2161
54763.923,40,2442.8,2279.8,2125.2
54763.963,40,2399,2242.6,2108
54764.003,40,2406,2249.2,2103.2
54764.043,40,2442.8,2270.6,2111.8
54764.083,40,2477.2,2298.2,2122.8
54764.123,40,2525,2357.8,2152.8
54764.163,40,2565,2437.8,2191
54764.203,40,2571.8,2567.6,2266.2
54764.243,40,2498.6,2711.8,2393.6
54764.283,40,2356.6,2773.4,2615.2
54764.323,40,2207,2631.8,2863.2
54764.363,40,2116.2,2391.8,2852.2
54764.403,40,2058.8,2224.6,2563
54764.443,40,2040.2,2145.4,2311.8
54764.483,40,2028.8,2109.4,2185.6
54764.523,40,2014.2,2089.4,2133.8
54764.563,40,2021.2,2085.2,2100.8
54764.603,40,2014.4,2080,2098.4
54764.643,40,2015.6,2083,2108.4
54764.683,40,2020.2,2091.2,2136
54764.723,40,2027,2111.4,2185.8
54764.763,40,2040.2,2146.2,2291.8
54764.803,40,2062.4,2216,2482.4
54764.843,40,2105.4,2357,2778.6
54764.883,40,2195.2,2596.4,2869
54764.923,40,2347,2764.2,2629.4
54764.963,40,2499.6,2694.2,2380
54765.003,40,2564,2520.8,2241.6
54765.043,40,2529,2383.8,2169.6
54765.083,40,2479.4,2314.6,2134.2
54765.123,40,2458.2,2292.6,2125.6
54765.163,40,2491,2318.8,2138.8
54765.203,40,2526.6,2367.2,2152.6
54765.243,40,2559.2,2429.8,2179.6
54765.283,40,2584.2,2515.2,2229.4
54765.323,40,2557.4,2636.6,2315.4
54765.363,40,2455,2768.2,2468.4
54765.403,40,2305.4,2761.2,2698.2
54765.443,40,2177.6,2562.6,2886
54765.483,40,2094.8,2334.2,2781.8
54765.523,40,2056,2203.8,2485
54765.563,40,2033.8,2129.2,2272.6
54765.603,40,2023.4,2103.6,2166.6
54765.643,40,2017.2,2085.4,2114.4
54765.683,40,2018.2,2079.2,2094.4
54765.723,40,2014.4,2075.2,2098.8
54765.763,40,2019.8,2082.4,2113
54765.803,40,2023.6,2095.4,2137.6
54765.843,40,2035.8,2116,2193.6
54765.883,40,2042.2,2155.4,2314.4
54765.923,40,2064.6,2239.2,2556.6
54765.963,40,2120.4,2406.8,2833
54766.003,40,2227,2654.8,2823.2
54766.043,40,2393.6,2771.6,2545.6
54766.083,40,2533.4,2635.6,2325.2
54766.123,40,2556.4,2461.6,2207
54766.163,40,2495.2,2340.4,2151.2
54766.203,40,2442.4,2280,2123.4
54766.243,40,2428.6,2266.6,2118.6
54766.283,40,2475.8,2304.4,2128
54766.323,40,2520,2354.8,2148
54766.363,40,2572.6,2432.2,2184.8
54766.403,40,2583.2,2552.6,2254
54766.443,40,2515.4,2712,2381
54766.483,40,2362.6,2792.4,2601
54766.523,40,2210,2627.4,2849.2
54766.563,40,2107.6,2382.6,2832.6
54766.603,40,2060,2216.8,2535.4
54766.643,40,2032.2,2138.2,2292
54766.683,40,2021.2,2105,2169.6
54766.723,40,2016.4,2088.2,2113.2
54766.763,40,2013,2075.4,2091.8
54766.803,40,2012.8,2071,2088.6
54766.843,40,2013.8,2077.4,2092.8
54766.883,40,2019.6,2087.2,2119.2
54766.923,40,2023.4,2099.2,2161.6
54766.963,40,2034.2,2132.8,2247.8
54767.003,40,2053.2,2189,2403
54767.043,40,2090.2,2302.6,2661.6
54767.083,40,2163.2,2513.6,2837.2
54767.123,40,2297.6,2720.2,2683.4
54767.163,40,2454,2736.2,2437.6
54767.203,40,2561.4,2568.8,2269.4
54767.243,40,2549.2,2412.2,2175.6
54767.283,40,2486.4,2316.8,2134.4
54767.323,40,2440.4,2275,2115.4
54767.363,40,2450,2281,2118.2
54767.403,40,2496.2,2315.2,2129.6
54767.443,40,2526.4,2357.8,2148.6
54767.483,40,2559.4,2429.6,2183.8
54767.523,40,2574.6,2533.2,2234.8
54767.563,40,2532,2678.4,2345.6
54767.603,40,2404.4,2791.4,2551.6
54767.643,40,2250,2717.2,2835.2
54767.683,40,2130.4,2452.6,2933.8
54767.723,40,2069.8,2254.2,2645
54767.763,40,2041.4,2156.6,2342.2
54767.803,40,2027.6,2106.8,2194.2
54767.843,40,2018.8,2089.4,2124.4
54767.883,40,2016.2,2078,2096.8
54767.923,40,2015.4,2077.2,2084.8
54767.963,40,2014.2,2074.6,2086.8
54768.003,40,2019.4,2079.6,2105.4
54768.043,40,2020,2093.2,2138
54768.083,40,2027.2,2110.6,2194.2
54768.123,40,2037.8,2151.2,2320.4
54768.163,40,2064.8,2231.8,2538.2
54768.203,40,2111.4,2386,2793.2
54768.243,40,2206.6,2600.2,2811.4
54768.283,40,2345.4,2732.8,2578.8
54768.323,40,2476.4,2647.6,2363.8
54768.363,40,2526.8,2490.8,2238.2
54768.403,40,2503.2,2375.6,2174.8
54768.443,40,2459.6,2307.4,2133.2
54768.483,40,2439.6,2281.8,2118
54768.523,40,2461.2,2292.6,2123.4
54768.563,40,2501.8,2320.2,2132.4
54768.603,40,2534.2,2363.8,2155.2
54768.643,40,2564.2,2436.2,2185.4
54768.683,40,2567.4,2532,2249.2
54768.723,40,2518.2,2657.2,2347
54768.763,40,2395.2,2752.4,2521.6
54768.803,40,2253.2,2685.4,2760.4
54768.843,40,2142,2460.2,2853.8
54768.883,40,2077,2268,2644.8
54768.923,40,2044.8,2166.4,2374.6
54768.963,40,2032,2115.4,2213.2
54769.003,40,2021.2,2091.6,2134.6
54769.043,40,2013.8,2077.8,2101.2
54769.083,40,2012.4,2074.2,2088.6
54769.123,40,2015.6,2079.8,2099.6
54769.163,40,2015,2087,2108.6
54769.203,40,2023.4,2091.6,2139.4
54769.243,40,2028.4,2113.6,2194.4
54769.283,40,2041.6,2150.8,2309.4
54769.323,40,2062.4,2230.4,2533.4
54769.363,40,2112.4,2384.4,2793.6
54769.403,40,2213.8,2612.6,2807.6
54769.443,40,2358.6,2746.8,2579.6
54769.483,40,2492.2,2653.6,2357.8
54769.523,40,2549.2,2503.2,2234.6
54769.563,40,2517.2,2377.6,2166.8
54769.603,40,2477.2,2320,2137.2
54769.643,40,2455.6,2295.6,2128
54769.683,40,2488.2,2322,2135.2
54769.723,40,2511,2341.8,2140.4
54769.763,40,2541.2,2383.2,2160.8
54769.803,40,2567.8,2437.2,2192.4
54769.843,40,2573.2,2534.4,2241.8
54769.883,40,2546.2,2645.2,2322.8
54769.923,40,2457.4,2762.8,2465.4
54769.963,40,2317,2763.6,2687.4
54770.003,40,2188,2591,2888.8
54770.043,40,2104.6,2357.2,2805.2
54770.083,40,2056.2,2211.8,2514.8
54770.123,40,2036.2,2140.8,2294.2
54770.163,40,2025,2105,2179.4
54770.203,40,2021.8,2090.4,2128.2
54770.243,40,2015,2082.4,2103.8
54770.283,40,2014.8,2081.4,2095.2
54770.323,40,2012.2,2081.2,2108
54770.363,40,2019.6,2088.4,2133.4
54770.403,40,2024.4,2108.8,2177.6
54770.443,40,2033.8,2131.2,2250.8
54770.483,40,2051,2186,2405.2
54770.523,40,2089.8,2289.4,2650.6
54770.563,40,2149.8,2487.8,2835.8
54770.603,40,2270.6,2692.4,2724.8
54770.643,40,2425.4,2732.8,2479
54770.683,40,2537.4,2607.2,2298
54770.723,40,2548.6,2457.6,2205.8
54770.763,40,2506.8,2356.4,2154.6
54770.803,40,2474.8,2311.4,2129.6
54770.843,40,2477.8,2306,2131.8
54770.883,40,2515.4,2336,2141.2
54770.923,40,2532.2,2362,2152.4
54770.963,40,2558.4,2412.4,2179.8
54771.003,40,2576,2485.6,2220.2
54771.043,40,2561.8,2603,2289.2
54771.083,40,2481.8,2731.2,2420.4
54771.123,40,2345.2,2779,2634.2
54771.163,40,2203.8,2630.6,2873.4
54771.203,40,2111.2,2382.2,2840
54771.243,40,2060.2,2224.2,2541.8
54771.283,40,2039.4,2142.4,2302.2
54771.323,40,2026.6,2107.2,2178.4
54771.363,40,2019.6,2088.6,2125.8
54771.403,40,2013.8,2082.2,2102.8
54771.443,40,2010.6,2078,2094.6
54771.483,40,2016.8,2081.6,2107
54771.523,40,2020.2,2092.8,2128.2
54771.563,40,2027.2,2109.6,2167.4
54771.603,40,2034.6,2141.2,2265.8
54771.643,40,2056.8,2198.8,2443.2
54771.683,40,2093.2,2322.6,2692.8
54771.723,40,2172.6,2523.6,2824.4
54771.763,40,2298.2,2718.4,2663.2
54771.803,40,2456.4,2708.8,2424.4
54771.843,40,2538,2560.4,2269.6
54771.883,40,2534.2,2418,2185.6
54771.923,40,2479.8,2328.2,2142.4
54771.963,40,2446.2,2287,2122
54772.003,40,2459,2293.4,2121.6
54772.043,40,2487.8,2315.4,2134.4
54772.083,40,2518.2,2338.8,2146
54772.123,40,2554,2395.8,2170.4
54772.163,40,2572.6,2484.6,2211.2
54772.203,40,2544.2,2603.8,2300.2
54772.243,40,2455.6,2727,2437.4
54772.283,40,2316.8,2744,2660.2
54772.323,40,2187.4,2576.8,2870.2
54772.363,40,2100.2,2348.8,2796
54772.403,40,2056.6,2206.2,2507.2
54772.443,40,2037.6,2138.8,2287.8
54772.483,40,2023.8,2101,2177
54772.523,40,2018.2,2088.2,2122.6
54772.563,40,2014,2080.6,2102.6
54772.603,40,2015.6,2080.2,2093.2
54772.643,40,2020.8,2080.2,2101.8
54772.683,40,2019.4,2090.2,2127.8
54772.723,40,2023.8,2103.6,2157
54772.763,40,2036.6,2128.4,2236.4
54772.803,40,2050,2177.6,2390.4
54772.843,40,2080.6,2279.6,2613.6
54772.883,40,2149.2,2455.8,2775.2
54772.923,40,2260.8,2646.6,2680.8
54772.963,40,2402.4,2680.2,2449.8
54773.003,40,2509.8,2559,2290.2
54773.043,40,2520.4,2417.4,2194.8
54773.083,40,2480,2326.4,2143
54773.123,40,2434.8,2278.4,2120
54773.163,40,2427.8,2266.8,2113.4
54773.203,40,2460.6,2287,2117.2
54773.243,40,2490.2,2312.2,2128.8
54773.283,40,2527,2366,2154
54773.323,40,2552.8,2437.8,2196.6
54773.363,40,2558.2,2543.6,2256.2
54773.403,40,2492.2,2679.6,2375
54773.443,40,2366,2755.4,2573.6
54773.483,40,2225,2651.2,2824.4
54773.523,40,2122.8,2410.4,2856
54773.563,40,2069.8,2237.8,2585.8
54773.603,40,2043,2152.2,2331.8
54773.643,40,2027.4,2109.8,2195
54773.683,40,2020.8,2089.4,2133
54773.723,40,2021.4,2081,2100.2
54773.763,40,2011.6,2077.2,2095.8
54773.803,40,2015.2,2081.8,2100.6
54773.843,40,2020.6,2086.4,2114.6
54773.883,40,2024,2104,2157.6
54773.923,40,2035.2,2128.4,2227.6
54773.963,40,2048.2,2178,2383.8
54774.003,40,2083.4,2277.4,2625.6
54774.043,40,2153.8,2468.6,2780.8
54774.083,40,2277.6,2673.4,2668.8
54774.123,40,2434.6,2685.4,2417.8
54774.163,40,2526.4,2520.6,2253.4
54774.203,40,2507.4,2374,2165.2
54774.243,40,2438.8,2285,2121.8
54774.283,40,2399.4,2250.2,2106.4
54774.323,40,2401,2244.8,2103.2
54774.363,40,2446.2,2277.4,2109.2
54774.403,40,2476.6,2308.2,2131.4
54774.443,40,2517,2361.6,2158.6
54774.483,40,2545.4,2446,2205.8
54774.523,40,2549.2,2575.4,2278.6
54774.563,40,2469.2,2719.8,2419.2
54774.603,40,2326.8,2761,2665
54774.643,40,2185.6,2590.6,2915.2
54774.683,40,2097.4,2342.8,2834.4
54774.723,40,2050.6,2200,2492.4
54774.763,40,2030.8,2130.6,2271.4
54774.803,40,2020.4,2095,2168
54774.843,40,2016.2,2084.2,2120.8
54774.883,40,2016.4,2080.8,2095
54774.923,40,2015.8,2079.2,2094.8
54774.963,40,2019,2086.2,2105.6
54775.003,40,2021.6,2092.4,2131.8
54775.043,40,2028.4,2112.8,2181
54775.083,40,2034.4,2144.8,2287.2
54775.123,40,2062,2215.2,2489.2
54775.163,40,2112,2358.2,2733.6
54775.203,40,2205.8,2582.4,2777.2
54775.243,40,2354.6,2714,2542.4
54775.283,40,2494.2,2605.8,2327.4
54775.323,40,2522,2438.6,2200
54775.363,40,2464.2,2321.6,2139
54775.403,40,2404.8,2258,2108.4
54775.443,40,2382.4,2238.8,2098.6
54775.483,40,2429.2,2259.8,2109.4
54775.523,40,2481.8,2304.8,2122
54775.563,40,2529.4,2369.8,2151.8
54775.603,40,2570.2,2466,2205.6
54775.643,40,2551.6,2599.6,2289.8
54775.683,40,2455.6,2728.8,2441.2
54775.723,40,2309.8,2747.4,2682.6
54775.763,40,2175,2558,2884.2
54775.803,40,2097.6,2330.2,2767.8
54775.843,40,2051,2190.6,2468.8
54775.883,40,2035,2129.8,2259
54775.923,40,2020.8,2100.6,2157.4
54775.963,40,2016.8,2084.8,2111.4
54776.003,40,2014,2077,2094
54776.043,40,2014.4,2080,2091.4
54776.083,40,2019.4,2085.4,2101.4
54776.123,40,2018.8,2091.6,2132.8
54776.163,40,2028.6,2110.8,2188.4
54776.203,40,2040.2,2146.8,2293.4
54776.243,40,2061.6,2216.6,2468
54776.283,40,2109.2,2349.8,2687
54776.323,40,2200.6,2567.6,2749
54776.363,40,2352.8,2710,2555
54776.403,40,2501.6,2640.4,2341.2
54776.443,40,2552.2,2462.6,2210.2
54776.483,40,2491.6,2323,2139
54776.523,40,2416.6,2256.4,2106.8
54776.563,40,2387.8,2233.8,2093.2
54776.603,40,2421.8,2249.4,2106.4
54776.643,40,2468.6,2288,2122.6
54776.683,40,2509.8,2350,2148.4
54776.723,40,2551.4,2431,2195.6
54776.763,40,2553.8,2563.8,2268.6
54776.803,40,2478.4,2712.6,2417.8
54776.843,40,2327.2,2766.6,2669.2
54776.883,40,2180.4,2577.6,2910.2
54776.923,40,2094.6,2331.8,2781.6
54776.963,40,2052.6,2188,2457.8
54777.003,40,2034.8,2125,2248.6
54777.043,40,2017,2096,2153.2
54777.083,40,2018.4,2082.8,2107.4
54777.123,40,2017.8,2078.8,2085
54777.163,40,2015.4,2075.6,2092.2
54777.203,40,2017,2081.8,2105.8
54777.243,40,2019.4,2098,2134.4
54777.283,40,2028.2,2107.2,2186.8
54777.323,40,2043,2146.6,2287
54777.363,40,2059,2216.2,2465.2
54777.403,40,2109,2341.2,2687.2
54777.443,40,2193,2550.8,2757.8
54777.483,40,2335.8,2695,2563
54777.523,40,2490.6,2639,2351.8
54777.563,40,2542.4,2469.2,2220.8
54777.603,40,2494.2,2342,2150.8
54777.643,40,2426,2266.8,2114.4
54777.683,40,2388.2,2233.8,2092
54777.723,40,2411.4,2246.6,2100.4
54777.763,40,2439.6,2273,2113.2
54777.803,40,2465.2,2304.8,2133
54777.843,40,2502,2354.8,2154.6
54777.883,40,2542,2420.8,2189
54777.923,40,2561,2536.2,2252
54777.963,40,2514.2,2690.2,2365.4
54778.003,40,2397.4,2795.2,2564.4
54778.043,40,2247.6,2708.8,2832.4
54778.083,40,2136.2,2463.8,2904
54778.123,40,2079,2268.8,2648.8
54778.163,40,2048,2172.6,2383
54778.203,40,2038.4,2127.6,2231.4
54778.243,40,2023.2,2102.2,2162.8
54778.283,40,2019.4,2089.4,2126.6
54778.323,40,2014.6,2083,2106.2
54778.363,40,2016,2085.4,2105.6
54778.403,40,2015.4,2092.2,2126
54778.443,40,2026,2098.6,2154.8
54778.483,40,2031.2,2117.4,2232
54778.523,40,2047,2161,2381.8
54778.563,40,2068,2252,2641
54778.603,40,2121.4,2416.8,2880
54778.643,40,2213.2,2624.4,2827
54778.683,40,2347.8,2726.4,2577
54778.723,40,2465.8,2642.2,2367.2
54778.763,40,2508.2,2491,2242.6
54778.803,40,2490.8,2387.2,2180.2
54778.843,40,2464,2336.8,2152.2
54778.883,40,2479.8,2328,2140.6
54778.923,40,2512,2358.8,2149
54778.963,40,2542.6,2392,2165.8
54779.003,40,2565.8,2445.2,2195.8
54779.043,40,2553.2,2510.2,2239.8
54779.083,40,2513.4,2585.6,2306.6
54779.123,40,2431.2,2645.6,2404.4
54779.163,40,2337.4,2680,2552
54779.203,40,2230,2621.2,2744.2
54779.243,40,2137.2,2451.8,2833.2
54779.283,40,2079.8,2282.4,2663.6
54779.323,40,2047,2179.6,2410
54779.363,40,2030,2127.2,2243.8
54779.403,40,2028.8,2098.6,2156.8
54779.443,40,2015,2085.8,2117
54779.483,40,2013.8,2076.8,2098.4
54779.523,40,2012.6,2079.2,2096.8
54779.563,40,2016,2084,2107.6
54779.603,40,2017.8,2094.2,2127.6
54779.643,40,2025.8,2105.4,2179.8
54779.683,40,2037.2,2135.2,2271.6
54779.723,40,2052.8,2196.6,2427.2
54779.763,40,2092.4,2298.2,2641
54779.803,40,2159.8,2475.2,2764.2
54779.843,40,2274.6,2640.4,2633.2
54779.883,40,2415.8,2664.8,2429.8
54779.923,40,2516.4,2551,2280
54779.963,40,2524.4,2424.6,2190.8
54780.003,40,2489,2331.2,2146.6
54780.043,40,2447.8,2289.6,2122.8
54780.083,40,2456.8,2288.4,2121.8
54780.123,40,2488.6,2321,2132.2
54780.163,40,2530.4,2358.6,2148.6
54780.203,40,2553.2,2419.8,2184.8
54780.243,40,2567.6,2513,2233.4
54780.283,40,2534.4,2631.2,2317
54780.323,40,2440.8,2737.2,2468
54780.363,40,2300.2,2744.6,2688.6
54780.403,40,2182.6,2567.8,2886.2
54780.443,40,2100.2,2348.6,2801
54780.483,40,2056.8,2208.4,2513.2
54780.523,40,2038.2,2141.6,2293.6
54780.563,40,2025.4,2103.2,2183.8
54780.603,40,2018.6,2092.4,2127.6
54780.643,40,2015.4,2083,2111
54780.683,40,2018.8,2080.8,2109.2
54780.723,40,2015,2090.2,2121.4
54780.763,40,2025.6,2096.8,2147
54780.803,40,2029.6,2114.2,2198.6
54780.843,40,2037,2145,2296.2
54780.883,40,2066.6,2216,2472.8
54780.923,40,2107.8,2349,2706.2
54780.963,40,2198.2,2558.4,2770.8
54781.003,40,2332.6,2708.2,2581
54781.043,40,2475.4,2648,2364.2
54781.083,40,2534.6,2493.6,2233.6
54781.123,40,2502.8,2369.8,2170.6
54781.163,40,2458.6,2300.6,2131.2
54781.203,40,2441,2281,2118.8
54781.243,40,2473.2,2302,2135.8
54781.283,40,2513.4,2338.2,2141.8
54781.323,40,2545.8,2395.6,2164.8
54781.363,40,2578.2,2473.4,2208
54781.403,40,2565.4,2591.8,2280.8
54781.443,40,2490.2,2718.2,2403.8
54781.483,40,2359.4,2776.8,2601
54781.523,40,2224.2,2654.2,2832
54781.563,40,2130.8,2433.2,2879
54781.603,40,2071.4,2263.4,2647.2
54781.643,40,2044,2168.2,2381.8
54781.683,40,2036.2,2121.6,2230.8
54781.723,40,2022.6,2097.6,2156.2
54781.763,40,2019,2087.4,2121.2
54781.803,40,2013,2083.4,2114.2
54781.843,40,2021.2,2085,2121.2
54781.883,40,2025.4,2099.8,2146
54781.923,40,2030.4,2112.4,2188
54781.963,40,2036.6,2144.2,2281.8
54782.003,40,2052.2,2203.4,2461
54782.043,40,2097.8,2319.8,2695.2
54782.083,40,2173.8,2524.4,2810.2
54782.123,40,2296.4,2697,2645.8
54782.163,40,2448.2,2700.6,2421.6
54782.203,40,2535.4,2550,2264.6
54782.243,40,2523.4,2404.8,2184.6
54782.283,40,2466.6,2314.4,2138.2
54782.323,40,2432,2280.2,2120.8
54782.363,40,2444.2,2281.2,2119.2
54782.403,40,2486,2321.8,2135
54782.443,40,2525.2,2367,2157.2
54782.483,40,2565.4,2445.4,2197.6
54782.523,40,2564.2,2561,2259.2
54782.563,40,2500.2,2697.4,2386.4
54782.603,40,2369.2,2771.4,2585.2
54782.643,40,2227.4,2659.2,2818.8
54782.683,40,2129.2,2425,2873.6
54782.723,40,2072.2,2252.4,2617
54782.763,40,2043.2,2158.8,2349.2
54782.803,40,2026.4,2113.6,2205
54782.843,40,2020.6,2092,2133
54782.883,40,2015,2081.4,2107
54782.923,40,2014.4,2079,2096.2
54782.963,40,2015.2,2085,2101.2
54783.003,40,2019.6,2087.8,2121.6
54783.043,40,2028.2,2104.6,2159.8
54783.083,40,2031.6,2126,2236.8
54783.123,40,2047.2,2180.6,2390.4
54783.163,40,2081.8,2282.2,2641.4
54783.203,40,2145.8,2462.2,2819.2
54783.243,40,2263.8,2669.2,2701.4
54783.283,40,2413,2707.4,2463.8
54783.323,40,2521.2,2579.8,2294.8
54783.363,40,2529.8,2430.4,2193.4
54783.403,40,2476.2,2327.4,2147
54783.443,40,2436,2275.6,2121.4
54783.483,40,2427,2273.6,2116.2
54783.523,40,2470.2,2299.2,2126.4
54783.563,40,2504.4,2332.6,2136.6
54783.603,40,2554,2385.8,2164.2
54783.643,40,2579.6,2482,2211.8
54783.683,40,2563,2611.8,2290.8
54783.723,40,2471.4,2736.2,2436.4
54783.763,40,2324.8,2756.8,2666.2
54783.803,40,2189.6,2596.8,2880.6
54783.843,40,2108.8,2362.6,2828.8
54783.883,40,2061.8,2210,2534.4
54783.923,40,2036.8,2144.4,2300.6
54783.963,40,2026.6,2103.8,2182.6
54784.003,40,2018.4,2084,2126.2
54784.043,40,2012.4,2080.8,2096.8
54784.083,40,2009.4,2078,2093
54784.123,40,2014.4,2085.6,2103.4
54784.163,40,2018.6,2089.4,2122.6
54784.203,40,2023.6,2101.6,2161.8
54784.243,40,2031,2133,2243.8
54784.283,40,2046.6,2180.4,2402
54784.323,40,2085.8,2281,2643.6
54784.363,40,2148.4,2468.4,2791.4
54784.403,40,2259.4,2647.6,2673.8
54784.443,40,2393.8,2659.4,2442.8
54784.483,40,2487.4,2536,2289.6
54784.523,40,2491.2,2411.8,2189
54784.563,40,2446.2,2319.8,2143.8
54784.603,40,2411.6,2266.2,2109
54784.643,40,2390,2245,2103.8
54784.683,40,2406,2249,2103.2
54784.723,40,2450,2276.2,2111.6
54784.763,40,2499.6,2327,2141.6
54784.803,40,2541.8,2403.8,2178.6
54784.843,40,2559,2519,2239.4
54784.883,40,2507.6,2652.2,2353.8
54784.923,40,2382.2,2743,2533
54784.963,40,2241.4,2678,2776.8
54785.003,40,2134.6,2463.2,2895.6
54785.043,40,2076.2,2270,2675.8
54785.083,40,2043.2,2168.8,2395.2
54785.123,40,2030.8,2120.6,2226
54785.163,40,2019.8,2094,2147.4
54785.203,40,2017.8,2080,2111.8
54785.243,40,2014,2078.6,2101.2
54785.283,40,2020,2078,2097.4
54785.323,40,2018,2088.8,2118.2
54785.363,40,2024.4,2098.2,2143.2
54785.403,40,2028.2,2118.6,2204.6
54785.443,40,2045.8,2160.8,2323
54785.483,40,2064.6,2235.8,2530.4
54785.523,40,2120.2,2385,2726.2
54785.563,40,2209,2568,2709
54785.603,40,2345.8,2653.6,2518
54785.643,40,2462.6,2593,2336.4
54785.683,40,2509.2,2459.4,2223.2
54785.723,40,2483,2345.4,2161.4
54785.763,40,2425,2277.2,2116.8
54785.803,40,2397.6,2244.8,2101.8
54785.843,40,2399.2,2243.8,2098.6
54785.883,40,2439.6,2270,2109.4
54785.923,40,2478.8,2306.4,2128.6
54785.963,40,2520.6,2358.6,2161.2
54786.003,40,2552,2449.2,2209.6
54786.043,40,2538.2,2581.6,2279.4
54786.083,40,2456.4,2711,2428
54786.123,40,2321,2744,2654.2
54786.163,40,2182.6,2588.8,2896.8
54786.203,40,2099,2351,2833.4
54786.243,40,2051.4,2211,2518
54786.286,43,2037.2,2133.4,2281.8
54786.326,40,2025.8,2102.4,2169.2
54786.366,40,2016.8,2088.4,2118.8
54786.406,40,2015.2,2079.6,2094.6
54786.446,40,2016.2,2077.4,2100
54786.486,40,2016.8,2087,2104.4
54786.526,40,2017.2,2093.2,2127.8
54786.566,40,2028.4,2105.8,2178.6
54786.606,40,2034,2136.8,2261.2
54786.646,40,2058.8,2194.8,2423.4
54786.686,40,2096,2304.8,2629
54786.726,40,2158.2,2464,2739.2
54786.766,40,2264.4,2631.2,2650.8
54786.806,40,2391.2,2676.8,2461.8
54786.846,40,2495.6,2587.4,2315.8
54786.886,40,2528.2,2483.4,2228
54786.926,40,2522.8,2395.2,2177
54786.966,40,2503.4,2346.6,2153
54787.006,40,2501.4,2337.2,2147
54787.046,40,2532.6,2369.4,2155.6
54787.086,40,2550,2397.6,2164.2
54787.126,40,2551,2431.2,2190.6
54787.166,40,2563.4,2484.6,2217.8
54787.206,40,2561.2,2567.2,2271.8
54787.246,40,2529,2684.4,2350.4
54787.286,40,2431.8,2792.2,2501.4
54787.326,40,2306.2,2774.2,2725.8
54787.366,40,2189.2,2605.2,2917.6
54787.406,40,2108,2370.2,2824.4
54787.446,40,2060.4,2230.2,2535.6
54787.486,40,2041.6,2153.2,2311.8
54787.526,40,2030,2114.6,2195.8
54787.566,40,2020.2,2095.2,2136.4
54787.606,40,2018,2081.4,2108.6
54787.646,40,2015.8,2076.4,2096.2
54787.686,40,2017.2,2081.8,2106.6
54787.726,40,2020.6,2090.4,2128.4
54787.766,40,2024.6,2105.6,2169.6
54787.806,40,2033.4,2132.6,2242.4
54787.846,40,2048.2,2185.2,2390.2
54787.886,40,2084.2,2273.8,2606.4
54787.926,40,2135.6,2433,2781.8
54787.966,40,2231,2623,2746.8
54788.006,40,2355.4,2720,2563.6
54788.046,40,2473.8,2693.4,2389.2
54788.086,40,2547,2568.6,2273.4
54788.126,40,2559,2453.4,2200.6
54788.166,40,2536.6,2381.2,2165
54788.206,40,2521,2351.8,2142.8
54788.246,40,2532,2369.4,2152.6
54788.286,40,2546.6,2401.2,2180
54788.326,40,2562.4,2451.4,2199.8
54788.366,40,2572.2,2506.6,2228.2
54788.406,40,2569.8,2597.2,2285.8
54788.446,40,2528.6,2722,2371.8
54788.486,40,2426.2,2820.8,2539
54788.526,40,2293.6,2784.2,2759.6
54788.566,40,2183.2,2595.4,2941.6
54788.606,40,2107.2,2372.4,2849
54788.646,40,2065.4,2228.6,2556.6
54788.686,40,2041.4,2153.6,2332.2
54788.726,40,2027,2115.6,2207.6
54788.766,40,2022.8,2098.4,2143.6
54788.806,40,2017.2,2084.6,2114.4
54788.846,40,2015.2,2081,2106.2
54788.886,40,2018.8,2086.8,2111
54788.926,40,2023.8,2094.6,2133.2
54788.966,40,2027.4,2110.2,2170.4
54789.006,40,2037.6,2129.8,2241
54789.046,40,2050.8,2172.8,2367.8
54789.086,40,2072.8,2249.4,2564
54789.126,40,2115.2,2375.4,2754.4
54789.166,40,2184.2,2544.8,2795.2
54789.206,40,2288.4,2686,2663.8
54789.246,40,2402.6,2695.2,2481.2
54789.286,40,2491.4,2624,2340.2
54789.326,40,2533.4,2519.4,2256.4
54789.366,40,2541.4,2446.4,2205
54789.406,40,2541,2415.8,2184.2
54789.446,40,2555,2418.6,2177.2
54789.486,40,2591.6,2471,2197.6
54789.526,40,2585.4,2507,2224.8
54789.566,40,2568.4,2559.4,2261.6
54789.606,40,2545.8,2642,2321.8
54789.646,40,2481.4,2739.2,2419.4
54789.686,40,2381,2810.4,2594.8
54789.726,40,2260,2746.4,2831.8
54789.766,40,2163.4,2543.8,2988.4
54789.806,40,2094.6,2340.4,2830.2
54789.846,40,2059.4,2209,2526.8
54789.886,40,2042.4,2149.8,2308.2
54789.926,40,2028,2116.2,2201.6
54789.966,40,2019.8,2096.6,2148.2
54790.006,40,2019,2092.2,2115.4
54790.046,40,2017.2,2079.8,2112.2
54790.086,40,2020.6,2092.6,2117.4
54790.126,40,2025,2095.6,2138
54790.166,40,2026.8,2109.6,2184.2
54790.206,40,2036.4,2135.2,2252.2
54790.246,40,2053,2180.6,2378
54790.286,40,2075.6,2257.2,2567
54790.326,40,2123,2401,2745.6
54790.366,40,2205.4,2576.8,2751
54790.406,40,2319.6,2690.8,2587.4
54790.446,40,2434,2669.6,2410.8
54790.486,40,2513.6,2556,2286.8
54790.526,40,2523,2452,2217
54790.566,40,2510,2380.6,2167.8
54790.606,40,2499.2,2339.8,2153.4
54790.646,40,2511.8,2344,2149.4
54790.686,40,2550.8,2390.2,2163.6
54790.726,40,2567.2,2427.2,2182.6
54790.766,40,2578.4,2485.2,2213.2
54790.806,40,2567,2556.8,2260.8
54790.846,40,2534,2657.8,2332.6
54790.886,40,2459.8,2761.2,2457.8
54790.926,40,2344.6,2789,2649.8
54790.966,40,2228.2,2680.8,2868.6
54791.006,40,2140.2,2476.4,2938
54791.046,40,2085,2297.6,2736.4
54791.086,40,2052.6,2193,2458.6
54791.126,40,2035,2137.8,2273
54791.166,40,2027.6,2108.6,2180.2
54791.206,40,2021,2092.4,2133.8
54791.246,40,2018.4,2085.6,2108
54791.286,40,2016.6,2077.6,2102.6
54791.326,40,2015.6,2083.8,2108.2
54791.366,40,2021.8,2089.2,2123
54791.406,40,2024,2105,2159.2
54791.446,40,2032.6,2126,2222.6
54791.486,40,2047.2,2166.8,2340.4
54791.526,40,2077.6,2247,2543.6
54791.566,40,2125.8,2399.8,2739.4
54791.606,40,2209.4,2591,2761.4
54791.646,40,2336.2,2724,2590
54791.686,40,2469.4,2693.4,2402.8
54791.726,40,2548.8,2565.2,2268
54791.766,40,2557.8,2445.8,2197
54791.806,40,2525.4,2375.4,2159.8
54791.846,40,2520,2351.2,2152.8
54791.886,40,2545.6,2369.6,2158.6
54791.926,40,2562.6,2415.4,2176.6
54791.966,40,2565.4,2466.8,2202
54792.006,40,2564,2524,2242
54792.046,40,2547.6,2619,2305.2
54792.086,40,2481,2724.2,2414
54792.126,40,2372.2,2784.8,2590.4
54792.166,40,2250.6,2701.2,2821
54792.206,40,2150.4,2493.2,2901.2
54792.246,40,2085.6,2301.4,2716.2
54792.286,40,2050.2,2193.6,2439.2
54792.326,40,2035.4,2134.2,2256.8
54792.366,40,2021.6,2105.4,2169.4
54792.406,40,2018,2087.8,2121.2
54792.446,40,2014.2,2077,2094.8
54792.486,40,2017,2076.2,2091.4
54792.526,40,2011.8,2077.2,2095
54792.566,40,2023.4,2087.4,2114
54792.606,40,2022.4,2101.6,2147.8
54792.646,40,2031.8,2119,2200.4
54792.686,40,2046,2154.4,2295.2
54792.726,40,2061.6,2216,2450
54792.766,40,2101.2,2331.2,2666.8
54792.806,40,2171.4,2509.4,2782.4
54792.846,40,2280.2,2685.4,2690.2
54792.886,40,2414.2,2741.6,2489.8
54792.926,40,2525.4,2654.8,2333.4
54792.966,40,2576.8,2527,2241.4
54793.006,40,2568.8,2439.2,2189.6
54793.046,40,2551.8,2400.4,2165
54793.086,40,2559.2,2408.6,2165.8
54793.126,40,2569.2,2450.4,2193.8
54793.166,40,2576.2,2489.4,2215.6
54793.206,40,2571.6,2538.4,2247.8
54793.246,40,2565.2,2611.2,2292.6
54793.286,40,2513.8,2697,2373.6
54793.326,40,2425.8,2777.4,2507.6
54793.366,40,2309.8,2765,2701.6
54793.406,40,2194.2,2603.4,2869.6
54793.446,40,2113.2,2390.8,2832.2
54793.486,40,2070.6,2243,2573.2
54793.526,40,2043.2,2158.4,2342.2
54793.566,40,2030.2,2115,2205.2
54793.606,40,2020.8,2092.4,2136
54793.646,40,2015.8,2083,2104.2
54793.686,40,2017.2,2077.6,2093.6
54793.726,40,2016.4,2076.8,2089.8
54793.766,40,2015.8,2083.4,2102.6
54793.806,40,2019,2090.6,2124.6
54793.846,40,2023,2100.6,2159.4
54793.886,40,2033.6,2125.2,2226.4
54793.926,40,2049.6,2172.8,2356.8
54793.966,40,2076.6,2251.4,2561.4
54794.006,40,2122.8,2405.6,2758.4
54794.046,40,2216.2,2600.2,2753
54794.086,40,2344.8,2705.4,2560.6
54794.126,40,2470.4,2655,2371.8
54794.166,40,2529.6,2527.8,2258.2
54794.206,40,2532.8,2424.4,2190.8
54794.246,40,2509.8,2356.6,2153.6
54794.286,40,2505.8,2341.8,2143.8
54794.326,40,2531.4,2361.8,2150.6
54794.366,40,2561.2,2407.6,2172.2
54794.406,40,2565.2,2442,2192
54794.446,40,2562.4,2487.8,2221.4
54794.486,40,2554.8,2539.4,2255.4
54794.526,40,2538,2624.6,2318.8
54794.566,40,2487.8,2717.8,2403.6
54794.606,40,2403,2788.2,2544.4
54794.646,40,2302.4,2774.8,2735.2
54794.686,40,2205.4,2643.4,2909.2
54794.726,40,2130,2456,2915.4
54794.766,40,2084.2,2296.4,2727.6
54794.806,40,2051.4,2192.6,2466.6
54794.846,40,2034.4,2133.2,2276
54794.886,40,2026,2107,2178.6
54794.926,40,2019.6,2088.4,2126.4
54794.966,40,2019.4,2082.2,2098
54795.006,40,2011.2,2074.4,2089
54795.046,40,2010,2073.2,2089.4
54795.086,40,2019,2082.8,2107.2
54795.126,40,2018.8,2088.6,2124.6
54795.166,40,2026.2,2106,2167.4
54795.206,40,2033.8,2133.8,2258.4
54795.246,40,2052.2,2188.8,2411.4
54795.286,40,2086.2,2289.8,2636.6
54795.326,40,2140.2,2448.8,2786
54795.366,40,2238.2,2634.8,2737.8
54795.406,40,2361.2,2713.6,2543
54795.446,40,2464.6,2662.4,2381.6
54795.486,40,2528.6,2559,2276.6
54795.526,40,2543.6,2478.2,2222.8
54795.566,40,2546.6,2430.8,2190.6
54795.606,40,2567.6,2439.6,2191.4
54795.646,40,2583.6,2484,2211.8
54795.686,40,2594.4,2524.8,2229
54795.726,40,2579,2554.6,2254.8
54795.766,40,2557,2606.8,2287
54795.806,40,2521.4,2660.2,2339.6
54795.846,40,2467,2728.4,2433
54795.886,40,2390.6,2775,2556
54795.926,40,2292.2,2751.4,2739.2
54795.966,40,2197.2,2619.6,2907
54796.006,40,2121,2421.2,2907
54796.046,40,2073.6,2269.8,2676.2
54796.086,40,2050.4,2175.2,2413.8
54796.126,40,2034,2128,2255.4
54796.166,40,2028.6,2102,2159.8
54796.206,40,2020.4,2089.6,2116.8
54796.246,40,2011.4,2081,2095.2
54796.286,40,2014,2075.2,2090.2
54796.326,40,2012.2,2076.2,2093.4
54796.366,40,2022.8,2085.2,2103.6
54796.406,40,2022.2,2095.6,2134.2
54796.446,40,2030.4,2110.6,2184.6
54796.486,40,2038,2146.6,2294.6
54796.526,40,2059.6,2214,2475.6
54796.566,40,2106.2,2338.2,2710.4
54796.606,40,2175.8,2518.4,2803.6
54796.646,40,2277.4,2690.4,2686
54796.686,40,2405.2,2723.6,2490
54796.726,40,2510,2633.6,2336.8
54796.766,40,2554.4,2518.2,2244
54796.806,40,2542.6,2428.6,2194
54796.846,40,2533,2382.2,2167.2
54796.886,40,2533.4,2381,2163
54796.926,40,2562.8,2417.6,2174
54796.966,40,2580.6,2457.4,2199.2
54797.006,40,2589.6,2491.2,2212.4
54797.046,40,2580.6,2548,2244.8
54797.086,40,2562.2,2606.2,2291.2
54797.126,40,2517.4,2691.8,2365
54797.166,40,2439.2,2757.6,2479.6
54797.206,40,2342.2,2783,2651.6
54797.246,40,2230,2684.4,2852.4
54797.286,40,2141.2,2478.4,2924.8
54797.326,40,2088.4,2302.2,2738.2
54797.366,40,2050.2,2190,2457.6
54797.406,40,2034.6,2136.4,2272.8
54797.446,40,2030.8,2108.8,2181
54797.486,40,2021.2,2090.6,2131.2
54797.526,40,2019.2,2086,2108.4
54797.566,40,2018.8,2083,2104.6
54797.606,40,2022.2,2089.4,2111
54797.646,40,2022,2090.4,2123.8
54797.686,40,2026.4,2105.6,2161.6
54797.726,40,2035,2123.6,2227.4
54797.766,40,2048.8,2168.6,2336
54797.806,40,2069,2239.4,2505.6
54797.846,40,2117.4,2358,2681.4
54797.886,40,2187.6,2531.4,2727.8
54797.926,40,2305.8,2677.2,2607
54797.966,40,2430.2,2693.8,2432.8
54798.006,40,2526,2593.6,2299
54798.046,40,2551.4,2474.8,2215.8
54798.086,40,2525,2383.8,2172
54798.126,40,2505.4,2344.6,2146
54798.166,40,2505.8,2340.4,2145.8
54798.206,40,2539.4,2375.2,2158.2
54798.246,40,2560.6,2406.6,2175.2
54798.286,40,2575.6,2458.2,2198.6
54798.326,40,2579,2519.8,2232.8
54798.366,40,2550,2604.4,2288.4
54798.406,40,2502.8,2702.6,2385.8
54798.446,40,2411.8,2777.6,2531.6
54798.486,40,2294.4,2754.2,2737.4
54798.526,40,2190,2593.8,2909.2
54798.566,40,2111,2389.6,2854.8
54798.606,40,2067.8,2239.6,2596.6
54798.646,40,2044.6,2158.2,2357.2
54798.686,40,2023.8,2117.6,2219.2
54798.726,40,2023.4,2095.4,2150.6
54798.766,40,2018.6,2090.4,2116.8
54798.806,40,2018.2,2082.2,2098
54798.846,40,2017.6,2077.6,2097.6
54798.886,40,2018,2084.6,2108
54798.926,40,2020.8,2094.2,2130.4
54798.966,40,2030.2,2107.8,2173.8
54799.006,40,2036.2,2137.8,2250.2
54799.046,40,2050.8,2186.6,2387.8
54799.086,40,2083.8,2273.6,2583.8
54799.126,40,2144.4,2425.4,2711.8
54799.166,40,2231.8,2599.6,2686.4
54799.206,40,2356.4,2680.8,2501
54799.246,40,2475.2,2609.2,2339.8
54799.286,40,2516.6,2479.2,2230.2
54799.326,40,2500.2,2378,2168.2
54799.366,40,2455.4,2323.6,2140.6
54799.406,40,2444,2296.2,2130.4
54799.446,40,2459.4,2309.6,2132
54799.486,40,2496.8,2336,2144
54799.526,40,2539.2,2380.4,2162.6
54799.566,40,2583.4,2461.4,2196.2
54799.606,40,2583.2,2581.2,2265.4
54799.646,40,2508,2711.8,2381
54799.686,40,2368.4,2773.6,2583.2
54799.726,40,2223,2641.6,2806.4
54799.766,40,2125.6,2404.8,2819.2
54799.806,40,2068.2,2237.8,2566.2
54799.846,40,2039.6,2146.6,2323.4
54799.886,40,2025.8,2109.6,2182.4
54799.926,40,2018.4,2085.8,2119.2
54799.966,40,2014.6,2078,2092
54800.006,40,2009.8,2075.4,2089.4
54800.046,40,2012.2,2081,2089.8
54800.086,40,2016.8,2083.8,2106.6
54800.126,40,2021,2093.2,2132.4
54800.166,40,2029.6,2110.6,2186
54800.206,40,2041.2,2147,2295.4
54800.246,40,2061.6,2212.4,2487.8
54800.286,40,2106.6,2345.4,2735.2
54800.326,40,2185,2554.4,2812.6
54800.366,40,2326.6,2724.8,2628.6
54800.406,40,2472.2,2680.2,2388.6
54800.446,40,2543.2,2518.2,2246.6
54800.486,40,2513.4,2383,2167.8
54800.526,40,2461.4,2304.2,2133.6
54800.566,40,2433,2276.4,2125.8
54800.606,40,2460.6,2292.8,2127.6
54800.646,40,2491.6,2322.6,2134.2
54800.686,40,2524,2359,2154.8
54800.726,40,2552.6,2413.6,2177.8
54800.766,40,2573.4,2495.6,2222
54800.806,40,2548,2608,2297
54800.846,40,2462.6,2733.2,2435.2
54800.886,40,2319.8,2751.6,2656.4
54800.926,40,2182.8,2577,2858.6
54800.966,40,2100.8,2341.6,2774.2
54801.006,40,2053.6,2194.4,2470.8
54801.046,40,2035,2127.4,2256
54801.086,40,2022.8,2099.8,2154.2
54801.126,40,2015.8,2080.4,2108.8
54801.166,40,2014.6,2079.2,2088.8
54801.206,40,2010.8,2082.4,2091.8
54801.246,40,2020.8,2085.8,2107.4
54801.286,40,2020.2,2098.4,2133.4
54801.326,40,2030,2119.4,2200
54801.366,40,2044.6,2152.4,2311.6
54801.406,40,2066.4,2231.8,2523.2
54801.446,40,2117.2,2381.2,2769
54801.486,40,2205,2598.4,2794.2
54801.526,40,2345.6,2728,2575
54801.566,40,2487.4,2653.6,2360.2
54801.606,40,2543.8,2486.2,2228.8
54801.646,40,2505.8,2369.4,2166.4
54801.686,40,2453.8,2304,2135
54801.726,40,2434.8,2283.4,2122.4
54801.766,40,2458.4,2306.8,2133.4
54801.806,40,2498.4,2336,2143.4
54801.846,40,2530.4,2377.6,2162.2
54801.886,40,2563.4,2440.2,2196.6
54801.926,40,2579,2542,2245.4
54801.966,40,2537.8,2675.2,2336.6
54802.006,40,2431.6,2782,2514.4
54802.046,40,2281.2,2743.8,2763.8
54802.086,40,2153.6,2515.2,2909.8
54802.126,40,2087.6,2298.2,2710.8
54802.166,40,2051.8,2176.8,2415
54802.206,40,2033.4,2122,2233.2
54802.246,40,2021,2095.6,2144.2
54802.286,40,2015.6,2081.2,2104.2
54802.326,40,2018.8,2076.4,2087.8
54802.366,40,2012.6,2077.8,2092.4
54802.406,40,2018.2,2080.2,2095.2
54802.446,40,2018.6,2092.4,2117
54802.486,40,2025.2,2106.6,2162.4
54802.526,40,2036.4,2129.2,2245
54802.566,40,2050.6,2184.8,2390.2
54802.606,40,2083.6,2279.8,2603
54802.646,40,2141,2440.8,2756
54802.686,40,2242.8,2612.6,2673.6
54802.726,40,2374.4,2672.6,2484.8
54802.766,40,2487.4,2584.2,2319.8
54802.806,40,2531.6,2461.8,2213.2
54802.846,40,2499.4,2360.6,2165.2
54802.886,40,2464.8,2298,2127.4
54802.926,40,2455.6,2283.8,2119.6
54802.966,40,2480.8,2307.6,2133
54803.006,40,2513.4,2343.4,2146.6
54803.046,40,2535.8,2391.2,2173.4
54803.086,40,2555.6,2472.8,2212.6
54803.126,40,2538.6,2570.4,2283.8
54803.166,40,2476.8,2691.4,2397
54803.206,40,2357.6,2752.4,2588.2
54803.246,40,2226,2663.6,2844.2
54803.286,40,2124,2441.2,2911.4
54803.326,40,2069.2,2257.4,2650.4
54803.366,40,2042,2155.4,2366.6
54803.406,40,2029.2,2115.2,2204.4
54803.446,40,2016,2088.8,2133.6
54803.486,40,2016.8,2082,2104.6
54803.526,40,2016.6,2077.6,2090.8
54803.566,40,2019.2,2079.6,2095.4
54803.606,40,2020.8,2081.2,2111.2
54803.646,40,2019.8,2097.6,2133.6
54803.686,40,2029.4,2111.6,2183.2
54803.726,40,2038.6,2138.4,2276.4
54803.766,40,2055.8,2201.6,2443.8
54803.806,40,2091,2307.2,2665
54803.846,40,2156.2,2476.2,2778.8
54803.886,40,2263.4,2642.8,2664.6
54803.926,40,2393.6,2686.8,2471
54803.966,40,2501.8,2593,2314.4
54804.006,40,2531.8,2465.4,2216.8
54804.046,40,2496.6,2365.4,2166.8
54804.086,40,2462.4,2307.2,2130
54804.126,40,2439.6,2282.4,2123.8
54804.166,40,2461.4,2297.6,2130.8
54804.206,40,2501.6,2328.2,2136
54804.246,40,2528.2,2358.4,2150.8
54804.286,40,2553.2,2412.6,2182.8
54804.326,40,2571.8,2483.8,2215.2
54804.366,40,2552.6,2601.8,2293.8
54804.406,40,2480.2,2717.4,2413
54804.446,40,2350.2,2759,2608.2
54804.486,40,2216.4,2629.4,2830.8
54804.526,40,2124.4,2405,2854
54804.566,40,2066.4,2239.2,2579.4
54804.606,40,2043.2,2151.2,2321.6
54804.646,40,2023.2,2106.4,2184.4
54804.686,40,2016.8,2086,2119.8
54804.726,40,2015.8,2075.6,2089.4
54804.766,40,2015.4,2076.2,2086
54804.806,40,2015.6,2078.2,2089.2
54804.846,40,2012,2084.8,2107.8
54804.886,40,2022,2097,2137.4
54804.926,40,2030.6,2114.6,2199.8
54804.966,40,2045,2158,2322.8
54805.006,40,2069,2233.6,2541
54805.046,40,2116,2388.6,2791
54805.086,40,2207.8,2613.2,2818.4
54805.126,40,2355.6,2753.2,2592
54805.166,40,2494.6,2674,2365.6
54805.206,40,2554.4,2501.8,2233
54805.246,40,2516.8,2373,2162.8
54805.286,40,2450.8,2293.4,2127.6
54805.326,40,2412,2258.8,2108.6
54805.366,40,2408.8,2258.4,2108
54805.406,40,2448.4,2276.6,2117
54805.446,40,2491,2321,2135.2
54805.486,40,2528,2378,2163.8
54805.526,40,2568,2463.2,2209.6
54805.566,40,2555,2593.4,2288.2
54805.606,40,2466.2,2723.8,2430.2
54805.646,40,2323,2747.4,2650.2
54805.686,40,2194.2,2575.6,2851.4
54805.726,40,2107.6,2353.4,2782.2
54805.766,40,2057.4,2212.8,2505.8
54805.806,40,2036,2144,2289
54805.846,40,2026.4,2102.2,2174
54805.886,40,2020.4,2087.8,2122.6
54805.926,40,2018,2082.2,2104.6
54805.966,40,2015.6,2082.2,2099
54806.006,40,2019.2,2083.6,2110.8
54806.046,40,2014,2094.2,2130.2
54806.086,40,2026.2,2108.2,2170.6
54806.126,40,2033.6,2134.4,2245
54806.166,40,2053.6,2182.2,2391.4
54806.206,40,2093,2288.8,2616
54806.246,40,2157.2,2478.2,2788.6
54806.286,40,2279,2696.2,2694.8
54806.326,40,2446,2732,2441.4
54806.366,40,2557,2569,2271.4
54806.406,40,2542.6,2399.2,2174.6
54806.446,40,2459.2,2297,2128.4
54806.486,40,2401.4,2247.2,2100.2
54806.526,40,2391.4,2235.6,2096.4
54806.566,40,2424,2263.2,2109
54806.606,40,2462.2,2298.4,2126
54806.646,40,2509,2353,2153.8
54806.686,40,2543.4,2433.2,2197
54806.726,40,2552.8,2536.8,2255.8
54806.766,40,2506.6,2678.2,2361
54806.806,40,2395.4,2775.4,2543.2
54806.846,40,2259.2,2717.4,2801.2
54806.886,40,2144.2,2494.6,2919.6
54806.926,40,2081.6,2294.6,2715.6
54806.966,40,2046.4,2182.8,2429.4
54807.006,40,2028.8,2129,2255.2
54807.046,40,2025.4,2098.2,2165.2
54807.086,40,2019,2089.2,2124.4
54807.126,40,2017.2,2084.4,2100
54807.166,40,2019.4,2083.4,2103.8
54807.206,40,2019.6,2087.6,2117.2
54807.246,40,2021.6,2094.2,2135
54807.286,40,2028.8,2112.4,2180.8
54807.326,40,2039,2139,2256
54807.366,40,2050.6,2188.2,2392.8
54807.406,40,2080.6,2275.2,2593.6
54807.446,40,2138.6,2427,2747
54807.486,40,2230.6,2608,2706
54807.526,40,2356.4,2684.2,2518.4
54807.566,40,2471.2,2611.6,2346.2
54807.606,40,2522.2,2488,2239.8
54807.646,40,2509.6,2384.6,2174.4
54807.686,40,2474.2,2316.4,2134.6
54807.726,40,2445.8,2288,2118.6
54807.766,40,2455.6,2284.6,2123
54807.806,40,2491,2313.8,2132.6
54807.846,40,2506.4,2339,2141.8
54807.886,40,2526.2,2378.2,2162
54807.926,40,2548.8,2431,2188.2
54807.966,40,2559.4,2516.2,2241
54808.006,40,2527,2630,2326.6
54808.046,40,2437.6,2745.8,2463
54808.086,40,2308.6,2751.4,2686.4
54808.126,40,2183,2582.4,2889.2
54808.166,40,2102,2359.4,2805.6
54808.206,40,2059.2,2209.8,2517.4
54808.246,40,2040,2140.4,2292.4
54808.286,40,2029.2,2108.6,2179.6
54808.326,40,2021.4,2090,2124
54808.366,40,2013.8,2080.4,2098.4
54808.406,40,2012.4,2079,2086
54808.446,40,2018.8,2081.8,2092.2
54808.486,40,2015,2087,2109.2
54808.526,40,2022.4,2096.4,2137
54808.566,40,2031,2114.6,2184.4
54808.606,40,2039.4,2142.8,2284
54808.646,40,2056.6,2203.6,2445.2
54808.686,40,2094.8,2311.4,2642.6
54808.726,40,2162.4,2477,2744.2
54808.766,40,2271,2627.8,2615.2
54808.806,40,2398.6,2643.4,2426
54808.846,40,2497.6,2542.8,2281.2
54808.886,40,2519.6,2416.6,2191.4
54808.926,40,2464.4,2315.2,2142.4
54808.966,40,2415.6,2264,2115.8
54809.006,40,2393.8,2243.4,2103
54809.046,40,2416.2,2255.4,2104.6
54809.086,40,2449.6,2285,2112.6
54809.126,40,2477.4,2308.2,2131.6
54809.166,40,2507.2,2353,2157.8
54809.206,40,2541.2,2422.6,2190.2
54809.246,40,2549.6,2534.2,2252.2
54809.286,40,2499.4,2675.8,2365.2
54809.326,40,2378.6,2765.8,2567
54809.366,40,2233.2,2678.2,2810.8
54809.406,40,2137.6,2444.2,2882
54809.446,40,2074.8,2263.4,2636.8
54809.486,40,2045.2,2167.6,2369
54809.526,40,2029,2114.2,2218.8
54809.566,40,2023.6,2092,2142.2
54809.606,40,2017,2087,2105.8
54809.646,40,2013.8,2082.2,2092
54809.686,40,2015.6,2083.4,2095.8
54809.726,40,2018.4,2085.6,2107
54809.766,40,2023.8,2089.8,2128.2
54809.806,40,2028.4,2108.6,2176.4
54809.846,40,2038,2128,2253.4
54809.886,40,2050.8,2180,2396.2
54809.926,40,2075,2266.8,2626.2
54809.966,40,2131,2431.4,2801.6
54810.006,40,2229.2,2625.6,2752
54810.046,40,2361.4,2708.6,2533.6
54810.086,40,2483.6,2631.2,2348
54810.126,40,2535.2,2483.6,2235
54810.166,40,2505.2,2381,2168.6
54810.206,40,2457.8,2305.2,2129.8
54810.246,40,2433.8,2278.4,2116.4
54810.286,40,2446.8,2283.6,2123.6
54810.326,40,2475.8,2306,2127
54810.366,40,2499.4,2327.4,2140.4
54810.406,40,2522,2364.6,2158.6
54810.446,40,2544.8,2411.8,2182.8
54810.486,40,2559,2488.6,2223.8
54810.526,40,2547.2,2602.8,2299.2
54810.566,40,2469.6,2720.8,2432
54810.606,40,2339.4,2775.8,2642.8
54810.646,40,2212.8,2639.2,2871
54810.686,40,2121,2409.2,2873.8
54810.726,40,2070.2,2247.6,2610.8
54810.766,40,2040.8,2158,2357.2
54810.806,40,2032.2,2116.4,2217.8
54810.846,40,2021.6,2098.6,2146.2
54810.886,40,2017,2083,2112.4
54810.926,40,2015,2076.6,2105.6
54810.966,40,2016.6,2077.6,2105.4
54811.006,40,2017.8,2089.6,2108.6
54811.046,40,2016.6,2093.4,2122.6
54811.086,40,2023.2,2102.2,2156.2
54811.126,40,2034.4,2115.8,2211.6
54811.166,40,2042.6,2154.4,2306.4
54811.206,40,2060.8,2216.2,2464.8
54811.246,40,2100,2311,2636.4
54811.286,40,2158.8,2466.6,2729.2
54811.326,40,2266.2,2629.2,2633
54811.366,40,2402,2684.8,2464.4
54811.406,40,2503.6,2588.4,2306.6
54811.446,40,2544.2,2463.6,2212.8
54811.486,40,2519.4,2368.8,2161.4
54811.526,40,2485,2318,2138.2
54811.566,40,2489.8,2317.6,2133.8
54811.606,40,2511.6,2349.6,2147.6
54811.646,40,2527.2,2373.6,2162.8
54811.686,40,2538.4,2413.4,2183.2
54811.726,40,2544.6,2466.4,2216.8
54811.766,40,2541,2546,2268.4
54811.806,40,2514.2,2668.2,2351.4
54811.846,40,2421.4,2784.4,2517
54811.886,40,2290,2783.6,2785.2
54811.926,40,2166,2571,2975.4
54811.966,40,2094.4,2339.8,2813.4
54812.006,40,2059.6,2202.6,2484.6
54812.046,40,2036.4,2136.6,2272.6
54812.086,40,2025.8,2107.6,2172.6
54812.126,40,2016.8,2089.2,2122
54812.166,40,2016.2,2079.4,2098
54812.206,40,2015.2,2075.8,2092.4
54812.246,40,2015.8,2080.8,2090.2
54812.286,40,2018.6,2087.6,2114.6
54812.326,40,2024,2099.4,2139.4
54812.366,40,2026,2115.8,2197.6
54812.406,40,2041.6,2149.2,2296.6
54812.446,40,2064.4,2215.8,2458.8
54812.486,40,2101.4,2321.4,2644.6
54812.526,40,2171.4,2472,2725
54812.566,40,2273.2,2632.6,2633
54812.606,40,2405.2,2674.8,2454.4
54812.646,40,2506.4,2579.8,2307.6
54812.686,40,2537,2457.6,2215.6
54812.726,40,2518,2368,2161.6
54812.766,40,2491.4,2321.2,2138.2
54812.806,40,2507,2328.4,2141
54812.846,40,2534.2,2374,2161.4
54812.886,40,2556,2426.4,2186
54812.926,40,2562.2,2501.8,2232.6
54812.966,40,2545.2,2607.6,2305.8
54813.006,40,2476.2,2725.8,2418.8
54813.046,40,2356.6,2791.2,2622.6
54813.086,40,2233.2,2686.8,2872.6
54813.126,40,2133,2464.2,2957.6
54813.166,40,2078.8,2280.4,2723.8
54813.206,40,2047.4,2184,2444.8
54813.246,40,2035.4,2135.8,2277.6
54813.286,40,2032.4,2117.4,2195
54813.326,40,2022.8,2106.4,2163.6
54813.366,40,2024.4,2100,2145.4
54813.406,40,2027.6,2100.8,2148
54813.446,40,2026.6,2105.8,2157.8
