165369.74,40,1999.4,2054.2,2034.2
165369.78,40,2004.6,2056.4,2034.2
165369.82,40,2006.2,2056.4,2030.6
165369.86,40,2006.6,2059,2035.6
165369.9,40,2005.2,2059.2,2031.8
165369.94,40,2004,2054.6,2030.8
165369.98,40,2004.4,2059.8,2036.6
165370.02,40,2004.2,2056.6,2034.6
165370.06,40,2001.6,2057.2,2037.8
165370.1,40,2004.8,2056.8,2038
165370.14,40,2007.2,2055.2,2032.4
165370.18,40,2004.6,2058.6,2035.2
165370.22,40,2004.8,2058.2,2036.6
165370.26,40,2001.8,2058,2034.8
165370.3,40,2007.6,2054.8,2033
165370.34,40,2005.2,2059,2039.6
165370.38,40,2004.4,2061,2039.6
165370.42,40,2009.4,2069.2,2051.8
165370.46,40,2013,2075.8,2066
165370.5,40,2022.6,2087,2093.2
165370.54,40,2031,2105.4,2109
165370.58,40,2046.8,2123.4,2118.2
165370.62,40,2062,2128.6,2107
165370.66,40,2076.8,2131.4,2088.8
165370.7,40,2088,2123.2,2072.2
165370.74,40,2085.4,2113,2059.6
165370.78,40,2089.8,2112.2,2052
165370.82,40,2090.2,2109,2050.4
165370.86,40,2093.8,2111.8,2052
165370.9,40,2094,2111.6,2057.8
165370.94,40,2095.2,2122.4,2060
165370.98,40,2097,2128.8,2078
165371.02,40,2088,2140,2099.2
165371.06,40,2079.2,2143.4,2115.2
165371.1,40,2062.4,2139.2,2130.6
165371.14,40,2050,2125.4,2127.8
165371.18,40,2031.4,2103.2,2113.2
165371.22,40,2020.2,2084,2086.6
165371.26,40,2009.8,2068,2060.2
165371.3,40,2005.4,2063,2049.4
165371.34,40,2010.2,2056.6,2039.6
165371.38,40,2007.6,2058.6,2032.2
165371.42,40,2000.4,2052.4,2034
165371.46,40,2004.4,2063,2043.8
165371.5,40,2008.6,2064,2047.2
165371.54,40,2009.2,2069.6,2071.8
165371.58,40,2025.2,2088,2092.6
165371.62,40,2039.2,2109.8,2119.8
165371.66,40,2054.4,2132,2121.6
165371.7,40,2082,2142.2,2105.2
165371.74,40,2088,2134,2085.6
165371.78,40,2094,2124.6,2067.8
165371.82,40,2094.4,2114,2055
165371.86,40,2090,2111,2054.2
165371.9,40,2091.6,2120.6,2061.8
165371.94,40,2093.4,2131.6,2071.6
165371.98,40,2096,2134.4,2088
165372.02,40,2082.8,2143.2,2101.6
165372.06,40,2069.8,2139.6,2120
165372.1,40,2052.2,2130.6,2126.4
165372.14,40,2038.2,2109.6,2121
165372.18,40,2026.6,2092,2097
165372.22,40,2016,2078.4,2072.4
165372.26,40,2009.2,2069,2053.4
165372.3,40,2006.6,2062,2042.4
165372.34,40,2006.4,2057.6,2030
165372.38,40,2003.8,2056.2,2035.6
165372.42,40,2008.4,2054.8,2040.6
165372.46,40,2009.2,2058,2040.4
165372.5,40,2007.2,2063.6,2054
165372.54,40,2013.4,2076.4,2072.4
165372.58,40,2023.8,2094.2,2104.2
165372.62,40,2043.6,2119.2,2121
165372.66,40,2066.6,2137.8,2119.8
165372.7,40,2085.4,2136.6,2089.4
165372.74,40,2090.8,2120.8,2063.4
165372.78,40,2087.8,2102.4,2049
165372.82,40,2080.8,2095.8,2039.6
165372.86,40,2075.4,2090.6,2040.2
165372.9,40,2084.2,2097.4,2039.8
165372.94,40,2083.6,2100.2,2043.4
165372.98,40,2087.2,2108,2050
165373.02,40,2091.8,2122.4,2063.6
165373.06,40,2087.6,2129.6,2089.2
165373.1,40,2073.6,2141.6,2116.8
165373.14,40,2057.6,2132.4,2128.6
165373.18,40,2036.6,2112.2,2123.4
165373.22,40,2024.2,2089.6,2090.6
165373.26,40,2012.8,2071.4,2063.8
165373.3,40,2008.8,2063.8,2050
165373.34,40,2006.8,2058.8,2036.8
165373.38,40,2009,2053.6,2031.8
165373.42,40,2002.4,2056,2034.4
165373.46,40,2004,2056.6,2040.8
165373.5,40,2009.6,2063.6,2046.4
165373.54,40,2011.2,2069.2,2063.2
165373.58,40,2022,2088,2088.4
165373.62,40,2039,2110.2,2108.2
165373.66,40,2062.2,2123.8,2097
165373.7,40,2072.8,2112.4,2061.8
165373.74,40,2078.6,2101.8,2046
165373.78,40,2067.2,2085.2,2034.2
165373.82,40,2067.4,2079.8,2024.8
165373.86,40,2071.8,2085.8,2034
165373.9,40,2084.4,2099.6,2040
165373.94,40,2092.2,2107.2,2048.8
165373.98,40,2096.4,2122.4,2065
165374.02,40,2091,2133.8,2084.6
165374.06,40,2080.8,2135.6,2101.8
165374.1,40,2058,2127.2,2114.2
165374.14,40,2040,2113.2,2118.8
165374.18,40,2027.6,2091,2096.8
165374.22,40,2015.6,2074,2074.6
165374.26,40,2010,2066.4,2054.6
165374.3,40,2007.2,2063.4,2043.2
165374.34,40,2004.6,2057.2,2033.4
165374.38,40,2005.8,2056.2,2032.8
165374.42,40,2005.2,2059.4,2038
165374.46,40,2006.2,2057.2,2043.2
165374.5,40,2009.8,2062,2049.6
165374.54,40,2017.8,2075.2,2074.4
165374.58,40,2034,2099.2,2105.4
165374.62,40,2052.8,2119.6,2110.2
165374.66,40,2075.2,2129.2,2088.6
165374.7,40,2087.4,2116.6,2059
165374.74,40,2080.4,2094.6,2042.8
165374.78,40,2070.6,2085.8,2028.6
165374.82,40,2069.4,2085.8,2027.2
165374.86,40,2072.6,2085.4,2035.8
165374.9,40,2077.8,2097.4,2043.2
165374.94,40,2085.2,2109.2,2050.6
165374.98,40,2086.2,2121,2063.2
165375.02,40,2083.8,2130,2087.2
165375.06,40,2063.8,2135.2,2120
165375.1,40,2045,2122,2124.8
165375.14,40,2032.4,2097,2107.4
165375.18,40,2019.4,2080.6,2080.4
165375.22,40,2012.4,2069.2,2055
165375.26,40,2006.4,2062.2,2044
165375.3,40,2003.6,2057.4,2034.2
165375.34,40,2007.2,2053.6,2033.4
165375.38,40,2005.4,2056.6,2032.8
165375.42,40,2009.8,2063,2039.4
165375.46,40,2013.4,2062.6,2050
165375.5,40,2011.4,2079.4,2076.8
165375.54,40,2029.2,2100.4,2105.2
165375.58,40,2051.2,2123,2112.4
165375.62,40,2076,2130.8,2093.2
165375.66,40,2094,2122.8,2064.6
165375.7,40,2090.4,2107,2048.2
165375.74,40,2077,2093.2,2037.6
165375.78,40,2068.6,2078.6,2031.8
165375.82,40,2067.4,2081.4,2030
165375.86,40,2068.2,2081.6,2033.2
165375.9,40,2080.2,2097.4,2042
165375.94,40,2092.6,2104.8,2049.8
165375.98,40,2089.2,2124.4,2065.8
165376.02,40,2083.2,2138,2093.8
165376.06,40,2063.8,2139,2112.2
165376.1,40,2043.4,2122.4,2120.2
165376.14,40,2029,2100.8,2103.2
165376.18,40,2013.2,2080.6,2079
165376.22,40,2009.6,2069.8,2055.4
165376.26,40,2001,2057.6,2044.2
165376.3,40,2009.2,2060.8,2029.2
165376.34,40,2004,2057.4,2034
165376.38,40,2003.6,2054,2035
165376.42,40,2010.2,2058,2043.8
165376.46,40,2011.2,2062.8,2055.4
165376.5,40,2015.8,2077,2079.2
165376.54,40,2035,2104.6,2111
165376.58,40,2055,2126.2,2109.6
165376.62,40,2080.6,2121.6,2078.8
165376.66,40,2083.2,2101.8,2054
165376.7,40,2073.8,2093.2,2036.4
165376.74,40,2066,2080.2,2028.4
165376.78,40,2064.4,2081.6,2032.2
165376.82,40,2074.6,2092.2,2038.6
165376.86,40,2082.2,2098.4,2041.2
165376.9,40,2087.6,2116,2054.6
165376.94,40,2091,2129.4,2073.2
165376.98,40,2070.8,2135.2,2104.2
165377.02,40,2048.2,2120.4,2115.2
165377.06,40,2030.6,2099.2,2103.8
165377.1,40,2015,2078,2080
165377.14,40,2014.4,2070.2,2050
165377.18,40,2007.6,2062.8,2040.4
165377.22,40,2004.8,2054.2,2031.6
165377.26,40,2005.6,2056.8,2037.2
165377.3,40,2005.8,2056.6,2038.2
165377.34,40,2010.2,2063.4,2044
165377.38,40,2011.8,2071.8,2058.8
165377.42,40,2021.8,2088.6,2097.2
165377.46,40,2043.6,2117.6,2111.6
165377.5,40,2069.4,2129.4,2091.6
165377.54,40,2085,2118,2060.6
165377.58,40,2078.6,2095.8,2043
165377.62,40,2065,2081.8,2030.2
165377.66,40,2058.4,2077.6,2031.4
165377.7,40,2071.2,2084.4,2030.4
165377.74,40,2076,2092.8,2034.6
165377.78,40,2088.2,2106.4,2052.2
165377.82,40,2095.8,2129.2,2069.8
165377.86,40,2081.2,2142.4,2101
165377.9,40,2059.2,2128.6,2127.8
165377.94,40,2035,2106,2113.2
165377.98,40,2022.6,2084.4,2087.6
165378.02,40,2011,2067.8,2058.2
165378.06,40,2009,2057.2,2042.4
165378.1,40,2006.6,2054,2038.2
165378.14,40,2002.2,2058,2035.8
165378.18,40,2006.8,2055.6,2032
165378.22,40,2002.4,2063,2049.4
165378.26,40,2010.4,2067.8,2057.2
165378.3,40,2018.6,2083,2088.4
165378.34,40,2039.6,2111,2111.8
165378.38,40,2060.2,2126.6,2097
165378.42,40,2078.8,2125.2,2071.6
165378.46,40,2084.6,2109.2,2045.4
165378.5,40,2082.4,2094.2,2034.2
165378.54,40,2067.6,2084,2032.4
165378.58,40,2070.4,2089.8,2031
165378.62,40,2075,2091.6,2035.8
165378.66,40,2077.4,2099.6,2041.4
165378.7,40,2088.2,2109.8,2046.2
165378.74,40,2090.4,2121.6,2067.4
165378.78,40,2077.6,2129.8,2098.6
165378.82,40,2061.4,2132.6,2117.6
165378.86,40,2039,2114.8,2119.4
165378.9,40,2026.2,2093.4,2093.6
165378.94,40,2016.2,2077,2070.6
165378.98,40,2014,2065,2049.4
165379.02,40,2006.4,2058.8,2038.2
165379.06,40,2001.4,2058.8,2036
165379.1,40,2006.4,2054.2,2037.4
165379.14,40,2006.6,2056.6,2040.6
165379.18,40,2011.6,2067.8,2056.8
165379.22,40,2016.6,2077.4,2074.2
165379.26,40,2028.4,2106,2104.4
165379.3,40,2055.8,2121.6,2100
165379.34,40,2078.4,2123.6,2074.4
165379.38,40,2081.2,2109.4,2051.2
165379.42,40,2076.6,2096.4,2037
165379.46,40,2069.4,2085,2032.4
165379.5,40,2071.8,2084.2,2031.6
165379.54,40,2076.6,2092.4,2038.2
165379.58,40,2082.8,2097.4,2040.4
165379.62,40,2086,2116.6,2052.4
165379.66,40,2085.2,2125.8,2074.6
165379.7,40,2071.8,2130,2105
165379.74,40,2051.2,2127.4,2120.2
165379.78,40,2033.6,2101.8,2110.2
165379.82,40,2017,2081.4,2079.6
165379.86,40,2011.4,2068.4,2056.2
165379.9,40,2005,2061,2042.2
165379.94,40,2005,2055,2038.2
165379.98,40,2002.8,2058.4,2036.6
165380.02,40,2006.4,2056.6,2038.4
165380.06,40,2008,2063.4,2045.2
165380.1,40,2017.2,2071.4,2062.2
165380.14,40,2020.6,2086.2,2091.4
165380.18,40,2035.2,2115,2115.4
165380.22,40,2062.6,2123.4,2097.8
165380.26,40,2079.2,2117.8,2069.6
165380.3,40,2067.4,2097.2,2044
165380.34,40,2065.4,2080.4,2029.6
165380.38,40,2060.6,2071.6,2018.6
165380.42,40,2060.4,2078,2025
165380.46,40,2073.4,2089,2036.8
165380.5,40,2091.4,2105.2,2047
165380.54,40,2099.4,2122.4,2062
165380.58,40,2092.4,2135.4,2083.4
165380.62,40,2072,2135,2105.4
165380.66,40,2049.4,2126,2120.8
165380.7,40,2027.8,2096.8,2106
165380.74,40,2011.2,2079,2077.6
165380.78,40,2011,2064.8,2053.4
165380.82,40,2009.2,2058,2040.6
165380.86,40,2003.8,2056.8,2035.4
165380.9,40,2003.6,2053,2034.4
165380.94,40,2006.2,2059.6,2041
165380.98,40,2003.6,2058.8,2047.4
165381.02,40,2013.4,2071.2,2064
165381.06,40,2022.2,2087.8,2088.8
165381.1,40,2041.4,2105.8,2104.6
165381.14,40,2064.6,2126.8,2101.2
165381.18,40,2079.8,2118.6,2067.4
165381.22,40,2081,2098.6,2048.2
165381.26,40,2068.6,2084.8,2032.2
165381.3,40,2060.4,2076.6,2021.6
165381.34,40,2063.2,2074.8,2020.8
165381.38,40,2067.6,2079.6,2029
165381.42,40,2072.6,2087.8,2035.6
165381.46,40,2080.8,2102.4,2044.6
165381.5,40,2091.8,2113.8,2057
165381.54,40,2086,2133.6,2080.4
165381.58,40,2077.4,2139.6,2111
165381.62,40,2047.2,2125.4,2124.4
165381.66,40,2031.2,2102.8,2110.6
165381.7,40,2017.2,2084.8,2083.8
165381.74,40,2013,2071.8,2062.2
165381.78,40,2007,2058.8,2047.2
165381.82,40,2007.8,2060.6,2036.2
165381.86,40,2002.8,2058,2032.4
165381.9,40,2003.2,2055.6,2034.4
165381.94,40,2009.2,2060.6,2040.6
165381.98,40,2008.4,2062.4,2053.8
165382.02,40,2017.4,2073.4,2080
165382.06,40,2027.4,2097.2,2105
165382.1,40,2050.6,2123,2107.4
165382.14,40,2070.4,2124,2087
165382.18,40,2080.8,2108.4,2049.8
165382.22,40,2069.8,2085,2034.8
165382.26,40,2055.2,2071.8,2022
165382.3,40,2053.6,2068.2,2020.8
165382.34,40,2065.8,2077.2,2023.8
165382.38,40,2074.8,2088.2,2030
165382.42,40,2088.2,2105,2043.2
165382.46,40,2099,2118.4,2059.8
165382.5,40,2094.2,2136.8,2085.4
165382.54,40,2079.6,2141.6,2112.4
165382.58,40,2051,2125.6,2127.8
165382.62,40,2031.6,2100.2,2111.6
165382.66,40,2017.6,2081.8,2083
165382.7,40,2009.8,2065.2,2057.6
165382.74,40,2006.8,2058.2,2040.2
165382.78,40,2003,2060.2,2036.8
165382.82,40,1999.8,2056.4,2030.4
165382.86,40,2007.2,2056.6,2032
165382.9,40,2010.2,2060.6,2045.2
165382.94,40,2010.6,2066.4,2061.4
165382.98,40,2020.8,2085.2,2087.4
165383.02,40,2038.2,2102.4,2111.4
165383.06,40,2061.4,2123.8,2098
165383.1,40,2078.6,2118.4,2069.2
165383.14,40,2082.6,2100,2045.8
165383.18,40,2072.4,2088.4,2031.2
165383.22,40,2066.6,2078.8,2028
165383.26,40,2063.2,2081,2026.4
165383.3,40,2072.4,2084.4,2034.6
165383.34,40,2078.8,2092,2043
165383.38,40,2087.8,2105.2,2046
165383.42,40,2091.6,2114.4,2061.8
165383.46,40,2081.4,2132.6,2081.6
165383.5,40,2069,2130.4,2105
165383.54,40,2048,2117.8,2117.2
165383.58,40,2029.2,2092.8,2102
165383.62,40,2014,2078.4,2076.8
165383.66,40,2012.4,2064.6,2058.2
165383.7,40,2007.8,2063.8,2042.8
165383.74,40,2006.6,2053.4,2033.2
165383.78,40,2007.8,2057.8,2033.8
165383.82,40,2003,2057.6,2038.2
165383.86,40,2006,2058.6,2047.6
165383.9,40,2009.4,2067.6,2060.2
165383.94,40,2019,2080.6,2081.6
165383.98,40,2038.6,2106.2,2109.2
165384.02,40,2056.8,2123.2,2096
165384.06,40,2079.6,2120,2074.2
165384.1,40,2082.2,2106.4,2053.2
165384.14,40,2079.4,2092.6,2038.6
165384.18,40,2077.6,2088.2,2036.2
165384.22,40,2071,2090.4,2035.4
165384.26,40,2074.2,2089.8,2036.6
165384.3,40,2081.8,2101.6,2040.6
165384.34,40,2086,2105.2,2051.2
165384.38,40,2093.8,2127.2,2067.2
165384.42,40,2084.4,2140.4,2092.4
165384.46,40,2062.2,2137.2,2119.6
165384.5,40,2047.8,2122.2,2128.8
165384.54,40,2026.8,2097.4,2104.4
165384.58,40,2014.2,2077,2074.6
165384.62,40,2007.8,2063.8,2053.6
165384.66,40,2007.8,2059.6,2042.4
165384.7,40,2002,2055.6,2034.6
165384.74,40,2004.6,2056.4,2034
165384.78,40,2007.4,2058.8,2035.4
165384.82,40,2007.8,2060,2044
165384.86,40,2012,2065.4,2057.8
165384.9,40,2019.8,2084.6,2085.2
165384.94,40,2038.8,2107,2112.6
165384.98,40,2059.2,2133,2104.8
165385.02,40,2079.4,2128,2082
165385.06,40,2088.6,2115.4,2056.2
165385.1,40,2083.4,2102.4,2044.2
165385.14,40,2073.6,2094.6,2040.4
165385.18,40,2079,2091.4,2039.2
165385.22,40,2084.8,2101.6,2039.8
165385.26,40,2086,2104.8,2051.8
165385.3,40,2088,2114.6,2056.4
165385.34,40,2092.2,2125.8,2071.4
165385.38,40,2081.8,2138.2,2099.4
165385.42,40,2064,2135.8,2122.2
165385.46,40,2045.8,2126.4,2124.6
165385.5,40,2028,2095.8,2110.8
165385.54,40,2017,2079.2,2081
165385.58,40,2013,2067,2056.4
165385.62,40,2007,2061.4,2044.6
165385.66,40,2003.2,2060.4,2035
165385.7,40,2006.4,2053.4,2036.6
165385.74,40,2003.8,2059,2034.8
165385.78,40,2008.4,2059.2,2043
165385.82,40,2008,2065.2,2058
165385.86,40,2018.2,2077.8,2078.8
165385.9,40,2033.8,2105.6,2108.8
165385.94,40,2056,2125.8,2110.8
165385.98,40,2080.4,2132.4,2089.6
165386.02,40,2092.4,2114.6,2057.6
165386.06,40,2085.6,2106.2,2043.2
165386.1,40,2076.4,2089.2,2034
165386.14,40,2067.2,2079.4,2031.2
165386.18,40,2067.4,2082.6,2030.8
165386.22,40,2074.8,2087.2,2037.2
165386.26,40,2081.4,2100.8,2044.6
165386.3,40,2095.2,2118.4,2057.6
165386.34,40,2094.4,2134.4,2079.8
165386.38,40,2074.6,2138.4,2110.4
165386.42,40,2051,2124.6,2127.6
165386.46,40,2038,2107.8,2118.4
165386.5,40,2020,2085.2,2090.2
165386.54,40,2017.2,2072.8,2064.6
165386.58,40,2007,2064.4,2049
165386.62,40,2004.6,2057,2038.6
165386.66,40,2004.8,2054.6,2029.8
165386.7,40,2006.6,2050,2036.2
165386.74,40,2007.2,2059.2,2038.2
165386.78,40,2014.6,2061.2,2048.2
165386.82,40,2019.4,2070.8,2069.4
165386.86,40,2026.6,2092.2,2103.8
165386.9,40,2050.2,2124.6,2118.4
165386.94,40,2073.2,2128,2094.2
165386.98,40,2086.2,2126.8,2069.2
165387.02,40,2088,2109.2,2049
165387.06,40,2076.2,2097.4,2039.6
165387.1,40,2067.8,2084.8,2028.8
165387.14,40,2066,2079,2027
165387.18,40,2077.8,2086.6,2036.4
165387.22,40,2081,2099.6,2039
165387.26,40,2091.6,2113.6,2054.6
165387.3,40,2094.4,2130.2,2076
165387.34,40,2081.8,2139.2,2103
165387.38,40,2060.8,2132.4,2118.6
165387.42,40,2040.2,2109.8,2117.8
165387.46,40,2022.8,2085.2,2090.6
165387.5,40,2012.8,2071.2,2067
165387.54,40,2011.4,2061.6,2045.8
165387.58,40,2004.6,2060,2043.8
165387.62,40,2005,2061,2033.6
165387.66,40,2009.8,2056,2036.4
165387.7,40,2006.4,2059.2,2034.6
165387.74,40,2011.2,2060.4,2045.4
165387.78,40,2016.4,2070.4,2064.2
165387.82,40,2021.2,2085.4,2092.6
165387.86,40,2039.6,2109.8,2114.4
165387.9,40,2065.8,2128.8,2100.6
165387.94,40,2074.8,2119.6,2073.2
165387.98,40,2081.4,2098,2045.4
165388.02,40,2069,2080.6,2031
165388.06,40,2065,2079.6,2026.2
165388.1,40,2068,2080.8,2031.2
165388.14,40,2075.8,2091.4,2037
165388.18,40,2075.6,2091.8,2036
165388.22,40,2082,2102.2,2045.2
165388.26,40,2089.4,2110.6,2054.2
165388.3,40,2082.8,2125.4,2080.2
165388.34,40,2068.6,2130.2,2108
165388.38,40,2047,2121.8,2119.8
165388.42,40,2035.4,2099.6,2112.6
165388.46,40,2019.8,2082.8,2084.8
165388.5,40,2013,2071.8,2066
165388.54,40,2011.2,2062,2047.4
165388.58,40,2003.6,2057.6,2040.8
165388.62,40,2006.8,2057.6,2035.6
165388.66,40,2004.8,2057.8,2039.2
165388.7,40,2010.2,2065.4,2045.2
165388.74,40,2011,2071.8,2063.2
165388.78,40,2022,2082.6,2093.6
165388.82,40,2038.6,2111.4,2116
165388.86,40,2057.6,2131,2114.2
165388.9,40,2081.2,2125.4,2083
165388.94,40,2082.8,2112.8,2055
165388.98,40,2077,2094.8,2035.6
165389.02,40,2064.8,2082,2028.8
165389.06,40,2070.8,2082,2028
165389.1,40,2084.8,2095.4,2039
165389.14,40,2082,2102.2,2045
165389.18,40,2091,2109.4,2055
165389.22,40,2087.4,2122.6,2071.4
165389.26,40,2077.2,2133.4,2094.4
165389.3,40,2059,2129.2,2115
165389.34,40,2039.6,2113.8,2115
165389.38,40,2022.6,2091.6,2095
165389.42,40,2015.8,2072.4,2069.8
165389.46,40,2012.8,2065.2,2052
165389.5,40,2004.6,2060.6,2042.8
165389.54,40,2003.6,2057,2038
165389.58,40,2004.2,2061.6,2038.6
165389.62,40,2005.6,2061.6,2042.6
165389.66,40,2013.2,2061.6,2049.4
165389.7,40,2010.6,2072.2,2072.2
165389.74,40,2026,2093.4,2097.6
165389.78,40,2046,2118.6,2108
165389.82,40,2071.6,2124.2,2085
165389.86,40,2073.2,2107.4,2053
165389.9,40,2076.6,2090.2,2035
165389.94,40,2058.4,2073.8,2020.6
165389.98,40,2054.8,2072.6,2024.8
165390.02,40,2071.6,2079.4,2030.6
165390.06,40,2085,2103.4,2044
165390.1,40,2092.6,2110.2,2049.6
165390.14,40,2091,2120.2,2066
165390.18,40,2086.4,2130.2,2086.8
165390.22,40,2068.8,2133.8,2111.8
165390.26,40,2052,2123,2120.6
165390.3,40,2029.4,2098.8,2103.2
165390.34,40,2020,2082.6,2078.4
165390.38,40,2015.2,2068.4,2058
165390.42,40,2007.2,2062.6,2046.6
165390.46,40,2007.6,2054.8,2039.4
165390.5,40,2005.4,2053.6,2036.8
165390.54,40,2007.4,2055.6,2039.4
165390.58,40,2006.6,2065.8,2046
165390.62,40,2015.8,2071.6,2068.2
165390.66,40,2022.2,2084,2093.6
165390.7,40,2037.6,2113,2113
165390.74,40,2064.4,2126.8,2100
165390.78,40,2075.2,2121.4,2069.4
165390.82,40,2076,2098.4,2046.2
165390.86,40,2068.2,2083.8,2032
165390.9,40,2063.6,2074.2,2023.6
165390.94,40,2066.6,2078.4,2029.6
165390.98,40,2075.8,2091.4,2033.8
165391.02,40,2084.8,2096.4,2040.6
165391.06,40,2089.8,2108.4,2050.2
165391.1,40,2087.6,2119.2,2066.2
165391.14,40,2080.4,2129.4,2090
165391.18,40,2061.2,2137.4,2114.8
165391.22,40,2044.6,2114.2,2122.8
165391.26,40,2028.4,2098,2105.6
165391.3,40,2019.6,2080.8,2078.4
165391.34,40,2008.6,2069.6,2053.4
165391.38,40,2011.8,2058.2,2046.2
165391.42,40,2008.4,2056,2039
165391.46,40,2005.2,2059.6,2036.8
165391.5,40,2006,2061.8,2041.4
165391.54,40,2009.8,2065,2047
165391.58,40,2010,2070.4,2062.6
165391.62,40,2020.6,2085.8,2087.4
165391.66,40,2036.2,2115.2,2115.8
165391.7,40,2059,2130,2112.2
165391.74,40,2080,2129.4,2084.2
165391.78,40,2084.4,2108.4,2054
165391.82,40,2076.2,2092.6,2038.2
165391.86,40,2070,2080,2027.4
165391.9,40,2069.2,2082.2,2029.2
165391.94,40,2073.8,2092,2035.2
165391.98,40,2079.6,2092.2,2037.6
165392.02,40,2083.8,2096.2,2042
165392.06,40,2085.8,2111.8,2049.4
165392.1,40,2087,2121.8,2073.6
165392.14,40,2082.4,2135.4,2096.4
165392.18,40,2062.6,2137.8,2116
165392.22,40,2044,2118.4,2122
165392.26,40,2029.2,2097,2108.4
165392.3,40,2015.6,2079.2,2079.2
165392.34,40,2010.4,2070.6,2058.2
165392.38,40,2008.2,2060.6,2048.2
165392.42,40,2006.4,2058.4,2040
165392.46,40,2002.6,2056,2034
165392.5,40,2004.8,2059.4,2037.2
165392.54,40,2007,2058,2044
165392.58,40,2010.2,2069.6,2053.2
165392.62,40,2019.8,2075.6,2072.2
165392.66,40,2027,2096.4,2102.8
165392.7,40,2048.2,2115,2106.8
165392.74,40,2067.6,2120.4,2081.4
165392.78,40,2073.2,2108.4,2058.8
165392.82,40,2072.8,2097.8,2039.2
165392.86,40,2068.4,2080.4,2029.2
165392.9,40,2066,2080.2,2025.4
165392.94,40,2067.8,2078.2,2033.6
165392.98,40,2075,2085,2031
165393.02,40,2081,2092.8,2035.6
165393.06,40,2080.4,2099.6,2040.8
165393.1,40,2084.8,2111.6,2053.8
165393.14,40,2083,2124.2,2075
165393.18,40,2075,2135,2095.4
165393.22,40,2058.4,2132.6,2117.2
165393.26,40,2039.6,2111.8,2116.8
165393.3,40,2024.6,2096.6,2101.4
165393.34,40,2016.2,2075.6,2075
165393.38,40,2013,2069.4,2055.2
165393.42,40,2008,2059.2,2044.2
165393.46,40,2005.6,2060.8,2039
165393.5,40,2003.4,2057,2036
165393.54,40,2005.2,2060.2,2038.2
165393.58,40,2008.6,2060.8,2045
165393.62,40,2012.2,2069.4,2060.2
165393.66,40,2020.2,2081.4,2080.4
165393.7,40,2029.8,2101.4,2104.4
165393.74,40,2053.4,2119.8,2110.8
165393.78,40,2070.6,2123.4,2082.6
165393.82,40,2073.4,2106,2056.4
165393.86,40,2064.8,2088.8,2041.6
165393.9,40,2067.2,2084.6,2030
165393.94,40,2063,2079,2023.4
165393.98,40,2068.8,2084.4,2028.6
165394.02,40,2074.4,2090.8,2038.8
165394.06,40,2080.2,2095,2037.2
165394.1,40,2085.4,2099,2045.4
165394.14,40,2086.2,2112.6,2057
165394.18,40,2084.2,2123,2071.6
165394.22,40,2079.4,2134.6,2097
165394.26,40,2068.2,2131.4,2115.2
165394.3,40,2045.6,2126.6,2125.2
165394.34,40,2030.8,2105.2,2117.4
165394.38,40,2023.6,2086.2,2090.6
165394.42,40,2016.4,2073.8,2066.6
165394.46,40,2009.4,2063.8,2052.2
165394.5,40,2002.6,2064.6,2038.2
165394.54,40,2008.2,2057.6,2037.4
165394.58,40,2005.8,2058.2,2036.6
165394.62,40,2006.2,2056.4,2040
165394.66,40,2011.2,2063,2045.6
165394.7,40,2011.6,2066,2065.2
165394.74,40,2021.4,2085.2,2088
165394.78,40,2030.4,2103.8,2117.4
165394.82,40,2054.2,2126.8,2109
165394.86,40,2070.4,2123.6,2089.8
165394.9,40,2077,2113,2062.6
165394.94,40,2076,2095.2,2041.4
165394.98,40,2061,2077.8,2030.4
165395.02,40,2053,2069,2018.2
165395.06,40,2052.4,2069.4,2022.2
165395.1,40,2066,2087.2,2029.2
165395.14,40,2079.2,2095,2042.8
165395.18,40,2087.8,2106.4,2049
165395.22,40,2091.2,2116.2,2060.8
165395.26,40,2089.2,2133.4,2077
165395.3,40,2082.6,2137.2,2100.2
165395.34,40,2057.4,2132.6,2121.4
165395.38,40,2037.8,2118.8,2122
165395.42,40,2026.6,2094.4,2103
165395.46,40,2017.6,2073.6,2077.6
165395.5,40,2008,2070.6,2053.6
165395.54,40,2010.6,2056.2,2039
165395.58,40,2009.6,2057.6,2034.2
165395.62,40,2006.6,2058.4,2036.2
165395.66,40,2008.2,2062.8,2043.8
165395.7,40,2009.8,2065.6,2058
165395.74,40,2018.8,2078.4,2075.8
165395.78,40,2030.4,2097.4,2110.4
165395.82,40,2051.2,2125,2130
165395.86,40,2074.8,2137,2117.8
165395.9,40,2095.2,2137.2,2088
165395.94,40,2095.8,2115,2062.8
165395.98,40,2090.2,2106.8,2049
165396.02,40,2081.8,2095.4,2037.4
165396.06,40,2081.4,2090,2041.2
165396.1,40,2084.6,2102.8,2043.8
165396.14,40,2085.8,2112.4,2048.2
165396.18,40,2093,2128,2072.2
165396.22,40,2098.6,2141.8,2086.4
165396.26,40,2081.2,2142.2,2110.4
165396.3,40,2060.2,2141.6,2131.8
165396.34,40,2045.2,2124.6,2131.6
165396.38,40,2029,2100.2,2106.4
165396.42,40,2019.8,2077.8,2077.2
165396.46,40,2016.6,2066,2052.4
165396.5,40,2008.2,2064.8,2041.4
165396.54,40,2008.6,2059.8,2033.2
165396.58,40,2004.8,2057.8,2037.8
165396.62,40,2001.2,2059,2040
165396.66,40,2007.2,2063.8,2049
165396.7,40,2011,2068.8,2070.6
165396.74,40,2025.8,2087,2093.4
165396.78,40,2036,2112.4,2121.4
165396.82,40,2058.4,2133.2,2123.6
165396.86,40,2084.6,2137.4,2099
165396.9,40,2094.2,2124.4,2072.4
165396.94,40,2088.8,2109.6,2052.2
165396.98,40,2083.8,2099,2041.4
165397.02,40,2084,2097.2,2044.8
165397.06,40,2083.8,2100.6,2041.2
165397.1,40,2087.4,2108.2,2049
165397.14,40,2095.2,2121,2059.4
165397.18,40,2096,2133.6,2079
165397.22,40,2088.8,2145.2,2105.4
165397.26,40,2068.4,2142.4,2125
165397.3,40,2053,2130.4,2132.4
165397.34,40,2034.8,2105.8,2119.8
165397.38,40,2020.6,2085.8,2090.4
165397.42,40,2010.4,2069.4,2064.6
165397.46,40,2008.2,2064.4,2046.2
165397.5,40,2003.8,2056,2039.4
165397.54,40,2003.6,2058,2038.2
165397.58,40,2008,2060.4,2035.4
165397.62,40,2007.6,2056,2042.8
165397.66,40,2005.8,2064.6,2056.8
165397.7,40,2015.6,2078,2079
165397.74,40,2026.6,2097.6,2105.6
165397.78,40,2049,2126.2,2117.4
165397.82,40,2073.2,2137.2,2110.4
165397.86,40,2094.2,2129.4,2077.8
165397.9,40,2089,2114.2,2053.2
165397.94,40,2083.6,2096.6,2040.6
165397.98,40,2075.4,2093.4,2039.6
165398.02,40,2074.2,2084.8,2035.6
165398.06,40,2077.6,2089.4,2039.2
165398.1,40,2084,2102.2,2041
165398.14,40,2095,2116,2054.4
165398.18,40,2095.2,2132.4,2066.2
165398.22,40,2095,2146.4,2094
165398.26,40,2077.4,2140.6,2119.2
165398.3,40,2054.6,2129.8,2125.8
165398.34,40,2037,2108.2,2123.6
165398.38,40,2024.6,2088.4,2095
165398.42,40,2016,2074.4,2069.4
165398.46,40,2012.8,2068,2049.2
165398.5,40,2007.2,2056.8,2036.8
165398.54,40,2005.6,2056,2038
165398.58,40,2002.6,2056.2,2036.6
165398.62,40,2008.6,2060.8,2037.6
165398.66,40,2009.8,2063.8,2050.6
165398.7,40,2016.8,2075.4,2074.8
165398.74,40,2021.4,2090,2095.8
165398.78,40,2041.2,2111.4,2117.2
165398.82,40,2057.6,2127.8,2121.8
165398.86,40,2071.8,2133.8,2095.2
165398.9,40,2080,2121.2,2063.8
165398.94,40,2077.4,2098.4,2045.8
165398.98,40,2069.2,2083,2036.2
165399.02,40,2062.4,2081.2,2029.2
165399.06,40,2070.4,2084.6,2033.2
165399.1,40,2079.2,2093,2038
165399.14,40,2073.6,2093.4,2040
165399.18,40,2085,2097.4,2040.2
165399.22,40,2089.2,2109.2,2057.8
165399.26,40,2095.4,2130.2,2071.2
165399.3,40,2089,2143.6,2099.2
165399.34,40,2070.2,2147.4,2123.6
165399.38,40,2055,2134.8,2131.8
165399.42,40,2037.4,2104.8,2112.8
165399.46,40,2021.8,2087.6,2091.8
165399.5,40,2009.8,2073.8,2062.6
165399.54,40,2006,2061.8,2044.6
165399.58,40,2006,2051.4,2041.2
165399.62,40,2004.8,2059.6,2033.2
165399.66,40,2006.4,2054,2030.6
165399.7,40,2005.2,2058.4,2038
165399.74,40,2011.8,2060.4,2049.6
165399.78,40,2017.8,2074.4,2072.2
165399.82,40,2026.8,2096.6,2106
165399.86,40,2045.6,2125.2,2124.6
165399.9,40,2073,2134.8,2113.6
165399.94,40,2093.4,2136.8,2084.6
165399.98,40,2094,2120.6,2062.4
165400.02,40,2088,2101.8,2041.6
165400.06,40,2083.6,2092.8,2036
165400.1,40,2075.8,2092.8,2040.8
165400.14,40,2087.4,2102.2,2043.6
165400.18,40,2093,2106,2053.6
165400.22,40,2098,2125.8,2068.4
165400.26,40,2095.8,2138.6,2089
165400.3,40,2081.2,2146.2,2112.8
165400.34,40,2061,2139.8,2134.4
165400.38,40,2044.8,2111.2,2124.2
165400.42,40,2024.6,2088,2099.2
165400.46,40,2013.6,2070.6,2063
165400.5,40,2008.8,2062,2046
165400.54,40,2004.2,2058,2037
165400.58,40,2004.2,2054.8,2038.6
165400.62,40,2004.4,2054.4,2037.2
165400.66,40,2008,2062.8,2041.4
165400.7,40,2009,2067,2059.8
165400.74,40,2020.2,2084.8,2087.8
165400.78,40,2036,2108,2121.8
165400.82,40,2061.2,2134.4,2123.2
165400.86,40,2081.6,2140.8,2108.2
165400.9,40,2095.2,2131.4,2077.2
165400.94,40,2093.8,2114.8,2056
165400.98,40,2085,2100.2,2045
165401.02,40,2079.6,2095.2,2039.8
165401.06,40,2085.4,2101.6,2045.6
165401.1,40,2089.4,2109,2053.4
165401.14,40,2096,2123.2,2067.8
165401.18,40,2091.8,2136.8,2083.8
165401.22,40,2079.6,2140,2110.8
165401.26,40,2067.6,2141,2129.6
165401.3,40,2044,2121.8,2127
165401.34,40,2027.8,2098.8,2102.4
165401.38,40,2014.6,2081,2073.4
165401.42,40,2012.8,2067.8,2053.4
165401.46,40,2005,2057,2042.6
165401.5,40,2006,2056,2036.6
165401.54,40,2004.8,2056.6,2034.8
165401.58,40,2005.4,2058.4,2037.4
165401.62,40,2009.8,2063.6,2053.2
165401.66,40,2014.6,2078.8,2072.2
165401.7,40,2028,2101.8,2104.2
165401.74,40,2052.6,2122.4,2124
165401.78,40,2075,2141,2118.6
165401.82,40,2102.2,2143.8,2085
165401.86,40,2097,2122.4,2069.2
165401.9,40,2086,2102.8,2052.6
165401.94,40,2084.6,2098,2044
165401.98,40,2083,2099.4,2045.8
165402.02,40,2092.6,2109.6,2048.6
165402.06,40,2095,2116.4,2058.8
165402.1,40,2096.2,2135.2,2072
165402.14,40,2091.8,2140.2,2098.2
165402.18,40,2072.8,2143.6,2125.8
165402.22,40,2062.4,2132.8,2129.4
165402.26,40,2038,2111,2117.2
165402.3,40,2024.8,2089.2,2092.8
165402.34,40,2011.8,2077.4,2067
165402.38,40,2012.8,2060,2045.6
165402.42,40,2007.8,2059.4,2036.8
165402.46,40,2008.4,2054.4,2031
165402.5,40,2005.4,2052.6,2035.2
165402.54,40,2010.8,2055.4,2041.4
165402.58,40,2009.2,2069.2,2062.2
165402.62,40,2017.2,2080.4,2083
165402.66,40,2033.8,2112.8,2117
165402.7,40,2055.4,2128.2,2128.8
165402.74,40,2082.2,2143.4,2109
165402.78,40,2099,2134.2,2084.4
165402.82,40,2093.2,2116.6,2062.2
165402.86,40,2089.4,2109.2,2043
165402.9,40,2088.8,2100.2,2041
165402.94,40,2089.6,2104.2,2047.6
165402.98,40,2097.2,2122.4,2061.8
165403.02,40,2094.8,2133.6,2077.2
165403.06,40,2093.4,2144,2101.4
165403.1,40,2074.8,2143,2120.8
165403.14,40,2057.8,2130.2,2133.4
165403.18,40,2038.6,2110.6,2116.2
165403.22,40,2022.2,2089.8,2094.6
165403.26,40,2015.8,2070.8,2062.4
165403.3,40,2007.6,2063,2045.6
165403.34,40,2008.8,2056.4,2034.6
165403.38,40,2008.6,2054.4,2033.6
165403.42,40,2007.6,2060.8,2033.4
165403.46,40,2004,2058.4,2044.8
165403.5,40,2014.6,2068.2,2054.8
165403.54,40,2019.8,2081.8,2079.8
165403.58,40,2031.8,2101.4,2110.6
165403.62,40,2057.4,2131.2,2123
165403.66,40,2075.8,2138,2106.8
165403.7,40,2094,2134,2078.8
165403.74,40,2096.2,2121.8,2066.8
165403.78,40,2090,2107.2,2049.4
165403.82,40,2087.4,2104,2046.6
165403.86,40,2090.2,2106,2045.8
165403.9,40,2095.8,2114.4,2058
165403.94,40,2101.4,2131.4,2072.2
165403.98,40,2092.4,2143.4,2090
165404.02,40,2078.6,2143.4,2114.8
165404.06,40,2057.8,2140,2126.6
165404.1,40,2037.6,2111,2117.4
165404.14,40,2023,2091,2100
165404.18,40,2014,2073,2069.2
165404.22,40,2008.8,2067.6,2052
165404.26,40,2010.2,2060.8,2041.6
165404.3,40,2004.2,2055.2,2037.8
165404.34,40,2011.6,2056.6,2036.4
165404.38,40,2002,2058.4,2040.2
165404.42,40,2009,2067.6,2051
165404.46,40,2018.4,2078.8,2077.4
165404.5,40,2032.6,2099.2,2112.2
165404.54,40,2048,2130.6,2131.2
165404.58,40,2072,2143.4,2125.8
165404.62,40,2095.6,2145.2,2095.4
165404.66,40,2095.2,2125,2070
165404.7,40,2088.8,2112.2,2051.4
165404.74,40,2084,2104.6,2042.4
165404.78,40,2090.4,2110.4,2046.8
165404.82,40,2091.8,2117.8,2062.8
165404.86,40,2095,2126.2,2066.8
165404.9,40,2090,2139.4,2090.4
165404.94,40,2077.4,2142,2108.8
165404.98,40,2056.8,2135.4,2130.2
165405.02,40,2042.4,2117.6,2127.6
165405.06,40,2026.4,2095,2105.8
165405.1,40,2018,2080.2,2076
165405.14,40,2011.4,2068.6,2053.4
165405.18,40,2005,2057,2043.8
165405.22,40,2007.2,2059,2027.8
165405.26,40,2008,2058.4,2039.2
165405.3,40,2006.2,2057.4,2040.8
165405.34,40,2008.2,2061.6,2048.2
165405.38,40,2010.6,2075.2,2072.6
165405.42,40,2027.4,2092.6,2096.4
165405.46,40,2046.2,2122.2,2122
165405.5,40,2063.8,2134.2,2120.2
165405.54,40,2084.6,2137.8,2102.4
165405.58,40,2098,2132.2,2078.2
165405.62,40,2093.4,2120.2,2057.6
165405.66,40,2094,2108.6,2050.2
165405.7,40,2089,2109.2,2049.4
165405.74,40,2092,2114.8,2058.6
165405.78,40,2098.2,2124.4,2070.2
165405.82,40,2092,2139.6,2087.4
165405.86,40,2088.2,2141.8,2107.6
165405.9,40,2070.2,2142.6,2127.8
165405.94,40,2052.2,2127.8,2132.4
165405.98,40,2037.6,2109.6,2112.2
165406.02,40,2019.4,2088.8,2087.8
165406.06,40,2009.2,2068.8,2063.6
165406.1,40,2007.8,2064,2045.4
165406.14,40,2003.2,2057.8,2039.6
165406.18,40,2002.2,2054.6,2036
165406.22,40,2004.8,2057.4,2033.8
165406.26,40,2006.8,2064,2043.2
165406.3,40,2008.4,2069.2,2059.4
165406.34,40,2020.8,2083,2085.8
165406.38,40,2034.2,2112.8,2123.6
165406.42,40,2059.2,2138.8,2131.2
165406.46,40,2080.8,2146.4,2116.2
165406.5,40,2098.4,2141.2,2084.2
165406.54,40,2098.6,2121,2064
165406.58,40,2090.6,2105.6,2045.2
165406.62,40,2086.8,2098.2,2042.6
165406.66,40,2087.4,2110,2048.6
165406.7,40,2099.6,2122.4,2057.4
165406.74,40,2096.4,2132.8,2079.8
165406.78,40,2088.6,2142.6,2098.6
165406.82,40,2074,2143.4,2123.6
165406.86,40,2052.4,2135,2136
165406.9,40,2035.8,2113.2,2124.6
165406.94,40,2021.4,2092.4,2097.4
165406.98,40,2017.2,2076.8,2072.8
165407.02,40,2010.8,2065,2050.2
165407.06,40,2006.8,2056.8,2038.4
165407.1,40,2004.2,2053.8,2030.2
165407.14,40,2003.8,2056,2034.8
165407.18,40,2009.4,2061.6,2040.6
165407.22,40,2008.6,2064,2051
165407.26,40,2016.8,2075.4,2074
165407.3,40,2026.8,2091.2,2103
165407.34,40,2049.6,2124.6,2122.8
165407.38,40,2066,2135.2,2108
165407.42,40,2086.6,2137,2085.6
165407.46,40,2095,2128.6,2068.8
165407.5,40,2094,2116.8,2053.8
165407.54,40,2092.2,2110.6,2056
165407.58,40,2090.8,2114,2050
165407.62,40,2097.6,2119.4,2065.8
165407.66,40,2096.8,2128.8,2079.6
165407.7,40,2088.8,2143.4,2101.4
165407.74,40,2080.8,2143.8,2119.2
165407.78,40,2056.8,2133.8,2132.4
165407.82,40,2038.6,2111.6,2121.2
165407.86,40,2022.6,2094.6,2099.6
165407.9,40,2017.6,2072,2076.2
165407.94,40,2003.8,2063.4,2053.2
165407.98,40,2002.2,2056,2032.4
165408.02,40,2001,2055.6,2032.6
165408.06,40,2003.6,2053.6,2038.6
165408.1,40,2005.6,2054,2040.2
165408.14,40,2009.4,2064.6,2053.8
165408.18,40,2016.8,2077,2079.6
165408.22,40,2031.4,2108,2116.4
165408.26,40,2057.2,2126,2131.8
165408.3,40,2077.8,2145.8,2114.2
165408.34,40,2093.6,2140.8,2091.2
165408.38,40,2100.6,2127.2,2063.6
165408.42,40,2092.6,2112.2,2049.8
165408.46,40,2083.6,2103,2047.8
165408.5,40,2094,2105.2,2051.8
165408.54,40,2094.2,2122.8,2062.6
165408.58,40,2092.2,2127.2,2074.8
165408.62,40,2089.6,2139.4,2095.8
165408.66,40,2074.8,2142,2118
165408.7,40,2058.6,2134,2132
165408.74,40,2034,2106.8,2119.4
165408.78,40,2025.6,2088.4,2089.4
165408.82,40,2013,2071,2066
165408.86,40,2006.6,2064,2042.2
165408.9,40,2004,2057.8,2037.8
165408.94,40,2004.6,2054.2,2037.6
165408.98,40,2002.2,2055.8,2034.8
165409.02,40,2005.6,2060.6,2044.6
165409.06,40,2014,2069.6,2057.2
165409.1,40,2021.6,2087.2,2090.8
165409.14,40,2041.6,2111,2117
165409.18,40,2059.8,2137.8,2121.4
165409.22,40,2081.6,2141.4,2102.2
165409.26,40,2093.2,2132.6,2075.6
165409.3,40,2092,2112.6,2062.4
165409.34,40,2084,2104.4,2045.8
165409.38,40,2089.2,2105.4,2045.2
165409.42,40,2093.4,2112.2,2057
165409.46,40,2093.8,2120,2059.6
165409.5,40,2094.2,2134.6,2080.4
165409.54,40,2088.6,2144,2100.2
165409.58,40,2073.2,2141.8,2124.8
165409.62,40,2054.2,2131.2,2130
165409.66,40,2039.2,2113.6,2121.2
165409.7,40,2021.2,2094.2,2096.6
165409.74,40,2008.2,2070.6,2071.2
165409.78,40,2008.4,2066.6,2047.8
165409.82,40,2007,2059.2,2035.4
165409.86,40,2004.4,2052.8,2030.4
165409.9,40,2003,2048.8,2035.4
165409.94,40,2008,2059,2039.4
165409.98,40,2008.4,2067,2054.6
165410.02,40,2012.6,2082.2,2080.6
165410.06,40,2029.8,2103,2114.4
165410.1,40,2051.2,2128.6,2133.8
165410.14,40,2078.2,2146.6,2117.6
165410.18,40,2098.4,2138.6,2095.6
165410.22,40,2093.4,2127.8,2072.2
165410.26,40,2094.8,2115.6,2056.6
165410.3,40,2094,2112,2053.6
165410.34,40,2095,2124.8,2062.6
165410.38,40,2096.2,2130,2073.2
165410.42,40,2091,2138.4,2087.6
165410.46,40,2082,2139.4,2105.4
165410.5,40,2071.2,2146.2,2122.2
165410.54,40,2049.8,2128,2133.2
165410.58,40,2035,2107.8,2111.8
165410.62,40,2020.6,2083.8,2088
165410.66,40,2013.8,2073.6,2062.8
165410.7,40,2004.2,2060.4,2049.4
165410.74,40,2001.8,2054.8,2033
165410.78,40,2001.4,2055.8,2034.6
165410.82,40,2003.4,2056.8,2030.8
165410.86,40,2009.2,2061.6,2040.8
165410.9,40,2006.8,2070.8,2057.2
165410.94,40,2020.4,2081.4,2082.6
165410.98,40,2033.4,2103,2112.2
165411.02,40,2050.2,2130.6,2125.2
165411.06,40,2078.4,2139.8,2116
165411.1,40,2090.8,2138.6,2086.6
165411.14,40,2096,2129.6,2067
165411.18,40,2091.8,2121.4,2060
165411.22,40,2097,2115.8,2054
165411.26,40,2094.6,2125.8,2062.4
165411.3,40,2100.8,2129,2074.8
165411.34,40,2093.4,2142,2089.6
165411.38,40,2084.4,2148,2111.8
165411.42,40,2069.6,2144,2127.2
165411.46,40,2051,2124.6,2128.8
165411.5,40,2037,2106,2113.6
165411.54,40,2023.8,2085.8,2088.8
165411.58,40,2014.2,2067.4,2067.4
165411.62,40,2011.2,2065.6,2050.2
165411.66,40,2006.8,2063.2,2041.6
165411.7,40,2002.4,2058,2036.2
165411.74,40,2004.8,2060.8,2039.6
165411.78,40,2007.8,2064.8,2047.8
165411.82,40,2011.2,2074.4,2066.4
165411.86,40,2021,2085.6,2089.4
165411.9,40,2040.6,2113.4,2120.2
165411.94,40,2052.8,2129.6,2130.2
165411.98,40,2072.6,2146.8,2122.6
165412.02,40,2085.2,2145.4,2101.8
165412.06,40,2095.8,2138.2,2082.8
165412.1,40,2095.4,2125.4,2069.2
165412.14,40,2097.2,2130,2070
165412.18,40,2097.6,2132,2081.2
165412.22,40,2091,2139,2087.8
165412.26,40,2084,2144.4,2103.6
165412.3,40,2071.8,2141.4,2117.6
165412.34,40,2054.4,2130,2129
165412.38,40,2043.2,2116.4,2124.2
165412.42,40,2027,2098.2,2104
165412.46,40,2019.2,2079.4,2079.6
165412.5,40,2015.8,2067,2057
165412.54,40,2010.8,2065.4,2045.6
165412.58,40,2003.6,2059,2038.4
165412.62,40,2002,2056.8,2037.2
165412.66,40,2006.4,2059.2,2035.8
165412.7,40,2008.6,2064.4,2046
165412.74,40,2008.6,2069.2,2065.4
165412.78,40,2020.8,2084.2,2088.8
165412.82,40,2035.4,2108.4,2118.8
165412.86,40,2057.2,2129.4,2131.2
165412.9,40,2077.6,2143.2,2124
165412.94,40,2090,2144.8,2101.2
165412.98,40,2100.2,2133.4,2083.8
165413.02,40,2095.2,2125.6,2070.6
165413.06,40,2099.2,2129.4,2071
165413.1,40,2094.6,2131.8,2081.2
165413.14,40,2091.4,2141.6,2097.4
165413.18,40,2078.8,2144.8,2109.4
165413.22,40,2070.4,2144,2122.8
165413.26,40,2054.2,2127.8,2131
165413.3,40,2040,2111,2123.8
165413.34,40,2024.4,2090,2104.4
165413.38,40,2015.4,2076.8,2073.2
165413.42,40,2005,2067.4,2051.2
165413.46,40,2004.8,2059.8,2039
165413.5,40,2004.8,2058.2,2030.8
165413.54,40,2005.8,2057.8,2036.4
165413.58,40,2007.4,2060.2,2038
165413.62,40,2008.8,2063,2044
165413.66,40,2015,2067.4,2067
165413.7,40,2025,2093,2099.2
165413.74,40,2038.4,2117,2120
165413.78,40,2060.4,2135.2,2121
165413.82,40,2075.2,2137.8,2103.4
165413.86,40,2098.8,2136,2080.6
165413.9,40,2094,2124.6,2068.4
165413.94,40,2092.6,2118,2059.4
165413.98,40,2095.8,2119.6,2059.2
165414.02,40,2094.6,2126.8,2071.8
165414.06,40,2095.8,2141.2,2085.4
165414.1,40,2088.6,2146.2,2105.2
165414.14,40,2069,2140.4,2124.8
165414.18,40,2053.8,2129.4,2127.8
165414.22,40,2034.6,2110.2,2114.2
165414.26,40,2023.6,2087.4,2088.2
165414.3,40,2011.4,2068.8,2063.2
165414.34,40,2007.4,2059.8,2045
165414.38,40,2005.6,2053.2,2035.2
165414.42,40,2006.4,2052.8,2035.2
165414.46,40,2005.2,2055.6,2031.6
165414.5,40,2009.2,2064.6,2039
165414.54,40,2010.6,2066.6,2047.8
165414.58,40,2020.2,2076.2,2077.6
165414.62,40,2029,2102,2105.4
165414.66,40,2052.2,2125.4,2125.6
165414.7,40,2075.6,2144.8,2115.2
165414.74,40,2097.4,2137,2091.8
165414.78,40,2095,2117.6,2060.4
165414.82,40,2082.2,2101.6,2044.6
165414.86,40,2074.8,2092.4,2037.8
165414.9,40,2080.8,2092.2,2040.4
165414.94,40,2087,2102.6,2044.2
165414.98,40,2088.8,2111,2050
165415.02,40,2097.4,2128.4,2060.4
165415.06,40,2097.2,2131.6,2084.4
165415.1,40,2087.6,2150.4,2108.2
165415.14,40,2070,2140.8,2130.2
165415.18,40,2045.2,2123.6,2132.8
165415.22,40,2028.8,2097.6,2108.6
165415.26,40,2014.6,2074.8,2080.4
165415.3,40,2010.2,2066.8,2052.2
165415.34,40,2009.6,2058.8,2038.4
165415.38,40,2005,2050.6,2033.4
165415.42,40,2008.2,2056.2,2034.2
165415.46,40,2007.2,2059,2036.8
165415.5,40,2009.2,2065.2,2046
165415.54,40,2010.2,2074.6,2067.2
165415.58,40,2024.6,2090.6,2098.6
165415.62,40,2041.6,2112.4,2124.8
165415.66,40,2062.6,2139.4,2124.2
165415.7,40,2079.8,2143.4,2108
165415.74,40,2099,2140.8,2084.2
165415.78,40,2095,2127.2,2070
165415.82,40,2094,2115,2062.2
165415.86,40,2091.4,2121.6,2062.2
165415.9,40,2096.4,2125.6,2069.8
165415.94,40,2096.8,2135.4,2079.4
165415.98,40,2090.2,2141.6,2092
165416.02,40,2081.4,2139.8,2108.2
165416.06,40,2064.4,2136,2119.8
165416.1,40,2049.2,2127.6,2131.8
165416.14,40,2040.8,2114.4,2123.4
165416.18,40,2028.2,2095.4,2103.8
165416.22,40,2018.2,2077.4,2076.2
165416.26,40,2011.6,2068.6,2051.6
165416.3,40,2007.4,2059.4,2043.2
165416.34,40,2003.4,2052.2,2033.8
165416.38,40,2004.6,2054.4,2035.4
165416.42,40,2006.6,2058.2,2029.4
165416.46,40,2005.4,2059.2,2040
165416.5,40,2012.2,2068,2058.8
165416.54,40,2019.6,2084.6,2077.4
165416.58,40,2030.6,2106,2110.8
165416.62,40,2047,2126.8,2130
165416.66,40,2067.4,2142.8,2125.4
165416.7,40,2083,2144.8,2106.2
165416.74,40,2093.6,2137.4,2088.4
165416.78,40,2096.4,2133,2075
165416.82,40,2089.6,2127.8,2070.2
165416.86,40,2095,2128.2,2077
165416.9,40,2099.8,2134,2081.6
165416.94,40,2094.8,2139.2,2089.4
165416.98,40,2081.2,2141,2108.4
165417.02,40,2072.2,2139.8,2123.2
165417.06,40,2057.4,2135.8,2131.2
165417.1,40,2047.6,2118.4,2127.8
165417.14,40,2034,2105,2110
165417.18,40,2023.2,2087.2,2089.2
165417.22,40,2011.2,2074.6,2064.4
165417.26,40,2010.6,2066,2047
165417.3,40,2003.2,2057.2,2043.2
165417.34,40,2002.6,2057.8,2035.8
165417.38,40,2004.8,2055.8,2035
165417.42,40,2008,2056.8,2038
165417.46,40,2008.8,2064.2,2048.6
165417.5,40,2012.6,2071.6,2059.6
165417.54,40,2021,2087,2094.2
165417.58,40,2037.6,2110,2120.2
165417.62,40,2055.2,2132.6,2136
165417.66,40,2073,2144,2122
165417.7,40,2091.8,2144.8,2098.2
165417.74,40,2091.4,2138.2,2082.4
165417.78,40,2094,2129.4,2071
165417.82,40,2096,2128.6,2072
165417.86,40,2096.6,2133.2,2075.2
165417.9,40,2095.8,2141.2,2088.4
165417.94,40,2087,2140,2096.8
165417.98,40,2079.8,2144.4,2109.6
165418.02,40,2068.8,2142.4,2124.2
165418.06,40,2056,2132.2,2127.2
165418.1,40,2040.8,2117.4,2126.4
165418.14,40,2033.6,2102.6,2110.2
165418.18,40,2020.6,2083.2,2087.2
165418.22,40,2013.2,2067.8,2063.6
165418.26,40,2006.4,2062.4,2049.6
165418.3,40,2003,2058.6,2043
165418.34,40,2002.8,2055.2,2036
165418.38,40,2007.2,2055.2,2034.4
165418.42,40,2004.8,2061.6,2037.8
165418.46,40,2009.4,2065.2,2049
165418.5,40,2014,2074.6,2066
165418.54,40,2024,2084.8,2090.4
165418.58,40,2035.8,2108.4,2116.2
165418.62,40,2051.6,2131.8,2129
165418.66,40,2075.4,2137.6,2121.6
165418.7,40,2087.4,2146,2102.2
165418.74,40,2089,2137,2084.6
165418.78,40,2093.6,2132.4,2077.6
165418.82,40,2100.8,2129,2070.8
165418.86,40,2096,2134.4,2077.8
165418.9,40,2093.4,2141.4,2082.8
165418.94,40,2092.4,2136.8,2096.8
165418.98,40,2086.6,2144,2106.2
165419.02,40,2074.2,2143.8,2118.4
165419.06,40,2067.2,2137.2,2129.8
165419.1,40,2050,2128,2125.2
165419.14,40,2041.4,2107.2,2120
165419.18,40,2029.2,2092.2,2102.6
165419.22,40,2017.6,2076.8,2079.4
165419.26,40,2006,2067.6,2056.4
165419.3,40,2007.2,2060.6,2042.6
165419.34,40,2003.4,2054.4,2032.8
165419.38,40,2002.6,2054.6,2034.4
165419.42,40,2005.2,2058.6,2034.4
165419.46,40,2006.8,2058.8,2039.6
165419.5,40,2009,2067.4,2050.8
165419.54,40,2014,2072,2065.8
165419.58,40,2024.2,2091.6,2097.8
165419.62,40,2042.2,2113.6,2124.4
165419.66,40,2057.8,2135.8,2130.6
165419.7,40,2074.6,2144.8,2116
165419.74,40,2089.4,2144.8,2100.6
165419.78,40,2095.6,2137.8,2082
165419.82,40,2097.4,2133.8,2074.2
165419.86,40,2099,2131.2,2075
165419.9,40,2097,2138.2,2081.8
165419.94,40,2090.8,2139.2,2091.4
165419.98,40,2081.4,2141.2,2108.6
165420.02,40,2075.8,2143.2,2123.2
165420.06,40,2064,2140,2131.4
165420.1,40,2050.2,2125,2131.2
165420.14,40,2033,2112.6,2115.6
165420.18,40,2023.2,2092.8,2098.2
165420.22,40,2017.2,2076.4,2072.2
165420.26,40,2008,2064.8,2050.8
165420.3,40,2008.2,2058.6,2039.6
165420.34,40,2001.4,2057.8,2034.6
165420.38,40,2004.2,2054,2032.4
165420.42,40,2004.4,2054.8,2033.4
165420.46,40,2005.8,2056,2041
165420.5,40,2005.6,2061.6,2054
165420.54,40,2014.6,2073,2069.8
165420.58,40,2025.6,2089,2094
165420.62,40,2030.6,2106,2112.2
165420.66,40,2051,2126.6,2124.2
165420.7,40,2070.6,2140.8,2124.8
165420.74,40,2082.4,2141,2112
165420.78,40,2090,2143.4,2097
165420.82,40,2096.2,2144.6,2088.8
165420.86,40,2099.6,2141.4,2096.2
165420.9,40,2085.4,2144.4,2101.8
165420.94,40,2078.2,2142,2106.2
165420.98,40,2067,2139.8,2118.8
165421.02,40,2058.8,2139.4,2126.2
165421.06,40,2052.4,2132,2129.6
165421.1,40,2040,2116.8,2121.6
165421.14,40,2030,2097.6,2101.8
165421.18,40,2017.8,2080.8,2081.8
165421.22,40,2010.2,2065.2,2058.4
165421.26,40,2009,2061.8,2044.2
165421.3,40,2009,2056.6,2035.4
165421.34,40,2004.6,2054.8,2030.4
165421.38,40,2006.4,2055.4,2029.2
165421.42,40,2000.8,2060.2,2033.8
165421.46,40,2005,2058.6,2039.4
165421.5,40,2009.6,2065.2,2051.6
165421.54,40,2015.6,2073.4,2072.6
165421.58,40,2023.8,2092.6,2099.8
165421.62,40,2039,2111.2,2115.8
165421.66,40,2055.2,2132,2121
165421.7,40,2074.8,2138.6,2111.8
165421.74,40,2088,2140.4,2098.4
165421.78,40,2092.8,2140.4,2088.6
165421.82,40,2094.6,2141.2,2084.2
165421.86,40,2097.8,2138,2086
165421.9,40,2091.4,2143,2094.4
165421.94,40,2088,2145.6,2102.2
165421.98,40,2077.2,2140.4,2117.4
165422.02,40,2062.8,2140.6,2128
165422.06,40,2056,2134.8,2132.2
165422.1,40,2044.4,2118,2124.4
165422.14,40,2033.4,2106.2,2111.4
165422.18,40,2024.4,2090,2096
165422.22,40,2014.2,2074.2,2071.6
165422.26,40,2011.2,2067.6,2052.2
165422.3,40,2005.6,2061.6,2046.2
165422.34,40,2008.4,2060.6,2036.8
165422.38,40,2002.4,2053.4,2037.6
165422.42,40,2005.8,2057.2,2033
165422.46,40,2000.8,2056.2,2043.2
165422.5,40,2008.6,2064.2,2044.4
165422.54,40,2012.8,2070.8,2063.2
165422.58,40,2020.4,2083.4,2080.6
165422.62,40,2026.8,2100,2104.4
165422.66,40,2040,2115.2,2113.8
165422.7,40,2054.6,2126.2,2116
165422.74,40,2064.4,2127.8,2109
165422.78,40,2075.2,2134.2,2097.4
165422.82,40,2082,2134.8,2086.8
165422.86,40,2090.6,2134.4,2088.4
165422.9,40,2093.2,2143.4,2099.4
165422.94,40,2091.2,2145.6,2107.4
165422.98,40,2084.8,2149.4,2110.4
165423.02,40,2074.6,2141.6,2115.8
165423.06,40,2063.8,2135.6,2122.4
165423.1,40,2054.2,2129.8,2124.6
165423.14,40,2047,2124.2,2125.6
165423.18,40,2035.6,2108.4,2122.2
165423.22,40,2029.8,2101.2,2109.4
165423.26,40,2026,2087,2089.4
165423.3,40,2013.2,2076.8,2070.8
165423.34,40,2013.8,2067.4,2052.6
165423.38,40,2006.4,2054.4,2040
165423.42,40,2005,2057.4,2033.6
165423.46,40,2000,2053.2,2033.4
165423.5,40,2006,2060,2036.6
165423.54,40,2005.8,2061.4,2047.2
165423.58,40,2012.8,2070.2,2058
165423.62,40,2013.4,2081,2076.6
165423.66,40,2031.4,2095.8,2101.8
165423.7,40,2045.2,2117.6,2118.4
165423.74,40,2058,2132.8,2123.2
165423.78,40,2072.6,2135.4,2112
165423.82,40,2085.4,2140,2100
165423.86,40,2093.8,2142.6,2091.8
165423.9,40,2095.2,2138.6,2099
165423.94,40,2086.6,2140.8,2100
165423.98,40,2079.6,2141.6,2106.2
165424.02,40,2067.8,2139.6,2113.8
165424.06,40,2065.2,2138,2124.2
165424.1,40,2058.2,2135.2,2131
165424.14,40,2045.8,2121.8,2131.4
165424.18,40,2037.2,2113.8,2123.6
165424.22,40,2025.4,2096.6,2102.2
165424.26,40,2021.2,2084.4,2084.2
165424.3,40,2010.6,2071,2060.6
165424.34,40,2007.8,2060.8,2049.6
165424.38,40,2007,2055.6,2041
165424.42,40,2000.2,2060.6,2036.8
165424.46,40,2003.4,2057,2036.8
165424.5,40,2006.4,2057,2040
165424.54,40,2007.2,2059,2046.4
165424.58,40,2009.8,2066.8,2058.6
165424.62,40,2016.2,2077.6,2079
165424.66,40,2028.4,2096.4,2103.6
165424.7,40,2043.2,2115.6,2120.2
165424.74,40,2059.6,2132.4,2126.6
165424.78,40,2075,2144,2118.2
165424.82,40,2081,2144.2,2105.4
165424.86,40,2090.6,2143.6,2097.4
165424.9,40,2093.2,2141,2096.6
165424.94,40,2087.8,2145,2105.6
165424.98,40,2081,2141,2109.6
165425.02,40,2074.8,2143.8,2112.8
165425.06,40,2065.2,2135.8,2122.2
165425.1,40,2060,2135.4,2128.2
165425.14,40,2049,2125.2,2131.8
165425.18,40,2042,2114.2,2118.4
165425.22,40,2027.6,2103.2,2112
165425.26,40,2021,2089.6,2087
165425.3,40,2014.6,2073.2,2069.2
165425.34,40,2013.8,2068.8,2050.6
165425.38,40,2005.4,2057.2,2043.6
165425.42,40,2001.4,2056.8,2036.4
165425.46,40,2002.6,2060.2,2032
165425.5,40,2003.4,2055.4,2036.4
165425.54,40,2010,2060,2040.8
165425.58,40,2008,2066.6,2052.6
165425.62,40,2012.8,2073.4,2069.6
165425.66,40,2023.8,2088.6,2090.2
165425.7,40,2037.2,2106,2115
165425.74,40,2048,2127.4,2125.4
165425.78,40,2061.6,2135,2124
165425.82,40,2076.2,2143,2117.4
165425.86,40,2085.8,2145,2108.8
165425.9,40,2087.6,2144,2105.6
165425.94,40,2083.6,2148.2,2107.6
165425.98,40,2078.8,2148,2112.8
165426.02,40,2068.2,2141.4,2121.4
165426.06,40,2064,2139.6,2123.6
165426.1,40,2054.8,2130.4,2133
165426.14,40,2043.6,2121.4,2129
165426.18,40,2039,2108.6,2124.2
165426.22,40,2032.8,2093.4,2104.8
165426.26,40,2017.8,2083,2083.8
165426.3,40,2016.4,2073,2066.4
165426.34,40,2009.2,2066.6,2046.2
165426.38,40,2005.2,2064.6,2046
165426.42,40,2007.4,2056,2039.2
165426.46,40,2007.4,2060.6,2031.4
165426.5,40,2006.2,2055.4,2038
165426.54,40,2004.6,2064,2045.8
165426.58,40,2007.6,2065,2053.4
165426.62,40,2015.4,2071,2068
165426.66,40,2017.6,2082.4,2088
165426.7,40,2032,2101,2101.6
165426.74,40,2036.4,2114,2120.6
165426.78,40,2048,2124.4,2122.4
165426.82,40,2066.4,2134,2114.6
165426.86,40,2071,2136.4,2105.6
165426.9,40,2081.2,2136.8,2100.8
165426.94,40,2086.2,2141,2101.4
165426.98,40,2091.6,2144,2107.2
165427.02,40,2079.2,2147.2,2112.4
165427.06,40,2078.8,2147.4,2116.4
165427.1,40,2068,2133.6,2120.2
165427.14,40,2060.4,2130.2,2128.4
165427.18,40,2051,2124.6,2128.4
165427.22,40,2043.8,2115.8,2124.6
165427.26,40,2036.4,2103.8,2112.4
165427.3,40,2022.4,2094.4,2101
165427.34,40,2021.2,2084.2,2083.8
165427.381,41,2013.4,2067.2,2059.2
165427.421,40,2003.6,2061.2,2050.4
165427.461,40,2004.6,2059.6,2038.8
165427.501,40,2008.6,2059.6,2036
165427.541,40,2001.8,2052.2,2037
165427.581,40,2003.4,2052.2,2038.6
165427.621,40,2007,2058.6,2041.4
165427.661,40,2011,2066.8,2051.6
165427.701,40,2011.8,2070.6,2062
165427.741,40,2016.2,2079,2081
165427.781,40,2031.8,2099.2,2098.4
165427.821,40,2039.4,2112.6,2106.2
165427.861,40,2050.8,2117.2,2107.2
165427.901,40,2059.2,2125,2101
165427.941,40,2071.6,2134.6,2097.6
165427.981,40,2079.6,2136,2094
165428.021,40,2086.2,2139.2,2096.8
165428.061,40,2087,2140.2,2104
165428.101,40,2084,2141.4,2105.2
165428.141,40,2075.2,2142.8,2107.8
165428.181,40,2074,2141.8,2114.2
165428.221,40,2064.6,2138.4,2121
165428.261,40,2059.2,2134.8,2131.6
165428.301,40,2049.6,2126.4,2128.4
165428.341,40,2045.2,2114.8,2124.2
165428.381,40,2028.6,2097.8,2108.8
165428.421,40,2024.4,2092,2098.4
165428.461,40,2018.4,2079.2,2077.8
165428.501,40,2012.4,2073.2,2064
165428.541,40,2011.2,2062,2052.6
165428.581,40,2009.8,2058.8,2043.4
165428.621,40,2006.6,2059,2037.2
165428.661,40,2004.4,2056.6,2036.8
165428.701,40,2006.2,2055.6,2038
165428.741,40,2007,2064,2046.4
165428.781,40,2015.6,2071.4,2062.6
165428.821,40,2017,2077.6,2077.6
165428.861,40,2027,2095.2,2099.6
165428.901,40,2036,2106.4,2114.6
165428.941,40,2052.6,2122.2,2114
165428.981,40,2066.2,2129.6,2108.6
165429.021,40,2077.8,2133.6,2096.2
165429.061,40,2082.6,2134,2088
165429.101,40,2086.6,2135.6,2087.6
165429.141,40,2087.8,2136.8,2094.8
165429.181,40,2086.2,2143.6,2104.2
165429.221,40,2081,2143.4,2106.6
165429.261,40,2068.4,2140.8,2116
165429.301,40,2062.4,2134.6,2123.8
165429.341,40,2051.6,2131,2128.6
165429.381,40,2041,2119.2,2130.2
165429.421,40,2029,2101,2115.4
165429.461,40,2020.6,2090.8,2099.6
165429.501,40,2015.6,2076.2,2070.6
165429.541,40,2010.8,2064.8,2056.4
165429.581,40,2006,2063.2,2043.4
165429.621,40,2005.8,2053,2032.8
165429.661,40,2002.4,2054,2034
165429.701,40,2004.4,2055.4,2032
165429.741,40,2004.2,2059.8,2043.8
165429.781,40,2010.8,2061.6,2050.2
165429.821,40,2013,2077.8,2064.4
165429.861,40,2021.6,2090,2093.2
165429.901,40,2031.8,2099.4,2110.4
165429.941,40,2048.8,2118.4,2108.6
165429.981,40,2068.4,2131.8,2103
165430.021,40,2081.4,2133.6,2088.4
165430.061,40,2085.2,2129.8,2071.2
165430.101,40,2090.2,2121.6,2064
165430.141,40,2087.2,2113.6,2054.6
165430.181,40,2088.8,2099.2,2050.4
165430.221,40,2088.2,2104,2045.8
165430.261,40,2085.2,2100.4,2047.4
165430.301,40,2082,2098.4,2040.4
165430.341,40,2078.8,2095.4,2038.6
165430.381,40,2079.4,2097,2041.4
165430.421,40,2077.2,2092.8,2039.4
165430.461,40,2069.8,2094.4,2040.2
165430.501,40,2077,2093.2,2039.2
165430.541,40,2074,2091.4,2039.8
165430.581,40,2071.2,2092,2038.6
165430.621,40,2073.6,2095.4,2037
165430.661,40,2073.2,2096.8,2041.4
165430.701,40,2079,2096.2,2038.2
165430.741,40,2078.4,2100.4,2042.2
165430.781,40,2080.4,2099.4,2044.2
165430.821,40,2084.4,2108.8,2046.2
165430.861,40,2083.4,2107.8,2049.6
165430.901,40,2088.4,2113.8,2048.8
165430.941,40,2086.2,2110.2,2053.4
165430.981,40,2084.8,2112.4,2059.2
165431.021,40,2083.2,2114.2,2056.4
165431.061,40,2092.6,2113.8,2057.4
165431.101,40,2087.2,2120.2,2059.4
165431.141,40,2087.8,2112.6,2055.8
165431.181,40,2088.8,2110.6,2056.6
165431.221,40,2088,2117.6,2057.2
165431.261,40,2084,2113,2064.2
165431.301,40,2083.8,2114.2,2060.2
165431.341,40,2087,2115.6,2060.2
165431.381,40,2087.4,2118,2061.6
165431.421,40,2085.2,2120.2,2065.4
165431.461,40,2085.8,2122.4,2068.2
165431.501,40,2085.8,2120.2,2071.6
165431.541,40,2083.6,2127.2,2071
165431.581,40,2088.2,2125.4,2068
165431.621,40,2090.2,2123.2,2075.8
165431.661,40,2087.2,2125.4,2076
165431.701,40,2084.8,2126.6,2080.6
165431.741,40,2084.8,2127.8,2079
165431.781,40,2085.8,2137.4,2081
165431.821,40,2087.6,2128,2082.2
165431.861,40,2083.2,2126.4,2084.4
165431.901,40,2083.6,2128.2,2084.6
165431.941,40,2083.2,2133.4,2082.6
165431.981,40,2084.6,2128.6,2085.4
165432.021,40,2085.2,2133.6,2087
165432.061,40,2082,2131.2,2090.4
165432.101,40,2082.8,2132.4,2088.8
165432.141,40,2078.8,2137.2,2093.4
165432.181,40,2079.2,2133,2100
165432.221,40,2076.4,2132.6,2095.8
165432.261,40,2081.8,2135.8,2097.2
165432.301,40,2081,2135.8,2093.4
165432.341,40,2075.4,2138.6,2099.4
165432.381,40,2078,2140.6,2098.2
165432.421,40,2081.2,2134.4,2101.6
165432.461,40,2075.8,2136.4,2099.6
165432.501,40,2072.8,2136.4,2107.2
165432.541,40,2074.2,2136.2,2109
165432.581,40,2077.4,2141,2115.4
165432.621,40,2080.8,2143.6,2112.4
165432.661,40,2073.2,2145.8,2118.4
165432.701,40,2071.6,2142.4,2121.8
165432.741,40,2061.4,2135.8,2124.2
165432.781,40,2051.6,2128,2123.4
165432.821,40,2046.6,2123.2,2125
165432.861,40,2033.8,2107.6,2118
165432.901,40,2027,2095.2,2103.4
165432.941,40,2018.6,2087.6,2086.2
165432.981,40,2012.6,2070.2,2068.4
165433.021,40,2014.2,2069.4,2054.4
165433.061,40,2010.4,2062.2,2047
165433.101,40,2005,2055,2044.2
165433.141,40,2006,2068.8,2050
165433.181,40,2010.8,2068,2053.6
165433.221,40,2009.8,2069.2,2068
165433.261,40,2014.2,2081,2088.8
165433.301,40,2029.4,2097.4,2103.8
165433.341,40,2047.8,2117.2,2117.2
165433.381,40,2058.6,2127.6,2116
165433.421,40,2070.8,2135.4,2105.8
165433.461,40,2079.6,2144.4,2110
165433.501,40,2076.8,2142.4,2116.4
165433.541,40,2067.4,2138.8,2118.6
165433.581,40,2047.6,2127.4,2123.6
165433.621,40,2036.8,2107.6,2114.4
165433.661,40,2016.4,2088.2,2096
165433.701,40,2015.8,2073.6,2069.2
165433.741,40,2009.2,2069.8,2052
165433.781,40,2009,2062.8,2044.8
165433.821,40,2006.2,2059.4,2049.2
165433.861,40,2007.2,2063.6,2051
165433.901,40,2012,2069.8,2063.6
165433.941,40,2015.6,2081,2083.8
165433.981,40,2028,2091.4,2102
165434.021,40,2039.6,2115.4,2121
165434.061,40,2054.8,2123.8,2120.6
165434.101,40,2066.8,2135.6,2116.4
165434.141,40,2073.2,2142.4,2121.8
165434.181,40,2067.2,2140.2,2126.4
165434.221,40,2059,2132,2128.4
165434.261,40,2044.2,2117.2,2127.8
165434.301,40,2031.8,2098.2,2107.8
165434.341,40,2017.2,2083,2083.2
165434.381,40,2011,2072.2,2061.2
165434.421,40,2007.4,2068.2,2046.2
165434.461,40,2006.8,2058.8,2044.4
165434.501,40,2007.8,2058.2,2045.2
165434.541,40,2012.6,2074,2054.4
165434.581,40,2012.4,2074.8,2077
165434.621,40,2024.2,2091.8,2093
165434.661,40,2033.2,2106.6,2118.6
165434.701,40,2046.6,2120.8,2132.8
165434.741,40,2067.8,2138.4,2128.8
165434.781,40,2071.6,2141,2118
165434.821,40,2076.2,2139.4,2120.6
165434.861,40,2067,2140.2,2124.6
165434.901,40,2058.2,2134.2,2128.8
165434.941,40,2043.4,2118.6,2129.6
165434.981,40,2034.8,2101.6,2112.8
165435.021,40,2022,2085.8,2086.8
165435.061,40,2015.6,2073.4,2066.4
165435.101,40,2008.8,2067.6,2049.8
165435.141,40,2007.4,2057.6,2039.8
165435.181,40,2009.6,2059.2,2043.2
165435.221,40,2008,2066.6,2050.4
165435.261,40,2012.4,2071.4,2063.8
165435.301,40,2020.4,2084.2,2083.6
165435.341,40,2027.4,2103.8,2105.2
165435.381,40,2045.6,2119.6,2122
165435.421,40,2062.4,2132.4,2125.6
165435.461,40,2071,2140.4,2120.4
165435.501,40,2072.2,2144.2,2123.8
165435.541,40,2064.4,2141,2129.4
165435.581,40,2053.2,2133.2,2131.8
165435.621,40,2043.2,2114.2,2120.2
165435.661,40,2025.6,2092.4,2099.4
165435.701,40,2017.4,2079.6,2077
165435.741,40,2005.8,2063.8,2057
165435.781,40,2006.6,2062.6,2041.6
165435.821,40,2005.6,2058,2039
165435.861,40,2005,2058,2041.8
165435.901,40,2007.6,2069,2053.8
165435.941,40,2012.8,2072.6,2073.2
165435.981,40,2020.2,2089.2,2092.4
165436.021,40,2034.8,2107.8,2117.6
165436.061,40,2045.8,2123.2,2123
165436.101,40,2064.2,2136.2,2118.4
165436.141,40,2077.6,2142.4,2116.4
165436.181,40,2077.4,2141.8,2113.6
165436.221,40,2069.8,2146.2,2126
165436.261,40,2056.6,2134.2,2130
165436.301,40,2045.4,2118.2,2121
165436.341,40,2030,2102.2,2111
165436.381,40,2014.2,2084.6,2086
165436.421,40,2014.4,2069.4,2060.8
165436.461,40,2006.8,2061.6,2048.6
165436.501,40,2007,2056.6,2040.8
165436.541,40,2005.4,2057.6,2039.4
165436.581,40,2006,2061,2043
165436.621,40,2011,2060.6,2056.4
165436.661,40,2013.4,2075.8,2076.2
165436.701,40,2021,2088.6,2091.6
165436.741,40,2035.6,2104.2,2105.8
165436.781,40,2046.2,2114,2119
165436.821,40,2056.6,2128,2119.4
165436.861,40,2063,2133.8,2115.2
165436.901,40,2074.8,2140.8,2112.4
165436.941,40,2078.8,2138.6,2107.6
165436.981,40,2079.6,2139.4,2095.4
165437.021,40,2083.6,2143.8,2098.6
165437.061,40,2085.8,2136.6,2095.2
165437.101,40,2085,2138,2100
165437.141,40,2078.2,2134.2,2094.4
165437.181,40,2078.2,2134,2092
165437.221,40,2069.4,2131,2094.6
165437.261,40,2074.6,2127,2093.4
165437.301,40,2073.4,2126.4,2091.2
165437.341,40,2069.2,2127,2092.2
165437.381,40,2073.4,2127.2,2087.8
165437.421,40,2072,2131,2095.6
165437.461,40,2070.4,2128.2,2091.2
165437.501,40,2068.2,2130.4,2095.8
