100717.502,40,2322,2890.8,2765.2
100717.542,40,2320,2890.4,2762.2
100717.582,40,2322.6,2891,2762.6
100717.622,40,2321,2895.8,2765
100717.662,40,2318.4,2894.8,2766
100717.702,40,2318.2,2892,2764.8
100717.742,40,2320.6,2891.2,2766.4
100717.782,40,2323.6,2894,2763.6
100717.822,40,2319.8,2893.6,2765
100717.862,40,2320.6,2899.2,2762.4
100717.902,40,2324.2,2897,2762.4
100717.942,40,2323.4,2894.8,2758.2
100717.982,40,2329.4,2898.8,2758.2
100718.022,40,2330.6,2906.4,2751
100718.062,40,2337.4,2915,2742
100718.102,40,2345.8,2927.4,2730.6
100718.142,40,2364.6,2943.8,2709.8
100718.182,40,2391.4,2956.2,2680.6
100718.222,40,2426.8,2986.2,2637.2
100718.262,40,2479.8,3010.8,2587.6
100718.302,40,2538.6,3017.2,2525.2
100718.342,40,2592.6,3011.6,2472.8
100718.382,40,2634.6,2991.4,2429
100718.422,40,2670.8,2969.6,2404
100718.462,40,2687.6,2953.6,2387.2
100718.502,40,2680.4,2942.8,2386.6
100718.542,40,2658.2,2943.2,2403.2
100718.582,40,2618.2,2933.2,2421.8
100718.622,40,2571,2902,2429.6
100718.662,40,2506.2,2873,2465.6
100718.702,40,2443.8,2862.6,2523
100718.742,40,2379,2854.8,2616
100718.782,40,2312.4,2838.6,2728
100718.822,40,2248.8,2766.6,2828
100718.862,40,2202.2,2677.2,2901
100718.902,40,2166.2,2594.8,2929.2
100718.942,40,2141.2,2527.2,2925.8
100718.982,40,2132.2,2503.2,2915.4
100719.022,40,2133.8,2507.6,2910.8
100719.062,40,2135.8,2516.2,2905.4
100719.102,40,2146,2537.2,2915.8
100719.142,40,2150.4,2556.4,2925.2
100719.182,40,2166.2,2593.8,2944.4
100719.222,40,2181,2653,2965.4
100719.262,40,2204,2711.8,2959
100719.302,40,2241.4,2782.4,2920.4
100719.342,40,2282,2866.6,2850.4
100719.382,40,2342.2,2934.2,2761.2
100719.422,40,2409,2979.2,2656.8
100719.462,40,2482.2,2977.8,2561
100719.502,40,2552.6,2967.2,2479.6
100719.542,40,2613.8,2934,2418.4
100719.582,40,2663.4,2896.4,2377.8
100719.622,40,2696.6,2869.8,2345.6
100719.662,40,2717.2,2845.6,2328.2
100719.702,40,2723.8,2842.8,2322.4
100719.742,40,2716.2,2844,2329.4
100719.782,40,2699,2856.2,2338
100719.822,40,2688.8,2855.2,2340
100719.862,40,2687.8,2854,2345.8
100719.902,40,2678.4,2854.8,2347.8
100719.942,40,2674.4,2862.2,2356.2
100719.982,40,2663.6,2867.8,2358.8
100720.022,40,2660,2873.4,2365.4
100720.062,40,2659.8,2877.8,2365.6
100720.102,40,2659.6,2890,2373.2
100720.142,40,2654.4,2903.6,2377.8
100720.182,40,2655.8,2900.4,2384.6
100720.222,40,2653.8,2915.2,2386
100720.262,40,2641.4,2913.2,2392.2
100720.302,40,2640.2,2921.4,2398.4
100720.342,40,2635.2,2922.2,2399.6
100720.382,40,2628.6,2929.4,2409.6
100720.422,40,2628.4,2934.8,2412.6
100720.462,40,2626.8,2941.2,2415.8
100720.502,40,2618,2941.8,2425.8
100720.542,40,2610.2,2944.6,2431.2
100720.582,40,2606.4,2953.4,2433.6
100720.622,40,2601.2,2954.6,2439.2
100720.662,40,2600.2,2961.4,2446.2
100720.702,40,2590,2962.6,2450.4
100720.742,40,2597.4,2963.2,2452
100720.782,40,2592.4,2973.2,2454.8
100720.822,40,2590.8,2985.8,2460.8
100720.862,40,2598.6,2985.2,2464.2
100720.902,40,2613,2995,2458.6
100720.942,40,2636.2,2998.8,2443.6
100720.982,40,2665,2983.4,2419.6
100721.022,40,2699.2,2966.2,2392.6
100721.062,40,2742.8,2941.6,2359.8
100721.102,40,2782.2,2909.4,2329.2
100721.142,40,2811,2877.6,2306.4
100721.182,40,2824.2,2838,2289.4
100721.222,40,2825.2,2819.6,2284.8
100721.262,40,2801.6,2812,2286.2
100721.302,40,2762.2,2815,2299.8
100721.342,40,2717.4,2815.8,2316.2
100721.382,40,2662.2,2816.4,2338.4
100721.422,40,2593,2833.2,2381.4
100721.462,40,2513.6,2866.2,2460.2
100721.502,40,2411.2,2869.6,2562.6
100721.542,40,2315.6,2826.2,2694.4
100721.582,40,2239.2,2739.2,2814.6
100721.622,40,2184.4,2630.2,2896
100721.662,40,2142,2535.6,2922.8
100721.702,40,2120.6,2477.6,2926.6
100721.742,40,2121.8,2476,2945.8
100721.782,40,2134.6,2531,2987.8
100721.822,40,2171.8,2626.6,2997.8
100721.862,40,2223,2751.6,2938.6
100721.902,40,2293,2864.2,2811
100721.942,40,2390.4,2962,2675.4
100721.982,40,2495,2971.6,2534.2
100722.022,40,2602.4,2933.2,2426.8
100722.062,40,2681.4,2868,2345.4
100722.102,40,2742,2784.4,2296.6
100722.142,40,2766.4,2727,2260.6
100722.182,40,2781,2701.6,2246.8
100722.222,40,2762.2,2701.8,2251.2
100722.262,40,2742.8,2720.8,2268.6
100722.302,40,2728.4,2746.2,2282.2
100722.342,40,2699.4,2781.4,2309.4
100722.382,40,2654.2,2835.2,2354
100722.422,40,2574,2894,2426
100722.462,40,2473,2912.4,2524.2
100722.502,40,2370.8,2883.2,2645.4
100722.542,40,2279,2799.4,2763
100722.582,40,2214.6,2689.8,2855.6
100722.622,40,2167.6,2586,2899.2
100722.662,40,2135.2,2511,2910.4
100722.702,40,2130.8,2475.2,2917
100722.742,40,2137.2,2513.8,2957
100722.782,40,2160.4,2595.2,2990.6
100722.822,40,2201,2706.6,2970.8
100722.862,40,2268.6,2842,2880
100722.902,40,2355.2,2935,2729
100722.942,40,2465.8,2964.2,2571
100722.982,40,2576.4,2931.4,2447.8
100723.022,40,2667.4,2844,2351.4
100723.062,40,2742.8,2758,2283.2
100723.102,40,2786,2669.6,2235
100723.142,40,2802.2,2608.8,2209.4
100723.182,40,2809.4,2607,2202
100723.222,40,2793.8,2635.6,2219.2
100723.262,40,2784.2,2684.4,2242
100723.302,40,2730.6,2759.4,2287.6
100723.342,40,2654,2824,2352.2
100723.382,40,2538.2,2881.2,2447.8
100723.422,40,2415.2,2872.4,2565.8
100723.462,40,2310.4,2802,2695
100723.502,40,2228.8,2698.2,2798.6
100723.542,40,2173.6,2584.8,2847.8
100723.582,40,2139.2,2501.8,2874.6
100723.622,40,2116.6,2454.6,2896.6
100723.662,40,2118.6,2461.6,2930
100723.702,40,2129.4,2502.4,2967.8
100723.742,40,2154.6,2589,2996
100723.782,40,2204.8,2710.6,2952.6
100723.822,40,2279.2,2832.4,2823.6
100723.862,40,2369.4,2924,2675
100723.902,40,2483.2,2935.6,2527
100723.942,40,2600,2895.6,2409
100723.982,40,2693.4,2805.8,2322.8
100724.022,40,2763,2718.4,2261.4
100724.062,40,2801.2,2654.6,2226.4
100724.102,40,2805.4,2619.8,2210.8
100724.142,40,2799,2632,2217.4
100724.182,40,2775.4,2676.4,2242.6
100724.222,40,2753.2,2733.6,2269.4
100724.262,40,2691.2,2803.2,2322
100724.302,40,2602.4,2870.4,2390.4
100724.342,40,2493.4,2893,2493.2
100724.382,40,2385.2,2865.6,2611.6
100724.422,40,2283.4,2773.8,2729.4
100724.462,40,2210.2,2659.2,2808
100724.502,40,2161.4,2554.2,2851.4
100724.542,40,2128.4,2469.2,2864.6
100724.582,40,2110.6,2421,2869.4
100724.622,40,2103.8,2424.6,2903
100724.662,40,2120.8,2462,2942.8
100724.702,40,2146.8,2570.4,3002
100724.742,40,2195.8,2699.6,2981.8
100724.782,40,2274.8,2823.8,2824
100724.822,40,2361.6,2897.6,2670.2
100724.862,40,2455,2896.8,2522
100724.902,40,2548.8,2861.4,2424
100724.942,40,2616.4,2790,2343.8
100724.982,40,2703.2,2755.2,2294.8
100725.022,40,2761.2,2724.2,2263
100725.062,40,2796.2,2722.6,2249.6
100725.102,40,2776.6,2756.4,2275.2
100725.142,40,2733.8,2791.6,2300.2
100725.182,40,2656.8,2814,2342.6
100725.222,40,2576.2,2842.8,2397.6
100725.262,40,2492.4,2869.2,2483
100725.302,40,2405,2873,2581.8
100725.342,40,2312.4,2829.2,2713.4
100725.382,40,2237.6,2735,2828.6
100725.422,40,2178.2,2625.4,2905
100725.462,40,2143.6,2532,2925.6
100725.502,40,2118.4,2468.8,2918.6
100725.542,40,2114.6,2452,2924
100725.582,40,2122.6,2480.2,2968.2
100725.622,40,2144.6,2564.8,3006.2
100725.662,40,2188.8,2678,2985.8
100725.702,40,2255.8,2811.4,2887.8
100725.742,40,2341.2,2914.6,2729.6
100725.782,40,2455.4,2955.4,2579.4
100725.822,40,2559.4,2931.8,2451.4
100725.862,40,2659.6,2862.2,2359.4
100725.902,40,2730,2776.8,2299.6
100725.942,40,2750.2,2702.8,2254.8
100725.982,40,2752.6,2673,2244
100726.022,40,2746.6,2696.6,2248.8
100726.062,40,2735.6,2745,2281.4
100726.102,40,2714.2,2813.6,2317.6
100726.142,40,2659,2882.2,2378.8
100726.182,40,2569,2923.6,2447.4
100726.222,40,2459.8,2928.8,2548.2
100726.262,40,2356.8,2865,2652.4
100726.302,40,2266.6,2756.8,2759.8
100726.342,40,2200.8,2638.4,2825.2
100726.382,40,2153.6,2538,2855.2
100726.422,40,2124.8,2472.8,2869.4
100726.462,40,2113.8,2450.8,2910.6
100726.502,40,2116.4,2474.6,2960.2
100726.542,40,2137,2539.4,3008.6
100726.582,40,2173.8,2638.8,3004.8
100726.622,40,2233.2,2760.4,2888.8
100726.662,40,2312.8,2876.4,2760
100726.702,40,2417.6,2927,2605.6
100726.742,40,2530.6,2933.2,2475.8
100726.782,40,2644.2,2877,2373.2
100726.822,40,2737.6,2804.8,2307
100726.862,40,2784,2726.2,2258.8
100726.902,40,2807.4,2685,2236
100726.942,40,2784.2,2677.2,2242.6
100726.982,40,2744.8,2711.6,2267.2
100727.022,40,2719.6,2755.4,2289.4
100727.062,40,2679.8,2827,2338.6
100727.102,40,2609.2,2895.8,2405.6
100727.142,40,2513.4,2940.4,2504.4
100727.182,40,2398,2922.8,2622.8
100727.222,40,2296.4,2836.6,2763
100727.262,40,2215.8,2695.8,2860.4
100727.302,40,2157,2563.6,2890.8
100727.342,40,2118.6,2455,2867
100727.382,40,2100.4,2385.6,2792
100727.422,40,2108,2395.2,2862.2
100727.462,40,2111.2,2447.8,2925.2
100727.502,40,2145,2554.6,2969.6
100727.542,40,2196.4,2693.6,2973.8
100727.582,40,2269.8,2842.8,2871.8
100727.622,40,2364.8,2933.6,2701.6
100727.662,40,2473.2,2956.6,2546.2
100727.702,40,2569.8,2896.4,2426.4
100727.742,40,2639,2823.2,2353.2
100727.782,40,2661.6,2726.4,2295.8
100727.822,40,2712.6,2712.6,2273.2
100727.862,40,2741.8,2720.6,2267.6
100727.902,40,2735,2762.2,2287.2
100727.942,40,2707.8,2802,2314.8
100727.982,40,2646.2,2844.2,2360.8
100728.022,40,2568.6,2876.2,2420.6
100728.062,40,2469.2,2883,2512.4
100728.102,40,2354.4,2830,2628.4
100728.142,40,2261,2742.2,2741
100728.182,40,2192.6,2626.8,2830.6
100728.222,40,2144.8,2514.4,2856.4
100728.262,40,2115.2,2441.4,2864
100728.302,40,2108,2423.4,2888.2
100728.342,40,2112.8,2461.2,2960
100728.382,40,2142.2,2545.6,3009.4
100728.422,40,2185.6,2674.8,2988.6
100728.462,40,2263,2815.6,2856.4
100728.502,40,2355.2,2899.4,2685.6
100728.542,40,2467,2918.8,2529
100728.582,40,2577.8,2870.6,2408.8
100728.622,40,2675.2,2789.6,2319.8
100728.662,40,2750.4,2702.6,2258.8
100728.702,40,2802,2626,2212.4
100728.742,40,2825,2579.8,2192.4
100728.782,40,2820.8,2583.8,2194.2
100728.822,40,2805.6,2628.6,2215
100728.862,40,2771.8,2689.2,2246.8
100728.902,40,2713.8,2763.8,2296
100728.942,40,2634,2841.4,2370.4
100728.982,40,2511,2891.8,2472.2
100729.022,40,2396.4,2881.8,2593.8
100729.062,40,2292.4,2795.2,2716.8
100729.102,40,2218.6,2682.2,2811.6
100729.142,40,2166.8,2571.2,2853.4
100729.182,40,2135.6,2487.6,2858.4
100729.222,40,2117.4,2445,2871.6
100729.262,40,2116,2462.6,2922.2
100729.302,40,2134.6,2520,2987.2
100729.342,40,2170.2,2627.6,3001.4
100729.382,40,2217,2748.4,2940.8
100729.422,40,2286.6,2847.8,2812.6
100729.462,40,2363,2893,2670.8
100729.502,40,2436.8,2900,2549.4
100729.542,40,2503.4,2861,2460.6
100729.582,40,2564.8,2821.6,2388
100729.622,40,2640.4,2820,2349
100729.662,40,2709.2,2816.6,2317
100729.702,40,2764.4,2819.2,2297.6
100729.742,40,2799.6,2824,2293.2
100729.782,40,2817.2,2836.6,2294.2
100729.822,40,2818,2862.6,2299.8
100729.862,40,2808.2,2874.4,2308.4
100729.902,40,2799,2875.8,2311
100729.942,40,2782.2,2873.2,2318
100729.982,40,2758.6,2866,2321.6
100730.022,40,2734.2,2854.8,2330
100730.062,40,2715.2,2842.8,2330.4
100730.102,40,2691.2,2831.6,2334
100730.142,40,2674.6,2824.6,2335
100730.182,40,2673,2831.8,2342.2
100730.222,40,2668.8,2845.2,2350.2
100730.262,40,2670,2860.6,2356.2
100730.302,40,2676.4,2882.8,2366.8
100730.342,40,2678.4,2899,2370.6
100730.382,40,2683.6,2919.2,2378.4
100730.422,40,2684.6,2932.6,2385.6
100730.462,40,2682.2,2943.2,2391.6
100730.502,40,2671.6,2952.6,2393.8
100730.542,40,2666.6,2958.6,2404.4
100730.582,40,2657.4,2965.6,2411.6
100730.622,40,2644,2956,2415.8
100730.662,40,2638,2956.4,2420.8
100730.702,40,2622.6,2950.6,2424.6
100730.742,40,2609.4,2942.6,2427.6
100730.782,40,2596.8,2932,2431.6
100730.822,40,2591.2,2937.8,2439.4
100730.862,40,2588.2,2943.2,2448.2
100730.902,40,2584,2953.4,2450.8
100730.942,40,2580.2,2965.2,2460.6
100730.982,40,2582,2970.2,2461.8
100731.022,40,2584.6,2981.8,2462.8
100731.062,40,2610,2990.8,2459.4
100731.102,40,2631.8,2992,2440
100731.142,40,2679,2985.6,2411
100731.182,40,2720,2965.6,2379.8
100731.222,40,2771.6,2934,2345.4
100731.262,40,2815,2888.4,2313.4
100731.302,40,2841.2,2846.2,2287.2
100731.342,40,2853.4,2817.6,2273.4
100731.382,40,2853,2799.2,2269
100731.422,40,2833.4,2800.6,2271.6
100731.462,40,2793.2,2818.8,2289.2
100731.502,40,2713,2822.4,2324.8
100731.542,40,2604.2,2822.4,2375.2
100731.582,40,2509.2,2862.8,2457.2
100731.622,40,2411.2,2913.2,2598.8
100731.662,40,2311.4,2873.8,2768.8
100731.702,40,2223.6,2751,2904.2
100731.742,40,2169,2629.4,2975.8
100731.782,40,2141.2,2546.4,2998.8
100731.822,40,2130,2518,2992.8
100731.862,40,2144.8,2559.8,2995.6
100731.902,40,2176.6,2637.4,2983.4
100731.942,40,2221.8,2764.2,2944.8
100731.982,40,2295.2,2890.6,2848.4
100732.022,40,2388.6,2986.4,2706
100732.062,40,2493,3019.4,2574.8
100732.102,40,2598.2,3002,2468.8
100732.142,40,2679,2927.4,2385.4
100732.182,40,2724.2,2874.8,2338.6
100732.222,40,2725.2,2832,2322.8
100732.262,40,2678.6,2815.6,2333
100732.302,40,2615.4,2808.8,2358.8
100732.342,40,2575.6,2857.4,2407.8
100732.382,40,2506,2909.4,2490.4
100732.422,40,2409.8,2914,2608
100732.462,40,2305.2,2846,2746.2
100732.502,40,2222.8,2719.4,2852.8
100732.542,40,2165.2,2593.8,2914
100732.582,40,2128.4,2489.6,2920.4
100732.622,40,2108,2436.6,2909.4
100732.662,40,2107,2430.6,2920.4
100732.702,40,2122.6,2477,2945.8
100732.742,40,2149.8,2565,2988.8
100732.782,40,2198.8,2699,2974
100732.822,40,2273.4,2846.6,2866.2
100732.862,40,2371.4,2940.4,2704.4
100732.902,40,2481.2,2966,2555.2
100732.942,40,2571.8,2910.2,2436.2
100732.982,40,2644.6,2832.6,2355
100733.022,40,2677.6,2760.8,2308.4
100733.062,40,2696.8,2721.8,2280.4
100733.102,40,2712,2744,2289.8
100733.142,40,2694,2797.4,2314.8
100733.182,40,2659.6,2868.4,2364.2
100733.222,40,2583.6,2927,2436.4
100733.262,40,2475.4,2948.6,2543
100733.302,40,2364,2907.4,2674.2
100733.342,40,2273.6,2804.4,2811.8
100733.382,40,2192,2668,2904.4
100733.422,40,2146,2540.2,2938.4
100733.462,40,2116.4,2447.4,2918.6
100733.502,40,2099.6,2376.8,2810.6
100733.542,40,2105.4,2419,2894.8
100733.582,40,2120.2,2476.4,2926.8
100733.622,40,2153.6,2573.4,2976.4
100733.662,40,2201.6,2700.6,2948.4
100733.702,40,2271.8,2831.6,2849.2
100733.742,40,2371.4,2951.4,2714.6
100733.782,40,2495,3005.8,2563.2
100733.822,40,2627.4,2987.6,2435.8
100733.862,40,2744.4,2908.4,2343.4
100733.902,40,2817.2,2818,2286
100733.942,40,2840,2760,2255.4
100733.982,40,2810,2752.8,2258.8
100734.022,40,2750,2763.2,2280.4
100734.062,40,2679,2796.6,2320
100734.102,40,2598.2,2829,2378.6
100734.142,40,2519.6,2866.4,2449
100734.182,40,2437.2,2900.8,2562.2
100734.222,40,2341.2,2875.2,2702
100734.262,40,2251.8,2778.4,2836.4
100734.302,40,2181.2,2641.2,2936.8
100734.342,40,2130.8,2508,2957.4
100734.382,40,2105.6,2397.6,2836.4
100734.422,40,2096.6,2371,2813.6
100734.462,40,2108.2,2436.2,2924.2
100734.502,40,2128,2494.8,2962.2
100734.542,40,2153.4,2583.6,2984.8
100734.582,40,2198.4,2697.2,2970.2
100734.622,40,2255.4,2815.8,2896.8
100734.662,40,2335.8,2930.2,2774.6
100734.702,40,2434.6,2983,2635.8
100734.742,40,2532,2993.6,2510.2
100734.782,40,2624.8,2937,2420.4
100734.822,40,2678,2869.8,2353.6
100734.862,40,2697.8,2793.4,2311.2
100734.902,40,2676.2,2771.4,2305.4
100734.942,40,2631.2,2782.6,2334.4
100734.982,40,2602.4,2804.6,2356.6
100735.022,40,2564.2,2868.4,2419.4
100735.062,40,2503.6,2912.6,2497.6
100735.102,40,2410.6,2920.6,2606
100735.142,40,2319.6,2864.8,2732.8
100735.182,40,2236.6,2754.8,2847
100735.222,40,2177.4,2626.8,2904.8
100735.262,40,2142.2,2518.8,2907.4
100735.302,40,2117,2452,2879.6
100735.342,40,2115.6,2439.8,2876.6
100735.382,40,2123.6,2475.2,2906
100735.422,40,2142,2549.6,2960.8
100735.462,40,2183.4,2656.8,2981.4
100735.502,40,2229,2768.4,2928.8
100735.542,40,2298.8,2885.4,2830.4
100735.582,40,2368.8,2921.8,2692.6
100735.622,40,2431.2,2919,2576.8
100735.662,40,2476.8,2880.6,2496
100735.702,40,2501.8,2826.4,2437
100735.742,40,2531.4,2812.4,2405.6
100735.782,40,2566.4,2838.6,2397.8
100735.822,40,2587.6,2885,2408.6
100735.862,40,2580.2,2933.4,2441.6
100735.902,40,2569,2969.8,2472
100735.942,40,2539.2,2990.6,2509.6
100735.982,40,2480.6,2987.2,2565.8
100736.022,40,2404.8,2950.2,2641
100736.062,40,2329.8,2870.6,2722.8
100736.102,40,2261.4,2766,2792.2
100736.142,40,2207.4,2664.4,2829.8
100736.182,40,2175.6,2597.4,2848.8
100736.222,40,2173.8,2602.4,2866.2
100736.262,40,2192.2,2644.4,2867.8
100736.302,40,2235,2751,2848.8
100736.342,40,2305.2,2874,2786.2
100736.382,40,2391.8,2971.8,2688
100736.422,40,2487.4,3015.6,2573.6
100736.462,40,2590.4,3005,2476.2
100736.502,40,2687.8,2981.4,2400.8
100736.542,40,2752,2926.4,2348
100736.582,40,2791,2882.4,2317.2
100736.622,40,2774.6,2861.6,2313.6
100736.662,40,2730.8,2861,2332.2
100736.702,40,2666.4,2840.4,2347.4
100736.742,40,2581.8,2828,2382.4
100736.782,40,2523,2842.4,2436.2
100736.822,40,2457.6,2883.8,2520
100736.862,40,2390.6,2897.6,2625.6
100736.902,40,2313.2,2858.6,2748.4
100736.942,40,2242.2,2781,2862.2
100736.982,40,2198.6,2697.4,2934
100737.022,40,2170.4,2626.6,2965
100737.062,40,2168.2,2628.8,2973.2
100737.102,40,2202.6,2694.2,2968.6
100737.142,40,2249.2,2813,2910.8
100737.182,40,2328.2,2929.2,2793.4
100737.222,40,2443.4,3000.6,2624.2
100737.262,40,2554,2998,2498.4
100737.302,40,2664.6,2914.6,2385.2
100737.342,40,2732,2819,2312.8
100737.382,40,2774.8,2743.2,2266.2
100737.422,40,2767.4,2675,2239.6
100737.462,40,2760.4,2661.6,2234
100737.502,40,2755,2685.6,2249.6
100737.542,40,2756.6,2734.4,2273
100737.582,40,2736.4,2811.6,2311.6
100737.622,40,2660.6,2879,2375.8
100737.662,40,2548.2,2927.8,2457.8
100737.702,40,2423,2908.4,2575.4
100737.742,40,2313,2820.4,2695
100737.782,40,2237,2695.6,2776.6
100737.822,40,2176.6,2591.8,2849.8
100737.862,40,2137.8,2509.6,2876.8
100737.902,40,2120.6,2458.2,2901.6
100737.942,40,2116.6,2461,2933.4
100737.982,40,2128.2,2508.6,2996.8
100738.022,40,2157.8,2605.4,3004
100738.062,40,2213.2,2735,2969.2
100738.102,40,2282.2,2865.4,2840.2
100738.142,40,2383.2,2944.2,2679
100738.182,40,2484.6,2932.8,2529.4
100738.222,40,2571.6,2880.8,2421.2
100738.262,40,2642.4,2800.2,2342.6
100738.302,40,2707.8,2750,2290.4
100738.342,40,2764.8,2693.6,2249.8
100738.382,40,2812.2,2692,2235.2
100738.422,40,2812.2,2738.8,2253.4
100738.462,40,2775.6,2800.8,2288.8
100738.502,40,2699.8,2852.2,2344.4
100738.542,40,2584,2877,2410.4
100738.582,40,2469,2870.4,2504.2
100738.622,40,2357,2838.4,2622
100738.662,40,2268,2767.6,2749
100738.702,40,2199.8,2666.6,2871.8
100738.742,40,2149.2,2553.4,2926.8
100738.782,40,2121.8,2478,2937.8
100738.822,40,2109.2,2439.8,2951.6
100738.862,40,2114.2,2470,2977.4
100738.902,40,2138.2,2541.8,3008
100738.942,40,2179.6,2661.8,2966.4
100738.982,40,2256,2804.8,2866
100739.022,40,2358,2914.6,2697
100739.062,40,2477,2938.8,2531.6
100739.102,40,2604.8,2890.6,2405.2
100739.142,40,2697.2,2795.4,2315.6
100739.182,40,2770,2713.2,2257.4
100739.222,40,2821.6,2648.8,2222
100739.262,40,2838.8,2616,2203.4
100739.302,40,2834.6,2638.2,2210.6
100739.342,40,2816.2,2687.2,2241
100739.382,40,2770.2,2755.6,2279.4
100739.422,40,2687.4,2826.6,2334.4
100739.462,40,2588.4,2894.4,2415.6
100739.502,40,2470,2909.2,2521.6
100739.542,40,2357.4,2867.4,2653.4
100739.582,40,2263.4,2766.8,2764.6
100739.622,40,2197,2651.8,2861.6
100739.662,40,2143,2542,2900
100739.702,40,2122.6,2465.2,2907.4
100739.742,40,2109.8,2445.6,2931.8
100739.782,40,2125.4,2495.4,2993.6
100739.822,40,2155,2581.8,3013
100739.862,40,2196.8,2689.8,2951.6
100739.902,40,2258.6,2798.4,2826.6
100739.942,40,2343.6,2862.2,2677.8
100739.982,40,2440.2,2866.2,2523.6
100740.022,40,2544.4,2842.6,2416.4
100740.062,40,2675.8,2818.2,2337
100740.102,40,2792.6,2770.4,2274.2
100740.142,40,2869.2,2707.2,2230
100740.182,40,2916.4,2682,2210.2
100740.222,40,2927,2694,2210.2
100740.262,40,2904.2,2746.4,2238.2
100740.302,40,2838.4,2783,2265.2
100740.342,40,2739.4,2814.8,2308.8
100740.382,40,2626,2825.2,2363.2
100740.422,40,2539.8,2860,2432.4
100740.462,40,2470.2,2930.2,2541.2
100740.502,40,2374.8,2928,2674.2
100740.542,40,2281.8,2847,2818
100740.582,40,2211.4,2716.8,2919
100740.622,40,2160.4,2591.8,2950.8
100740.662,40,2130.6,2504,2939.6
100740.702,40,2118.6,2462.6,2920.6
100740.742,40,2122.6,2486.2,2946.2
100740.782,40,2152.6,2573,2978.8
100740.822,40,2203,2702.4,2977.2
100740.862,40,2264.2,2837.4,2884.2
100740.902,40,2366.2,2961.2,2726.2
100740.942,40,2491.4,2992.8,2556.8
100740.982,40,2617.2,2940.8,2428.2
100741.022,40,2698.4,2839.4,2334.8
100741.062,40,2750.6,2731,2271
100741.102,40,2767.2,2656.4,2232.2
100741.142,40,2789.2,2631.4,2220.6
100741.182,40,2799.8,2647.6,2222.8
100741.222,40,2780,2701.6,2250.4
100741.262,40,2741.8,2755.6,2284
100741.302,40,2672,2824.2,2342.4
100741.342,40,2583.6,2877.4,2410
100741.382,40,2471,2892.8,2512.6
100741.422,40,2365.4,2850.2,2627.6
100741.462,40,2282,2765.2,2736.2
100741.502,40,2206,2660.4,2830.8
100741.542,40,2155.8,2553.2,2883.2
100741.582,40,2123,2473.4,2896.2
100741.622,40,2110.8,2429.8,2903
100741.662,40,2111.4,2446.2,2947
100741.702,40,2124,2500.4,3006.2
100741.742,40,2154.2,2589.4,3021.6
100741.782,40,2206.6,2711,2934.6
100741.822,40,2284.6,2838,2803.8
100741.862,40,2386.4,2906.2,2638.4
100741.902,40,2494.4,2912.8,2500.4
100741.942,40,2603.6,2865.4,2397
100741.982,40,2688.2,2797.8,2322
100742.022,40,2738.6,2719.6,2268.2
100742.062,40,2776,2681.2,2238.4
100742.102,40,2778.8,2676.2,2241.2
100742.142,40,2750,2714.2,2263
100742.182,40,2716.6,2751.6,2294.8
100742.222,40,2662.2,2802.8,2333.8
100742.262,40,2589,2844.8,2390
100742.302,40,2498.6,2873,2475.2
100742.342,40,2400,2856,2576.4
100742.382,40,2309,2793,2688.4
100742.422,40,2236,2711.6,2792
100742.462,40,2179.8,2609,2852.8
100742.502,40,2142.8,2522.8,2885.8
100742.542,40,2124.4,2470.4,2897.2
100742.582,40,2116.6,2463.2,2927.6
100742.622,40,2131.8,2520.2,3004.4
100742.662,40,2163.6,2611.4,3026
100742.702,40,2217.8,2738.6,2943.4
100742.742,40,2295.8,2860.4,2798.6
100742.782,40,2397.6,2915.6,2621.4
100742.822,40,2515.2,2892.4,2476.8
100742.862,40,2616.6,2827.6,2368.8
100742.902,40,2703.8,2749,2294.6
100742.942,40,2789,2680.6,2239.6
100742.982,40,2837.6,2622.4,2204
100743.022,40,2851.6,2611.8,2197.4
100743.062,40,2839.4,2650.4,2215.8
100743.102,40,2805.2,2711.8,2250
100743.142,40,2736.8,2760.4,2286.4
100743.182,40,2653.2,2815,2344.6
100743.222,40,2558,2862,2424
100743.262,40,2448,2870.8,2520.2
100743.302,40,2352.2,2842.4,2641
100743.342,40,2271.2,2769.8,2756.6
100743.382,40,2203.2,2662.2,2852.6
100743.422,40,2157,2560.2,2894.4
100743.462,40,2121.4,2474,2902.6
100743.502,40,2113.2,2440.4,2913
100743.542,40,2112.6,2452.6,2942
100743.582,40,2132.2,2512.2,3003.2
100743.622,40,2160.8,2610.2,3006.8
100743.662,40,2218.8,2735,2917.8
100743.702,40,2295.6,2853,2782.6
100743.742,40,2388.6,2901,2625.4
100743.782,40,2490.4,2902.4,2496.4
100743.822,40,2586.6,2848.8,2395.2
100743.862,40,2666.2,2789.4,2325.2
100743.902,40,2751.8,2742.6,2271.8
100743.942,40,2807,2701.6,2241.4
100743.982,40,2839.2,2699,2235
100744.022,40,2834.2,2722.6,2246
100744.062,40,2802,2763.6,2268.2
100744.102,40,2732.4,2789.8,2303.8
100744.142,40,2641.4,2815.8,2353.2
100744.182,40,2554.6,2857.6,2421.6
100744.222,40,2465,2891.4,2519
100744.262,40,2371.2,2896.2,2651.6
100744.302,40,2280.8,2814.2,2778.4
100744.342,40,2206.8,2694.2,2879.2
100744.382,40,2158.8,2571.6,2910.8
100744.422,40,2125,2473.2,2895.6
100744.462,40,2105.6,2416.4,2874.2
100744.502,40,2103.8,2416.2,2890.6
100744.542,40,2121,2468.2,2946
100744.582,40,2144.8,2561.2,2996.6
100744.622,40,2189,2682.2,2997.6
100744.662,40,2252.2,2816.4,2900
100744.702,40,2338.8,2931.2,2764.2
100744.742,40,2434.6,2963.2,2608.2
100744.782,40,2523,2937.2,2490.8
100744.822,40,2592.6,2860.4,2396.6
100744.862,40,2630.6,2791,2344.6
100744.902,40,2682.8,2770,2310
100744.942,40,2716.4,2767.6,2294.4
100744.982,40,2719,2805.6,2311.2
100745.022,40,2700,2846.8,2344
100745.062,40,2653.4,2875,2372.8
100745.102,40,2589.6,2887.6,2415.8
100745.142,40,2504.2,2883.8,2475.6
100745.182,40,2427.2,2859.6,2542.2
100745.222,40,2359.2,2846,2630.4
100745.262,40,2300.4,2805,2724.6
100745.302,40,2237.2,2734.2,2809.2
100745.342,40,2194.4,2641.2,2864
100745.382,40,2160.8,2561,2878.2
100745.422,40,2137.2,2500.4,2877.8
100745.462,40,2125,2465.4,2869.2
100745.502,40,2125.2,2482,2891.4
100745.542,40,2143.4,2537.2,2931
100745.582,40,2175.2,2635.6,2962.6
100745.622,40,2222.2,2766.6,2949.6
100745.662,40,2293.8,2872.8,2842.2
100745.702,40,2383,2972.4,2699.4
100745.742,40,2488.2,2993.4,2560
100745.782,40,2581,2938.4,2443.4
100745.822,40,2648.8,2863.4,2370.8
100745.862,40,2685.6,2776.8,2315.2
100745.902,40,2703.6,2723.6,2279.8
100745.942,40,2748.2,2723.6,2267.8
100745.982,40,2753.8,2751.4,2280
100746.022,40,2738.2,2796,2305.4
100746.062,40,2685.6,2832.6,2343.2
100746.102,40,2603.8,2855.6,2386.2
100746.142,40,2513.2,2873.6,2457.6
100746.182,40,2430,2885.4,2554.6
100746.222,40,2348.2,2858,2676.4
100746.262,40,2269.8,2782.2,2786.2
100746.302,40,2203.2,2670.6,2866.2
100746.342,40,2155,2559.6,2890
100746.382,40,2131.4,2483.6,2881.4
100746.422,40,2110.2,2439.8,2875.2
100746.462,40,2109.4,2438.6,2901
100746.502,40,2122.2,2492,2965.8
100746.542,40,2154.2,2587.4,3015.8
100746.582,40,2198.8,2705.2,2980
100746.622,40,2267.6,2848,2872.2
100746.662,40,2362.8,2942.2,2712.8
100746.702,40,2468.2,2954.4,2559.4
100746.742,40,2568.6,2916.4,2444.8
100746.782,40,2649.6,2845.8,2361.2
100746.822,40,2696.4,2767.6,2299.6
100746.862,40,2745.6,2718.2,2265
100746.902,40,2780,2690.2,2245
100746.942,40,2801.8,2698.6,2237.8
100746.982,40,2795.8,2737.6,2262.8
100747.022,40,2770.4,2766.8,2281.2
100747.062,40,2704.4,2800.4,2316.2
100747.102,40,2631.2,2832.8,2365.8
100747.142,40,2546.6,2869.8,2436.8
100747.182,40,2468.4,2903.4,2525
100747.222,40,2375.2,2888.4,2637.4
100747.262,40,2294.4,2820,2754.6
100747.302,40,2230.2,2721,2839.4
100747.342,40,2181.4,2614.2,2890.4
100747.382,40,2146.4,2527,2900.2
100747.422,40,2126.2,2474,2892.4
100747.462,40,2123.4,2473,2904.8
100747.502,40,2135.6,2520.8,2963
100747.542,40,2167.6,2612.4,2996.6
100747.582,40,2208.8,2729,2976.2
100747.622,40,2279,2852.8,2876.2
100747.662,40,2368.4,2967.6,2734.2
100747.702,40,2473.6,2998,2586.4
100747.742,40,2577.2,2953.6,2458.8
100747.782,40,2656,2875.4,2371.8
100747.822,40,2706.4,2804.2,2315.2
100747.862,40,2728.8,2737.2,2279.2
100747.902,40,2745,2707.4,2258.8
100747.942,40,2748.2,2718,2263.8
100747.982,40,2739.4,2756.6,2285.4
100748.022,40,2712.2,2798.4,2315.8
100748.062,40,2646.8,2838.6,2358.2
100748.102,40,2559.8,2867.2,2422.6
100748.142,40,2470,2886.2,2512.6
100748.182,40,2379.6,2881,2624.4
100748.222,40,2299.2,2817.2,2738.8
100748.262,40,2227.4,2711.4,2836.4
100748.302,40,2176.4,2606,2878.4
100748.342,40,2142,2518.6,2896.4
100748.382,40,2124.8,2481.4,2911.2
100748.422,40,2136,2512.4,2967
100748.462,40,2159.8,2598.8,3014
100748.502,40,2207.4,2716,2970.8
100748.542,40,2275.8,2857.8,2859.2
100748.582,40,2373.4,2932.4,2688
100748.622,40,2467,2932.8,2538.8
100748.662,40,2555.4,2863.6,2424.2
100748.702,40,2625.2,2786.2,2340.2
100748.742,40,2720.2,2750.4,2290
100748.782,40,2796.8,2716.2,2250.2
100748.822,40,2856.6,2687.4,2228
100748.862,40,2879.8,2706.6,2226.8
100748.902,40,2860.8,2755.8,2251.8
100748.942,40,2792.2,2801.8,2287.8
100748.982,40,2682.2,2825.4,2335
100749.022,40,2561.2,2816,2397
100749.062,40,2490.2,2879.2,2487.6
100749.102,40,2400,2905.6,2608.6
100749.142,40,2310.2,2846.2,2750.4
100749.182,40,2230.4,2733.6,2868
100749.222,40,2170.6,2610,2922.8
100749.262,40,2134.2,2505,2916
100749.302,40,2112,2446.8,2902.8
100749.342,40,2113.8,2450.8,2930.2
100749.382,40,2134,2516.2,2980
100749.422,40,2170.2,2627.4,3000.6
100749.462,40,2231.8,2774,2933.8
100749.502,40,2319.4,2904.2,2787.2
100749.542,40,2419,2950.6,2619.6
100749.582,40,2518.8,2922.6,2486.2
100749.622,40,2592.2,2850.4,2389
100749.662,40,2631.8,2768.6,2329.4
100749.702,40,2704.4,2765.4,2297.8
100749.742,40,2749.4,2767.2,2284.4
100749.782,40,2753.4,2798.6,2297
100749.822,40,2726.2,2829,2322.2
100749.862,40,2666.4,2860.4,2361.4
100749.902,40,2585,2872.8,2412.8
100749.942,40,2491.6,2860.4,2474.2
100749.982,40,2421.8,2882.8,2567.4
100750.022,40,2338,2863.4,2690.6
100750.062,40,2265.6,2777.8,2796.4
100750.102,40,2200,2664,2867.6
100750.142,40,2155.8,2552.2,2892.4
100750.182,40,2128,2475.8,2877.2
100750.222,40,2115.8,2431.4,2875
100750.262,40,2111,2451.4,2921.8
100750.302,40,2131.8,2522.4,2997.4
100750.342,40,2167.6,2625,3001.4
100750.382,40,2226.4,2766.4,2940.4
100750.422,40,2312.6,2892.8,2796.8
100750.462,40,2407.6,2923.2,2610.6
100750.502,40,2513.8,2910.2,2480
100750.542,40,2602,2824.4,2375.2
100750.582,40,2662.2,2739.8,2303.4
100750.622,40,2747.8,2700.8,2259.6
100750.662,40,2807,2672.2,2227.4
100750.702,40,2828.8,2672.4,2225.6
100750.742,40,2808.6,2722,2250
100750.782,40,2750.2,2764.6,2283.4
100750.822,40,2648.6,2802.2,2341
100750.862,40,2555.6,2860.6,2420.4
100750.902,40,2455.6,2909.8,2538.2
100750.942,40,2351,2874.2,2678
100750.982,40,2258,2778.4,2818
100751.022,40,2187.8,2650.6,2909.2
100751.062,40,2144,2541.8,2948
100751.102,40,2118.2,2470.4,2951.4
100751.142,40,2114.2,2456.8,2967.6
100751.182,40,2122,2494.8,3004
100751.222,40,2157.2,2591.8,3008.2
100751.262,40,2213.4,2730.4,2960.6
100751.302,40,2294.4,2871,2819.6
100751.342,40,2409.6,2974.8,2658.8
100751.382,40,2540.8,2982.8,2503.2
100751.422,40,2659.4,2912,2384.4
100751.462,40,2761.2,2837.4,2311
100751.502,40,2816.2,2753,2258.2
100751.542,40,2829.6,2707,2239.2
100751.582,40,2800.6,2697.6,2240.2
100751.622,40,2739.4,2701,2256.6
100751.662,40,2700.4,2734.6,2287.8
100751.702,40,2667.4,2808,2336.6
100751.742,40,2601.8,2882.6,2399.4
100751.782,40,2507.8,2922,2501.6
100751.822,40,2390.4,2887.8,2616.2
100751.862,40,2295.2,2788.6,2712.2
100751.902,40,2214.4,2670,2796.6
100751.942,40,2162.2,2558.6,2851.6
100751.982,40,2127.2,2473.2,2868.4
100752.022,40,2106.8,2417.8,2877.6
100752.062,40,2098,2399.6,2879
100752.102,40,2114.4,2450,2964.6
100752.142,40,2130.4,2515.2,3016.8
100752.182,40,2169.4,2629.2,3002.2
100752.222,40,2224.8,2752.2,2920.6
100752.262,40,2302.6,2851.2,2761.6
100752.302,40,2396.4,2913.8,2625.2
100752.342,40,2490.4,2909.6,2502.8
100752.382,40,2581.8,2878.4,2416
100752.422,40,2643,2819.4,2350.8
100752.462,40,2698.6,2788.2,2308.8
100752.502,40,2728.6,2770.8,2294.6
100752.542,40,2736.6,2775.4,2292.6
100752.582,40,2718.4,2802.2,2307.8
100752.622,40,2706.8,2817.8,2320
100752.662,40,2672.6,2832.2,2343.4
100752.702,40,2624.4,2839.6,2369.6
100752.742,40,2562.2,2847.4,2412.2
100752.782,40,2503.2,2869,2464.6
100752.822,40,2434.6,2890.8,2555.2
100752.862,40,2363.6,2871,2647.6
100752.902,40,2293.2,2815.6,2748.4
100752.942,40,2231.8,2707.2,2819.8
100752.982,40,2176.8,2602.4,2865.6
100753.022,40,2142,2512.4,2877.4
100753.062,40,2119.8,2454.4,2869.6
100753.102,40,2116,2443,2894.4
100753.142,40,2118,2468.8,2928.8
100753.182,40,2142.2,2543.2,2983.6
100753.222,40,2175.4,2644.8,3000.8
100753.262,40,2230.6,2780.8,2961.4
100753.302,40,2299.8,2873.4,2810.6
100753.342,40,2379.8,2911.6,2651.8
100753.382,40,2456.2,2901.6,2533.4
100753.422,40,2515,2839.6,2440.6
100753.462,40,2595,2832.6,2379.2
100753.502,40,2671,2847.4,2347
100753.542,40,2724.2,2856.6,2331
100753.582,40,2733,2874.2,2335.6
100753.622,40,2716.8,2909.6,2359.2
100753.662,40,2683.8,2920,2375.8
100753.702,40,2613.8,2904.4,2410.4
100753.742,40,2510.8,2849.6,2446.8
100753.782,40,2456.2,2873.2,2515.8
100753.822,40,2399.2,2909.6,2619.4
100753.862,40,2327.6,2886,2737.2
100753.902,40,2260.4,2806.8,2848
100753.942,40,2203.4,2696.2,2907
100753.982,40,2165,2588.8,2926.8
100754.022,40,2137,2505.6,2902
100754.062,40,2121.4,2454.8,2872
100754.102,40,2122,2455.4,2860.4
100754.142,40,2129,2496,2889
100754.182,40,2156,2567.8,2936.8
100754.222,40,2189,2677.8,2973.4
100754.262,40,2236.8,2797.4,2943.4
100754.302,40,2306,2919.2,2839.8
100754.342,40,2392.6,2962.6,2679.2
100754.382,40,2473.8,2951.6,2551
100754.422,40,2537.4,2901,2457
100754.462,40,2561.2,2821.6,2393.2
100754.502,40,2630,2816.8,2359
100754.542,40,2671.4,2837.4,2340
100754.582,40,2695.4,2874.8,2351.8
100754.622,40,2671.6,2908.2,2377.8
100754.662,40,2632.8,2924,2411.6
100754.702,40,2558.8,2917.2,2451.4
100754.742,40,2472.4,2881.6,2503.2
100754.782,40,2404.6,2853.2,2567
100754.822,40,2347.6,2849.4,2664.4
100754.862,40,2284.8,2820,2767.6
100754.902,40,2226.4,2740.4,2859
100754.942,40,2186.4,2646.4,2904.6
100754.982,40,2152,2554.2,2914.2
100755.022,40,2132.8,2493.4,2905.6
100755.062,40,2117.2,2458.6,2883.2
100755.102,40,2115.8,2458.6,2886.8
100755.142,40,2128,2492.2,2900.2
100755.182,40,2149.2,2563,2948.8
100755.222,40,2188,2683.6,2990
100755.262,40,2244,2799.2,2939.6
100755.302,40,2313,2908.6,2810.2
100755.342,40,2394,2959.8,2668.4
100755.382,40,2470,2945,2547.4
100755.422,40,2521.8,2874,2453
100755.462,40,2555.2,2819.6,2393.8
100755.502,40,2636,2836.6,2360.6
100755.542,40,2686,2858.6,2350
100755.582,40,2691,2893.2,2360.6
100755.622,40,2674.8,2926,2384.6
100755.662,40,2635.2,2942.4,2416.2
100755.702,40,2562.6,2927.2,2452.6
100755.742,40,2481,2886,2497.6
100755.782,40,2416.4,2846.6,2548
100755.822,40,2370,2873,2630.6
100755.862,40,2322.8,2861.6,2726.4
100755.902,40,2264,2797,2814
100755.942,40,2211,2714.2,2881.2
100755.982,40,2177,2621,2914.4
100756.022,40,2148.4,2548.6,2912.6
100756.062,40,2135.8,2510,2909.8
100756.102,40,2134.4,2513.6,2907
100756.142,40,2147.8,2555.8,2940
100756.182,40,2179.4,2650.8,2964.4
100756.222,40,2217.4,2751.8,2962.6
100756.262,40,2266.8,2845.4,2888
100756.302,40,2335.6,2922.2,2762.8
100756.342,40,2409.4,2959.4,2652.2
100756.382,40,2465,2947.8,2556.8
100756.422,40,2499.6,2896.4,2483.2
100756.462,40,2523.8,2846.2,2439.2
100756.502,40,2557.2,2847.6,2414
100756.542,40,2583.2,2879.6,2412.6
100756.582,40,2585.4,2924,2436.2
100756.622,40,2568.8,2953.2,2462
100756.662,40,2526.6,2963,2503.6
100756.702,40,2464.6,2933.2,2554.2
100756.742,40,2393.4,2899.6,2618
100756.782,40,2323.2,2824.2,2681.2
100756.822,40,2263.4,2747.2,2751.6
100756.862,40,2217.2,2680.4,2813.2
100756.902,40,2182.4,2617.6,2867.8
100756.942,40,2157,2576.8,2913.2
100756.982,40,2148,2570.2,2949
100757.022,40,2161.6,2611,2976.8
100757.062,40,2191.4,2686.6,2983.2
100757.102,40,2232,2776.6,2942.6
100757.142,40,2292,2860.4,2822.4
100757.182,40,2352.6,2907.8,2698.8
100757.222,40,2417.2,2925.2,2602.2
100757.262,40,2472.4,2915.8,2525.4
100757.302,40,2506.2,2862.6,2459.2
100757.342,40,2530.8,2841.4,2423.4
100757.382,40,2574.4,2865.6,2411.2
100757.422,40,2592.4,2901.2,2419.2
100757.462,40,2580.4,2939.6,2441.6
100757.502,40,2568.8,2970.6,2475
100757.542,40,2532.4,2988,2511.4
100757.582,40,2474.6,2976,2571.8
100757.622,40,2392.4,2930.4,2643.4
100757.662,40,2313.4,2837.2,2716.4
100757.702,40,2244.4,2728,2775.2
100757.742,40,2197.4,2633,2828.6
100757.782,40,2158.2,2558.4,2860.6
100757.822,40,2138,2513,2883.2
100757.862,40,2133.4,2503.8,2933.2
100757.902,40,2141.8,2538.2,2966.6
100757.942,40,2164.2,2610,3006.4
100757.982,40,2195,2692.4,2985.6
100758.022,40,2241.8,2780.2,2892.8
100758.062,40,2304,2866.2,2788
100758.102,40,2373.6,2914,2667
100758.142,40,2448,2931,2567.2
100758.182,40,2520.2,2901.6,2474.6
100758.222,40,2580.4,2887.4,2423
100758.262,40,2622.8,2854,2377.4
100758.302,40,2640.8,2839.2,2358
100758.342,40,2634.4,2847.4,2366
100758.382,40,2608.4,2875.6,2395.2
100758.422,40,2587.8,2912.2,2425
100758.462,40,2553.2,2940.2,2468.6
100758.502,40,2495.4,2965.8,2533.8
100758.542,40,2420.8,2961,2626.4
100758.582,40,2337.8,2897.4,2729.8
100758.622,40,2262.4,2795.6,2817
100758.662,40,2200.6,2669.4,2863.8
100758.702,40,2165.2,2561.6,2854.2
100758.742,40,2138.8,2496.8,2844.2
100758.782,40,2130.8,2471.8,2848.6
100758.822,40,2136.4,2501.8,2875.4
100758.862,40,2155.4,2569.2,2918.6
100758.902,40,2184.6,2652.6,2943.4
100758.942,40,2228.4,2763.6,2920
100758.982,40,2283.8,2866.6,2859.6
100759.022,40,2354.6,2954.6,2751.4
100759.062,40,2434.8,3010.4,2642.2
100759.102,40,2513,3007.4,2545.4
100759.142,40,2561.4,2959.4,2471.6
100759.182,40,2586.8,2898,2420.4
100759.222,40,2575.4,2853.4,2401.8
100759.262,40,2535.6,2833.8,2416.8
100759.302,40,2527,2891.2,2456.2
100759.342,40,2513.2,2944.4,2506.4
100759.382,40,2472.6,2974,2567.8
100759.422,40,2409.2,2975,2659.6
100759.462,40,2335.6,2907.6,2750.2
100759.502,40,2256.2,2793.6,2833.6
100759.542,40,2198.2,2666.8,2880.2
100759.582,40,2160,2554.8,2877
100759.622,40,2128.6,2474.6,2852.4
100759.662,40,2113.6,2435.2,2840.8
100759.702,40,2117.4,2440.8,2850.4
100759.742,40,2131.4,2487.6,2893.4
100759.782,40,2159.4,2575.4,2926.8
100759.822,40,2203.2,2695,2925.8
100759.862,40,2268.8,2837.8,2868
100759.902,40,2355.8,2956.2,2748.4
100759.942,40,2467.6,3023,2610
100759.982,40,2585.6,3019.2,2482.2
100760.022,40,2692.8,2968.8,2392.4
100760.062,40,2759.6,2883.6,2331.8
100760.102,40,2772.2,2825.8,2302.2
100760.142,40,2727.6,2803,2308.2
100760.182,40,2653.8,2798,2337.2
100760.222,40,2602,2835.8,2379.2
100760.262,40,2553.4,2899.2,2441.8
100760.302,40,2482.4,2961.6,2543.6
100760.342,40,2377.4,2938.2,2677.8
100760.382,40,2284.4,2853.4,2812.2
100760.422,40,2209.8,2714.4,2918.8
100760.462,40,2160.8,2588.6,2956
100760.502,40,2129.2,2493.6,2942.6
100760.542,40,2112,2436.8,2907.6
100760.582,40,2106.8,2430,2901.6
100760.622,40,2118.4,2460.4,2919
100760.662,40,2135.8,2518,2958
100760.702,40,2165,2609,2986.8
100760.742,40,2201.2,2716.8,2969.4
100760.782,40,2265.4,2836.2,2902.4
100760.822,40,2340,2941.2,2781.8
100760.862,40,2431.4,3010,2653.2
100760.902,40,2526.6,3012,2534.8
100760.942,40,2607.2,2968.2,2445.2
100760.982,40,2664.4,2900.6,2381.6
100761.022,40,2677.6,2855.6,2350.4
100761.062,40,2646,2842.6,2356.4
100761.102,40,2601,2837.6,2382
100761.142,40,2569.8,2869.6,2413.4
100761.182,40,2517.4,2899.8,2474.4
100761.222,40,2450.4,2923.6,2557
100761.262,40,2372.4,2896.4,2654
100761.302,40,2288,2819.4,2764.8
100761.342,40,2219.8,2710.4,2850.6
100761.382,40,2168.6,2593.8,2894
100761.422,40,2131.6,2494,2888.4
100761.462,40,2110.8,2430.6,2872.6
100761.502,40,2103,2402,2833.6
100761.542,40,2110.4,2424.8,2893
100761.582,40,2124,2481.8,2938.8
100761.622,40,2153.2,2572.6,2983.6
100761.662,40,2192.2,2685.8,2980.6
100761.702,40,2251.8,2819,2901.2
100761.742,40,2339.2,2943.6,2777.4
100761.782,40,2445.4,3011.8,2630.2
100761.822,40,2546.8,2989.8,2503.4
100761.862,40,2628.2,2928,2409.6
100761.902,40,2683.2,2862,2352.6
100761.942,40,2682.8,2805.8,2330.4
100761.982,40,2625.4,2784.2,2339.4
100762.022,40,2612.2,2844.2,2379
100762.062,40,2582.2,2915,2440
100762.102,40,2510.6,2961.2,2515.6
100762.142,40,2426.2,2973,2632.6
100762.182,40,2333.2,2908.4,2749.2
100762.222,40,2253.4,2804.4,2864.8
100762.262,40,2190,2672,2937.2
100762.302,40,2152.4,2562.4,2950.8
100762.342,40,2123,2486.6,2931.2
100762.382,40,2115,2449.8,2901
100762.422,40,2118,2453.4,2901.2
100762.462,40,2127.2,2490.2,2915.6
100762.502,40,2156.6,2577.8,2957
100762.542,40,2203.6,2701.2,2945.6
100762.582,40,2268.8,2844.8,2870.6
100762.622,40,2364.6,2964,2743.6
100762.662,40,2474,3018.2,2603.2
100762.702,40,2597.2,3026.6,2484
100762.742,40,2693.4,2966.2,2392.4
100762.782,40,2741.2,2886.8,2336.2
100762.822,40,2738.8,2826.2,2312.8
100762.862,40,2697.8,2806.2,2328.4
100762.902,40,2620.4,2797.8,2344.4
100762.942,40,2602.2,2851.6,2383
100762.982,40,2558.8,2918.4,2455.6
100763.022,40,2481.2,2956.6,2547
100763.062,40,2385.2,2949,2671.8
100763.102,40,2300,2869.4,2798.4
100763.142,40,2225.4,2751,2903.8
100763.182,40,2168.4,2628.2,2957.4
100763.222,40,2137.2,2526.8,2953.6
100763.262,40,2118.4,2457.6,2927.8
100763.302,40,2111.2,2423.8,2892.6
100763.342,40,2110.6,2430,2897.4
100763.382,40,2115.8,2461.2,2914.4
100763.422,40,2140.6,2528,2953
100763.462,40,2175.2,2635.8,2971.6
100763.502,40,2229,2773.4,2943.6
100763.542,40,2297.4,2887.4,2837.6
100763.582,40,2385.2,2979.4,2713.6
100763.622,40,2496.6,3020.4,2579
100763.662,40,2597.6,3012.2,2472.6
100763.702,40,2673.6,2942,2392
100763.742,40,2708.6,2869.6,2345.6
100763.782,40,2681.8,2824.4,2335.6
100763.822,40,2608.6,2797.6,2351.8
100763.862,40,2594.4,2847.4,2393.2
100763.902,40,2560.2,2920.2,2454.4
100763.942,40,2488,2961.6,2542.8
100763.982,40,2396,2955.2,2662.2
100764.022,40,2307.4,2880,2783.8
100764.062,40,2231.2,2754.4,2889.4
100764.102,40,2174.4,2626.8,2928.6
100764.142,40,2138.6,2522.4,2925.8
100764.182,40,2114.6,2446.2,2897.2
100764.222,40,2104,2412.8,2862.6
100764.262,40,2108.4,2419.6,2854.8
100764.302,40,2118.2,2456.2,2883.2
100764.342,40,2139.8,2518.8,2923.6
100764.382,40,2169.6,2626.4,2944.8
100764.422,40,2230.8,2768,2923
100764.462,40,2307.6,2888.4,2812
100764.502,40,2396,2993,2694.2
100764.542,40,2509.4,3034.2,2566
100764.582,40,2623.2,3014.6,2456
100764.622,40,2712.2,2965.4,2382.8
100764.662,40,2756.4,2881.2,2330.6
100764.702,40,2749.6,2834,2311.8
100764.742,40,2688.4,2826.6,2335.4
100764.782,40,2629.6,2807.4,2355
100764.822,40,2586.4,2852.6,2402.6
100764.862,40,2540,2926.2,2474.4
100764.902,40,2454.6,2958.2,2578.4
100764.942,40,2360.4,2934.6,2708
100764.982,40,2271.8,2839.4,2841.2
100765.022,40,2199.8,2702.6,2923.4
100765.062,40,2159.6,2581,2962
100765.102,40,2124,2485.4,2954.8
100765.142,40,2105,2426,2906
100765.182,40,2101.8,2400.6,2828
100765.222,40,2113.2,2435.2,2881.4
100765.262,40,2124.6,2488.4,2906.6
100765.302,40,2162.2,2594.8,2941.6
100765.342,40,2213.2,2735.6,2920.4
100765.382,40,2297,2881,2833.2
100765.422,40,2387.6,2983.6,2699
100765.462,40,2503.6,3026.2,2570
100765.502,40,2615.4,3004,2462
100765.542,40,2712.6,2964.2,2379.6
100765.582,40,2747.2,2872.8,2330.2
100765.622,40,2743.2,2833,2313.8
100765.662,40,2689.2,2829,2336.8
100765.702,40,2611.2,2803.2,2359.4
100765.742,40,2567.6,2824.2,2392.6
100765.782,40,2530.2,2882,2447
100765.822,40,2483.6,2934.2,2528.8
100765.862,40,2405.4,2957.2,2649.8
100765.902,40,2322.2,2911.2,2780.8
100765.942,40,2247.6,2799.6,2898.2
100765.982,40,2184,2668.2,2973.2
100766.022,40,2142.6,2547.4,2981.2
100766.062,40,2112.4,2456.4,2939.2
100766.102,40,2101.6,2399.8,2822.8
100766.142,40,2105,2412.8,2833.4
100766.182,40,2119.6,2449.8,2860.6
100766.222,40,2140,2518.2,2874.6
100766.262,40,2177,2622.2,2868.4
100766.302,40,2240.4,2746.4,2830.6
100766.342,40,2323.6,2870.8,2740.4
100766.382,40,2422.4,2976.6,2633.2
100766.422,40,2540.4,3018.8,2520.6
100766.462,40,2644.4,2981.4,2422.8
100766.502,40,2727.2,2922.6,2356.6
100766.542,40,2787.6,2880.4,2315.6
100766.582,40,2796.8,2861.8,2307
100766.622,40,2749.8,2864.2,2326.2
100766.662,40,2666.2,2857.4,2355
100766.702,40,2573.2,2840,2394.2
100766.742,40,2493,2830.2,2446.6
100766.782,40,2433.8,2848.4,2518.4
100766.822,40,2375.4,2872.4,2622.2
100766.862,40,2308.2,2861.8,2761.8
100766.902,40,2239.6,2784.6,2884.8
100766.942,40,2186,2676.8,2978.8
100766.982,40,2149.2,2570.4,2996.8
100767.022,40,2122.8,2481.8,2978.4
100767.062,40,2106.2,2434.4,2943.6
100767.102,40,2104.4,2422.6,2903.4
100767.142,40,2120,2470,2930.8
100767.182,40,2141,2529.2,2934.2
100767.222,40,2179.4,2628.2,2923
100767.262,40,2230.6,2755.2,2867.6
100767.302,40,2311,2875.8,2767
100767.342,40,2412.2,2961.4,2644.2
100767.382,40,2523.2,2995,2524.4
100767.422,40,2636,2985.2,2434
100767.462,40,2728.4,2933.2,2363.4
100767.502,40,2790.4,2883.8,2316.8
100767.542,40,2802.4,2854.2,2300.6
100767.582,40,2771,2864.2,2315
100767.622,40,2712.4,2873,2340.2
100767.662,40,2635.4,2878,2380.8
100767.702,40,2541.6,2876.2,2435.4
100767.742,40,2453.4,2866.2,2513.8
100767.782,40,2367.2,2843.2,2611.8
100767.822,40,2289.6,2807.8,2745.2
100767.862,40,2220.8,2715.8,2869.4
100767.902,40,2164.6,2604.6,2951.6
100767.942,40,2131.8,2508.4,2981.6
100767.982,40,2107,2433.4,2949.8
100768.022,40,2101.4,2410,2889
100768.062,40,2106.4,2438.6,2953.6
100768.102,40,2123.4,2494.6,2977.6
100768.142,40,2155.8,2580.4,2988.6
100768.182,40,2195.4,2695.4,2957.4
100768.222,40,2265.2,2815.8,2862
100768.262,40,2345.2,2927.4,2735
100768.302,40,2453,2988.8,2601.4
100768.342,40,2567.2,2986.4,2481.6
100768.382,40,2664.6,2928.8,2387.2
100768.422,40,2742.4,2857.8,2327.4
100768.462,40,2778.8,2799.2,2288
100768.502,40,2783.2,2771.6,2274
100768.542,40,2744,2782.6,2293.6
100768.582,40,2689.4,2793.6,2318.2
100768.622,40,2613.4,2799.8,2352.2
100768.662,40,2535.4,2834.8,2415
100768.702,40,2453.4,2858,2500.2
100768.742,40,2376.8,2867.6,2617.2
100768.782,40,2287.2,2822.4,2768.6
100768.822,40,2216.8,2717.8,2889.6
100768.862,40,2156.4,2594.6,2967.6
100768.902,40,2127,2495.8,2964.2
100768.942,40,2103.4,2422.6,2920.8
100768.982,40,2103.6,2392.4,2822.4
100769.022,40,2112,2430.2,2894.2
100769.062,40,2125.2,2486.8,2912.2
100769.102,40,2156,2575,2931.6
100769.142,40,2204.8,2695.8,2903.2
100769.182,40,2279.6,2819.2,2807.2
100769.222,40,2371,2912.6,2680.4
100769.262,40,2478.4,2968.8,2560
100769.302,40,2590,2949.8,2445.6
100769.342,40,2684.2,2888.6,2358.6
100769.382,40,2737,2800.8,2301
100769.422,40,2772.4,2737.4,2261.6
100769.462,40,2773.4,2717.6,2250.8
100769.502,40,2720,2716.8,2265.8
100769.542,40,2661.4,2713.2,2289.2
100769.582,40,2592,2730.4,2330.4
100769.622,40,2537.4,2763,2372.6
100769.662,40,2469.6,2813.4,2457.2
100769.702,40,2394.8,2833,2559.6
100769.742,40,2315.6,2820.4,2686.6
100769.782,40,2243.4,2745.4,2812.2
100769.822,40,2190,2654,2900.6
100769.862,40,2154.4,2567.8,2937.2
100769.902,40,2134.8,2512.2,2936.4
100769.942,40,2135.6,2511,2930
100769.982,40,2149.2,2560,2938.2
100770.022,40,2182.8,2649.2,2928.8
100770.062,40,2242.4,2765,2865.6
100770.102,40,2322.8,2880,2752.6
100770.142,40,2429.6,2960.8,2608.6
100770.182,40,2545,2960.2,2481.2
100770.222,40,2660.4,2915.8,2384.6
100770.262,40,2748.2,2834,2313.6
100770.302,40,2788.2,2753.2,2264.4
100770.342,40,2802.2,2714.4,2241.2
100770.382,40,2777,2720.6,2258.4
100770.422,40,2719.4,2749.4,2284.8
100770.462,40,2634.4,2767.2,2329.2
100770.502,40,2540.6,2789,2381
100770.542,40,2448.4,2799.8,2463.4
100770.582,40,2374.8,2799.2,2553.4
100770.622,40,2303.2,2781.4,2673.8
100770.662,40,2243.4,2731.2,2801.2
100770.702,40,2187.2,2645.6,2893.6
100770.742,40,2154.2,2567.4,2935.2
100770.782,40,2132,2512.2,2948.2
100770.822,40,2127.2,2501.6,2947
100770.862,40,2139,2538.2,2959.4
100770.902,40,2167,2607.8,2952.8
100770.942,40,2212.2,2715.2,2912.2
100770.982,40,2280.6,2828.2,2822
100771.022,40,2368.8,2929.6,2694.4
100771.062,40,2469.8,2962.2,2563.2
100771.102,40,2576.8,2955.8,2448.8
100771.142,40,2670.2,2884.2,2361.4
100771.182,40,2724.6,2812,2305.8
100771.222,40,2751.6,2759,2275.4
100771.262,40,2731.2,2738.6,2274.2
100771.302,40,2657.6,2736.4,2299
100771.342,40,2594.2,2749.2,2330.4
100771.382,40,2535,2777.6,2384.4
100771.422,40,2476.6,2817.8,2453.6
100771.462,40,2398,2848.2,2560.6
100771.502,40,2311.2,2818,2684.4
100771.542,40,2242.4,2739.4,2810.2
100771.582,40,2188,2642.8,2885.8
100771.622,40,2150.8,2559.8,2915.4
100771.662,40,2134.8,2507.6,2922.2
100771.702,40,2132.4,2502.8,2924.2
100771.742,40,2142.6,2544.2,2944.2
100771.782,40,2167.6,2618.6,2961
100771.822,40,2214.4,2718.4,2931.8
100771.862,40,2274.8,2829.4,2840.4
100771.902,40,2360.4,2932,2715.4
100771.942,40,2466.8,2985.8,2579.2
100771.982,40,2574.8,2962.2,2462.2
100772.022,40,2660.4,2889.8,2368.2
100772.062,40,2724.8,2810.2,2307.2
100772.102,40,2753.4,2744.4,2270.6
100772.142,40,2744.6,2704.8,2256.8
100772.182,40,2702.2,2695.4,2264.8
100772.222,40,2666.6,2714.8,2288.6
100772.262,40,2643.4,2755.6,2317.8
100772.302,40,2600.4,2805.8,2359.6
100772.342,40,2542.4,2872.2,2435.4
100772.382,40,2454.6,2903,2525.8
100772.422,40,2362.2,2875.6,2642.4
100772.462,40,2278,2801,2764
100772.502,40,2215.6,2697,2854.2
100772.542,40,2172.6,2601.8,2892.2
100772.582,40,2144.4,2524.8,2896.8
100772.622,40,2130.6,2496.2,2890
100772.662,40,2132.8,2506.4,2900.8
100772.702,40,2145.6,2555.4,2919
100772.742,40,2178.8,2636,2932.2
100772.782,40,2223,2742.2,2910.4
100772.822,40,2280.8,2853.2,2842
100772.862,40,2354,2926,2732.2
100772.902,40,2439.6,2994.8,2632.2
100772.942,40,2505,2984,2530
100772.982,40,2564.4,2950.6,2458
100773.022,40,2600.6,2898.6,2408.2
100773.062,40,2611.4,2851.4,2379
100773.102,40,2593.4,2800.4,2360
100773.142,40,2579.4,2777.6,2358.6
100773.182,40,2563.6,2787.8,2368.8
100773.222,40,2568.2,2823.4,2385
100773.262,40,2583.2,2853.4,2394
100773.302,40,2597.4,2895.2,2406.2
100773.342,40,2609.2,2924.8,2419.6
100773.382,40,2611,2944.6,2429.8
100773.422,40,2615.8,2970.2,2439.8
100773.462,40,2611.6,2976.8,2446.8
100773.502,40,2601,2981.4,2455.2
100773.542,40,2593.4,2983.6,2461.4
100773.582,40,2581.8,2976.2,2462.8
100773.622,40,2564,2955.8,2464.8
100773.662,40,2546.4,2936.4,2470
100773.702,40,2518.4,2903.2,2467.8
100773.742,40,2506.8,2871.8,2462.8
100773.782,40,2491.6,2846.8,2462
100773.822,40,2477.2,2839.4,2466.4
100773.862,40,2469.2,2835,2468.2
100773.902,40,2468,2844.6,2477.2
100773.942,40,2464.4,2855.2,2482.2
100773.982,40,2464.4,2872.4,2498.6
100774.022,40,2475.8,2900.2,2510.6
100774.062,40,2475.6,2925,2526.6
100774.102,40,2477.4,2940.2,2539.2
100774.142,40,2475,2951,2546
100774.182,40,2469,2965.6,2555.2
100774.222,40,2472.8,2975.8,2567.2
100774.262,40,2463,2979.6,2579
100774.302,40,2459.8,2970.8,2583.8
100774.342,40,2447.2,2961.6,2583.4
100774.382,40,2440.6,2951.2,2589.2
100774.422,40,2431.4,2932.6,2592.8
100774.462,40,2421,2923.2,2593.2
100774.502,40,2413,2911.6,2596.2
100774.542,40,2408.4,2900.2,2596
100774.582,40,2402.6,2896.8,2595.4
100774.622,40,2403.2,2897.2,2595.2
100774.662,40,2405.2,2903.4,2601.2
100774.702,40,2414.6,2909.4,2597.4
100774.742,40,2430.6,2921.4,2582.4
100774.782,40,2466.4,2942.2,2550.8
100774.822,40,2511.2,2953.6,2505.4
100774.862,40,2580.8,2961.8,2456.6
100774.902,40,2657.6,2951.6,2400.8
100774.942,40,2734.2,2912.6,2347.8
100774.982,40,2798,2860.8,2304
100775.022,40,2843.8,2808.6,2273.8
100775.062,40,2873.6,2769,2247.2
100775.102,40,2878.8,2748,2237.4
100775.142,40,2855.4,2746.6,2244
100775.182,40,2805.6,2773.2,2268.6
100775.222,40,2743.2,2788,2292.4
100775.262,40,2646.6,2792,2335.4
100775.302,40,2547.8,2809.6,2397
100775.342,40,2460.2,2840.6,2486
100775.382,40,2374.4,2844.6,2598.4
100775.422,40,2289,2812.6,2736.8
100775.462,40,2229,2735.8,2866
100775.502,40,2179.8,2648.8,2956.4
100775.542,40,2149.6,2569,2981.6
100775.582,40,2140.6,2541.2,2995.2
100775.622,40,2147.2,2566.4,3007.8
100775.662,40,2174.6,2633.6,2994.6
100775.702,40,2218,2750.6,2951.2
100775.742,40,2297,2891.6,2840.2
100775.782,40,2404.8,2996,2683.2
100775.822,40,2540.2,3021.4,2519
100775.862,40,2682.8,2961.6,2399
100775.902,40,2786.6,2849.2,2301
100775.942,40,2846,2749.2,2250.2
100775.982,40,2864,2686,2220.8
100776.022,40,2831.4,2677.2,2226.2
100776.062,40,2770.6,2686.8,2248
100776.102,40,2708.2,2721,2277
100776.142,40,2649.2,2767.6,2321.2
100776.182,40,2598.6,2840.8,2379.4
100776.222,40,2514.2,2900.4,2472.6
100776.262,40,2416.8,2927,2599.2
100776.302,40,2319.6,2877.2,2740.8
100776.342,40,2237.4,2769,2881.4
100776.382,40,2176.8,2637.4,2962.8
100776.422,40,2135.4,2521.4,2971.8
100776.462,40,2111,2450,2955.6
100776.502,40,2105.8,2436,2953.6
100776.542,40,2121,2474.2,2986.6
100776.582,40,2140.6,2549.8,3012.6
100776.622,40,2183,2659.4,2987.4
100776.662,40,2241.8,2800.8,2926.8
100776.702,40,2324.6,2925.8,2805
100776.742,40,2428.2,2995.6,2647
100776.782,40,2545.8,2998.8,2503
100776.822,40,2663,2932,2393.8
100776.862,40,2745,2834.2,2313
100776.902,40,2800.2,2741.6,2258.8
100776.942,40,2825.6,2671.2,2222.4
100776.982,40,2825.6,2641.8,2215.2
100777.022,40,2801,2658.2,2228.4
100777.062,40,2760.2,2685.4,2249.8
100777.102,40,2714.4,2739.6,2287.4
100777.142,40,2643.4,2813.8,2345.6
100777.182,40,2553.2,2874,2430.6
100777.222,40,2444,2891.2,2537.6
100777.262,40,2343.2,2848.6,2664.2
100777.302,40,2255.8,2759.8,2786.8
100777.342,40,2196.4,2651.6,2864.4
100777.382,40,2154.2,2557,2898.2
100777.422,40,2132.6,2481.8,2893.2
100777.462,40,2114,2454.6,2898.8
100777.502,40,2125.4,2478.4,2932.2
100777.542,40,2147.8,2553.2,2984.2
100777.582,40,2182,2665.4,2991.4
100777.622,40,2239.6,2789.4,2921.4
100777.662,40,2324.2,2922.4,2802.8
100777.702,40,2421,2963.2,2633
100777.742,40,2532.8,2960.2,2497
100777.782,40,2632.4,2886,2386.4
100777.822,40,2711.2,2800.6,2312.2
100777.862,40,2756,2709.4,2259.2
100777.902,40,2780.4,2641.6,2224.6
100777.942,40,2793.8,2617.4,2210.6
100777.982,40,2805,2641.4,2215.6
100778.022,40,2803.8,2687.4,2241
100778.062,40,2764.4,2748.6,2274.8
100778.102,40,2697.4,2821,2329.6
100778.142,40,2586.4,2876.6,2413.2
100778.182,40,2457.4,2899,2523.8
100778.222,40,2339.6,2842,2657.6
100778.262,40,2247.4,2735.6,2783.4
100778.302,40,2180.8,2611,2870.4
100778.342,40,2131.6,2502.2,2904.4
100778.382,40,2106,2427.8,2895.4
100778.422,40,2104.8,2404.2,2880.8
100778.462,40,2107.8,2448.8,2949.6
100778.502,40,2126.8,2512.4,2996
100778.542,40,2168,2618,3007.6
100778.582,40,2226.6,2768.8,2959
100778.622,40,2310,2901.8,2821.8
100778.662,40,2415.6,2966.4,2643
100778.702,40,2533.6,2968.4,2498
100778.742,40,2655.4,2896.8,2380.4
100778.782,40,2740,2803.8,2301
100778.822,40,2791.4,2709.8,2248.8
100778.862,40,2813.4,2644.8,2213.8
100778.902,40,2811.8,2621.2,2209.6
100778.942,40,2792.8,2641.2,2222.2
100778.982,40,2786.8,2695.8,2245.6
100779.022,40,2749,2765.4,2285.8
100779.062,40,2678.2,2844.2,2346.2
100779.102,40,2564.2,2907.2,2442.2
100779.142,40,2444.8,2901,2551.8
100779.182,40,2332.2,2848.2,2677.6
100779.222,40,2253.4,2746.2,2786.2
100779.262,40,2193.2,2644,2862.8
100779.302,40,2158.4,2554.6,2891.2
100779.342,40,2131.4,2488.6,2902.2
100779.382,40,2123.4,2484.6,2916.8
100779.422,40,2138,2518.2,2946.8
100779.462,40,2152.6,2586.6,2981.8
100779.502,40,2188,2681.4,2992.2
100779.542,40,2232.4,2781.6,2936.8
100779.582,40,2304.2,2903.2,2835.4
100779.622,40,2391.2,2980.2,2694.8
100779.662,40,2487,3000.2,2562.6
100779.702,40,2590.2,2957.8,2448.4
100779.742,40,2665.4,2886,2362.4
100779.782,40,2719,2815.8,2317.6
100779.822,40,2734.6,2746.4,2281.2
100779.862,40,2741,2710.8,2261.8
100779.902,40,2729.6,2719.6,2274
100779.942,40,2714.6,2757.8,2294.8
100779.982,40,2684.8,2836.4,2341.2
100780.022,40,2613.8,2894.4,2407
100780.062,40,2505.6,2947,2516.6
100780.102,40,2383.6,2917.8,2654.6
100780.142,40,2278.6,2817.8,2789.8
100780.182,40,2204.6,2678,2884
100780.222,40,2155.6,2562.6,2915.8
100780.262,40,2125,2481.8,2904.2
100780.302,40,2117.2,2450.2,2884.6
100780.342,40,2118.6,2464,2892
100780.382,40,2135.2,2508.4,2907.8
100780.422,40,2167.2,2580.6,2910.8
100780.462,40,2205,2683.8,2893.4
100780.502,40,2263.2,2808,2848.8
100780.542,40,2337.8,2914.2,2747.4
100780.582,40,2436.2,3003.8,2637
100780.622,40,2541.2,3018.6,2518.6
100780.662,40,2650.6,2993.6,2424.4
100780.702,40,2743,2934,2357
100780.742,40,2810.6,2877.8,2310.8
100780.782,40,2837.6,2821.6,2279.2
100780.822,40,2818.4,2798.8,2274.4
100780.862,40,2782.2,2805.4,2295.8
100780.902,40,2726.4,2820.6,2313.8
100780.942,40,2652.6,2803.6,2337.4
100780.982,40,2592.2,2809.2,2373
100781.022,40,2546.2,2863.2,2432.2
100781.062,40,2484.4,2920.2,2513.2
100781.102,40,2399.6,2919.6,2625.6
100781.142,40,2314,2860.8,2737.2
100781.182,40,2244.8,2765,2838.6
100781.222,40,2184.2,2648.8,2898.6
100781.262,40,2152.8,2558.4,2900.6
100781.302,40,2134.6,2505.2,2896.4
100781.342,40,2136.4,2511,2905.2
100781.382,40,2153.2,2559.6,2939.2
100781.422,40,2179.4,2643.4,2945.8
100781.462,40,2227.2,2770.4,2941.2
100781.502,40,2292.6,2886.6,2858.8
100781.542,40,2372.2,2978.8,2737
100781.582,40,2471.4,3025.2,2603.8
100781.622,40,2563.6,3009.8,2494.4
100781.662,40,2636.4,2942.2,2413.6
100781.702,40,2671,2868.4,2352.8
100781.742,40,2683,2798.2,2324.6
100781.782,40,2669.2,2754.4,2308.2
100781.822,40,2666,2775.4,2319.2
100781.862,40,2663,2818.8,2340.4
100781.902,40,2639.4,2870.6,2377.8
100781.942,40,2582,2919.2,2438.6
100781.982,40,2486.4,2925.6,2518.4
100782.022,40,2382.8,2885,2620.6
100782.062,40,2288.8,2788.8,2718.2
100782.102,40,2219.2,2679.8,2801.6
100782.142,40,2165.4,2577,2864.6
100782.182,40,2133.6,2491,2876
100782.222,40,2114,2433,2876.6
100782.262,40,2109,2422.6,2890.4
100782.302,40,2115.6,2462.4,2957.2
100782.342,40,2136.4,2531,2996.4
100782.382,40,2171.4,2630.4,2989.8
100782.422,40,2231.2,2766.6,2930.4
100782.462,40,2311.6,2895.8,2805.6
100782.502,40,2404.2,2947.4,2643.2
100782.542,40,2509.6,2952.2,2505
100782.582,40,2608.2,2888,2402.2
100782.622,40,2676,2810.2,2334
100782.662,40,2713.6,2736,2285
100782.702,40,2741.8,2709.2,2260.8
100782.742,40,2748.6,2719.6,2265
100782.782,40,2735.4,2759.6,2285.8
100782.822,40,2721.6,2806.2,2309.6
100782.862,40,2676,2853.6,2350.2
100782.902,40,2613.8,2901.8,2404.6
100782.942,40,2519.8,2922.8,2482.6
100782.982,40,2422.4,2901.4,2579.4
100783.022,40,2328.8,2847.4,2696.4
100783.062,40,2246.6,2747.8,2796.4
100783.102,40,2187,2630.6,2869
100783.142,40,2145.8,2529.2,2903.4
100783.182,40,2116.6,2451,2891.2
100783.222,40,2106.2,2416.4,2879.6
100783.262,40,2111.8,2444,2938
100783.302,40,2130.6,2513.2,2993.4
100783.342,40,2170.4,2620.2,2992.6
100783.382,40,2223,2754.4,2934.6
100783.422,40,2303.2,2886.4,2810.2
100783.462,40,2402.4,2949.4,2652
100783.502,40,2506,2949,2513.4
100783.542,40,2598.4,2902,2410.2
100783.582,40,2674,2829.8,2338.8
100783.622,40,2708,2750.6,2293
100783.662,40,2742.2,2704.2,2260.6
100783.702,40,2766.2,2696.8,2254.2
100783.742,40,2758.2,2720.8,2261.8
100783.782,40,2752,2753.2,2284.6
100783.822,40,2735,2797.4,2307.2
100783.862,40,2691.2,2849.2,2340
100783.902,40,2626.2,2895.6,2393.4
100783.942,40,2535.2,2926.6,2466.2
100783.982,40,2437.6,2923.2,2571.8
100784.022,40,2340.4,2864.4,2684.4
100784.062,40,2260,2766.8,2791.8
100784.102,40,2192.8,2652.2,2871
100784.142,40,2154.2,2548.8,2905
100784.182,40,2128.6,2486.6,2923
100784.222,40,2118.6,2476.4,2951.8
100784.262,40,2128.2,2506.4,2991.8
100784.302,40,2152.2,2586.8,3002.8
100784.342,40,2193.6,2695,2966.8
100784.382,40,2260.6,2803.4,2865.4
100784.422,40,2333.6,2901.4,2734
100784.462,40,2424.4,2931.2,2593.4
100784.502,40,2525.2,2912.2,2471
100784.542,40,2613.8,2851.6,2378.8
100784.582,40,2683.4,2786,2315.2
100784.622,40,2730.8,2731,2274
100784.662,40,2750.4,2701.8,2256.6
100784.702,40,2750.2,2705.4,2259.6
100784.742,40,2738.6,2743.2,2279.4
100784.782,40,2705.8,2770.2,2297.6
100784.822,40,2667.4,2814.8,2337.2
100784.862,40,2616.4,2864.2,2388.6
100784.902,40,2535.8,2907.2,2459.4
100784.942,40,2439.2,2895.4,2550.4
100784.982,40,2344.6,2851.6,2658.8
100785.022,40,2260,2760.6,2771
100785.062,40,2194.8,2639.4,2843.6
100785.102,40,2146.8,2528.2,2864.4
100785.142,40,2120.6,2445,2848.4
100785.182,40,2102.4,2388.8,2796.6
100785.222,40,2107.4,2403.8,2841.2
100785.262,40,2114.8,2447.6,2922
100785.302,40,2139.8,2536,2951.8
100785.342,40,2183.4,2660,2976.6
100785.382,40,2248,2799.4,2899.6
100785.422,40,2339.2,2917.4,2750.8
100785.462,40,2438.6,2975.6,2609
100785.502,40,2527,2929.4,2477.4
100785.542,40,2597.2,2859.4,2391.8
100785.582,40,2633,2770,2329.8
100785.622,40,2693.6,2753.4,2299.8
100785.662,40,2734.8,2751,2284.8
100785.702,40,2738.2,2787.8,2294.2
100785.742,40,2708.6,2840.8,2328.8
100785.782,40,2655.4,2874.2,2366.8
100785.822,40,2571.4,2894.8,2431.4
100785.862,40,2468.2,2891.8,2512.2
100785.902,40,2367,2846.2,2618.2
100785.942,40,2275,2757.4,2723.6
100785.982,40,2209.6,2657.8,2801.4
100786.022,40,2164.4,2563.2,2849
100786.062,40,2130.4,2483.8,2870.8
100786.102,40,2114.8,2433.6,2887
100786.142,40,2106.6,2433.8,2923.2
100786.182,40,2117.4,2477.4,2960.2
100786.222,40,2147.2,2559,2987.2
100786.262,40,2197.4,2695,2963.6
100786.302,40,2270.4,2832.6,2843.8
100786.342,40,2368.2,2923.6,2684.2
100786.382,40,2470.6,2913.8,2525.4
100786.422,40,2567.4,2859.8,2411.6
100786.462,40,2631.4,2771.2,2330.6
100786.502,40,2713.4,2729.2,2279
100786.542,40,2770.6,2705.6,2249.8
100786.582,40,2777,2715.4,2255.4
100786.622,40,2744.4,2750.8,2282
100786.662,40,2688.6,2785.2,2315.2
100786.702,40,2626.6,2826.2,2361.6
100786.742,40,2544.4,2863,2432
100786.782,40,2451.2,2881,2526
100786.822,40,2356,2841,2638
100786.862,40,2268.6,2755.4,2746.6
100786.902,40,2197.6,2639.2,2827.2
100786.942,40,2154.6,2535.4,2855.8
100786.982,40,2121.4,2454.4,2853.4
100787.022,40,2108.6,2420.2,2863
100787.062,40,2110.2,2444.8,2924.2
100787.102,40,2126.2,2497.4,2966
100787.142,40,2158.6,2595,2984.6
100787.182,40,2212.4,2723.2,2937.6
100787.222,40,2286,2858.6,2820.8
100787.262,40,2379,2901.6,2643.4
100787.302,40,2480.6,2891,2501
100787.342,40,2566.8,2842.4,2402
100787.382,40,2638.4,2779.6,2332.2
100787.422,40,2721.2,2739.8,2279.2
100787.462,40,2783,2717.4,2254.6
100787.502,40,2805.4,2720.4,2252.8
100787.542,40,2779,2753.8,2269.4
100787.582,40,2747.2,2791.2,2296.4
100787.622,40,2676.8,2818.2,2336.2
100787.662,40,2591,2851,2393.4
100787.702,40,2489,2867,2474.6
100787.742,40,2388.8,2855.2,2582.8
100787.782,40,2298.6,2793,2700.6
100787.822,40,2227.6,2695.4,2802.8
100787.862,40,2169.8,2595.4,2875.6
100787.902,40,2137.4,2506.4,2902.2
100787.942,40,2114.6,2446,2897.4
100787.982,40,2108.2,2436.2,2911
100788.022,40,2115.8,2470.6,2961.6
100788.062,40,2145.6,2548.6,2958.4
100788.102,40,2186.2,2663,2965.6
100788.142,40,2249.6,2810.2,2899.2
100788.182,40,2343.6,2927,2741.6
100788.222,40,2457.8,2985,2587.4
100788.262,40,2574.2,2946.8,2451.2
100788.302,40,2667.4,2869.4,2360.6
100788.342,40,2731.6,2766,2290
100788.382,40,2763.6,2692,2250.8
100788.422,40,2763.4,2653,2232.6
100788.462,40,2760.4,2667.6,2243
100788.502,40,2747.6,2712.8,2264.6
100788.542,40,2731.6,2782.6,2297.6
100788.582,40,2672.6,2850.8,2347.6
100788.622,40,2599.6,2923.4,2424.2
100788.662,40,2490.4,2943.6,2523.6
100788.702,40,2385.4,2907.8,2642.8
100788.742,40,2290.2,2815.6,2760.8
100788.782,40,2217,2693.2,2839.4
100788.822,40,2168.6,2572.8,2860
100788.862,40,2137,2487.4,2842.2
100788.902,40,2120.6,2446.2,2842
100788.942,40,2121.4,2457.2,2883.2
100788.982,40,2132.8,2510.8,2942.8
100789.022,40,2167.6,2616.2,2987.6
100789.062,40,2217.8,2735,2946
100789.102,40,2293,2869.6,2830.6
100789.142,40,2384.8,2934,2664.8
100789.182,40,2486.4,2915.6,2516.8
100789.222,40,2577.8,2870.8,2412.8
100789.262,40,2642.6,2792,2335.6
100789.302,40,2693.4,2720.4,2281.4
100789.342,40,2749.4,2692.4,2253.2
100789.382,40,2775,2685,2243.8
100789.422,40,2778,2712.8,2257
100789.462,40,2764.8,2750.8,2270.8
100789.502,40,2736.6,2783.6,2295.6
100789.542,40,2685.6,2824.8,2335.2
100789.582,40,2599.2,2858.2,2393.8
100789.622,40,2501.2,2884.8,2474.6
100789.662,40,2396,2858.6,2587.4
100789.702,40,2298.8,2782.8,2695.6
100789.742,40,2221.4,2684.4,2797.6
100789.782,40,2171.8,2588.8,2868.4
100789.822,40,2136.4,2509,2903.6
100789.862,40,2120.8,2478.6,2940
100789.902,40,2129.6,2506.6,2974.4
100789.942,40,2152,2572,2996
100789.982,40,2194,2680.8,2964.4
100790.022,40,2252.2,2803.8,2867.4
100790.062,40,2342.2,2904.6,2733.8
100790.102,40,2444,2948.4,2586
100790.142,40,2548.6,2929.4,2459.8
100790.182,40,2649.2,2868.6,2367.2
100790.222,40,2726,2796.2,2307.8
100790.262,40,2773.8,2737,2266
100790.302,40,2790.8,2691.6,2239
100790.342,40,2785.6,2674.4,2239.4
100790.382,40,2762.4,2694.8,2251
100790.422,40,2742.8,2721.4,2267.6
100790.462,40,2722.2,2760.6,2288.2
100790.502,40,2674.2,2806.4,2329.2
100790.542,40,2601,2853.8,2395.2
100790.582,40,2493.2,2880.8,2479.8
100790.622,40,2385,2864.6,2600
100790.662,40,2289.2,2784,2716
100790.702,40,2214.4,2672.8,2806
100790.742,40,2166,2566.2,2862.2
100790.782,40,2127.8,2478.6,2870.4
100790.822,40,2110,2431.2,2877.6
100790.862,40,2110,2442.2,2923.4
100790.902,40,2127,2504.2,2977.8
100790.942,40,2163.6,2609.8,2989.2
100790.982,40,2216.8,2738.2,2917.6
100791.022,40,2296.8,2862.4,2789.4
100791.062,40,2389.8,2897.2,2620.6
100791.102,40,2482.6,2886.4,2493.2
100791.142,40,2564,2827.4,2395.8
100791.182,40,2632.4,2765.6,2325
100791.222,40,2722.4,2737.8,2283
100791.262,40,2769.2,2712.4,2256.8
100791.302,40,2785,2717.2,2255.8
100791.342,40,2759.8,2763.4,2281.2
100791.382,40,2714.2,2799.6,2310
100791.422,40,2648,2818,2346.4
100791.462,40,2564.8,2854.4,2415
100791.502,40,2465,2873.8,2506
100791.542,40,2368.2,2841.4,2617.2
100791.582,40,2279.2,2772.2,2723.6
100791.622,40,2207.6,2660.8,2828.8
100791.662,40,2154.6,2555.4,2880.4
100791.702,40,2120.4,2465,2891.6
100791.742,40,2103.2,2393.6,2822.8
100791.782,40,2101.8,2404,2869.8
100791.822,40,2112.8,2447,2943
100791.862,40,2138.4,2523.2,2980
100791.902,40,2173.2,2636.8,2993.2
100791.942,40,2235,2775.8,2921.2
100791.982,40,2320.8,2890.6,2773.6
100792.022,40,2420.6,2952.8,2620
100792.062,40,2522.4,2922,2485
100792.102,40,2611.2,2866.8,2384.8
100792.142,40,2668.4,2788.6,2324.2
100792.182,40,2698.6,2712,2279.2
100792.222,40,2718.2,2688.4,2261.8
100792.262,40,2722.2,2724,2276.8
100792.302,40,2698.8,2781.6,2310.4
100792.342,40,2643.4,2832.4,2356
100792.382,40,2568.4,2887.8,2427.2
100792.422,40,2476,2911,2515.4
100792.462,40,2373,2862,2613.6
100792.502,40,2286.6,2787.4,2721.6
100792.542,40,2223.6,2690.2,2802.6
100792.582,40,2173.8,2592.8,2858.2
100792.622,40,2142.4,2507.4,2868.6
100792.662,40,2124.4,2452.2,2849.2
100792.702,40,2116.4,2443.8,2858
100792.742,40,2129.4,2493.4,2911
100792.782,40,2167.2,2607.4,2939.6
100792.822,40,2227,2754.4,2909
100792.862,40,2316.2,2896.4,2796.2
100792.902,40,2428.6,2971,2619.6
100792.942,40,2546.4,2949.6,2475.2
100792.982,40,2633,2866.8,2372.4
100793.022,40,2679.4,2771.6,2306.4
100793.062,40,2703.4,2696.4,2266.6
100793.102,40,2778.6,2688,2246
100793.142,40,2806.2,2699,2243
100793.182,40,2801.2,2741.2,2258
100793.222,40,2771,2794,2289.6
100793.262,40,2712.4,2837.6,2327.8
100793.302,40,2629.4,2874.6,2382.6
100793.342,40,2535,2895.6,2459.4
100793.382,40,2426.2,2887.8,2561.4
100793.422,40,2327.8,2828,2670.4
100793.462,40,2247.4,2738.4,2787.4
100793.502,40,2183.8,2620.8,2872.4
100793.542,40,2135.6,2517.6,2898.2
100793.582,40,2111.4,2438,2886.8
100793.622,40,2104.8,2391.8,2830.4
100793.662,40,2104.2,2426.4,2905
100793.702,40,2117.8,2473.8,2944.2
100793.742,40,2146.8,2560,2988.2
100793.782,40,2190.6,2673.4,2968.2
100793.822,40,2252.4,2806.2,2894.8
100793.862,40,2332,2916.6,2758.8
100793.902,40,2430.8,2956,2608
100793.942,40,2523,2926.2,2481.4
100793.982,40,2610,2870,2390.2
100794.022,40,2655.6,2794,2328.2
100794.062,40,2680.2,2728.4,2292.8
100794.102,40,2705.2,2722.8,2278.2
100794.142,40,2699.8,2763,2300.2
100794.182,40,2685.4,2805.4,2329.8
100794.222,40,2637.6,2845.8,2363.2
100794.262,40,2576.2,2888,2423.6
100794.302,40,2486.8,2905.6,2501
100794.342,40,2390.2,2875.2,2601.2
100794.382,40,2308.6,2814.4,2709.8
100794.422,40,2235.4,2711.2,2797
100794.462,40,2179.4,2605.8,2856.6
100794.502,40,2140.6,2505.6,2866.4
100794.542,40,2116.8,2441.4,2849.4
100794.582,40,2108,2412.8,2839.4
100794.622,40,2115,2439.4,2880.6
100794.662,40,2130.8,2509.8,2948.6
100794.702,40,2169.4,2621.8,2983.4
100794.742,40,2225.2,2755,2934
100794.782,40,2310.6,2900.4,2820
100794.822,40,2415.8,2981.2,2651.4
100794.862,40,2522.4,2955.2,2501.6
100794.902,40,2601.2,2875.4,2395.4
100794.942,40,2637.4,2775,2328.6
100794.982,40,2689.4,2727,2289.4
100795.022,40,2749.2,2715,2260
100795.062,40,2781.6,2740.4,2263
100795.102,40,2773.2,2806,2287.4
100795.142,40,2740.6,2849,2322.6
100795.182,40,2664.6,2892.6,2369
100795.222,40,2570.4,2914.8,2440.8
100795.262,40,2451.2,2896.4,2536.4
100795.302,40,2344.6,2834.2,2646.2
100795.342,40,2261.6,2751.8,2760.6
100795.382,40,2198.4,2655,2848.4
100795.422,40,2153.2,2547.2,2893.6
100795.462,40,2123.4,2474.6,2899.2
100795.502,40,2108.8,2433,2897.6
100795.542,40,2110.4,2440.2,2932.6
100795.582,40,2125.8,2501.4,2981.8
100795.622,40,2160,2601.4,2991.4
100795.662,40,2219.2,2741.8,2946.6
100795.702,40,2297.2,2881.6,2825
100795.742,40,2399.8,2941.8,2645.2
100795.782,40,2508.2,2925.2,2493.8
100795.822,40,2606.4,2872.2,2393.2
100795.862,40,2679.4,2789.8,2319.2
100795.902,40,2718,2715.4,2272.4
100795.942,40,2751.6,2672,2246.2
100795.982,40,2774.4,2671.6,2241.4
100796.022,40,2771,2712.4,2257.2
100796.062,40,2752.2,2761.4,2282.4
100796.102,40,2707,2820.2,2326.8
100796.142,40,2636.2,2880.6,2386.6
100796.182,40,2525.2,2913.4,2474.4
100796.222,40,2413.2,2900.8,2592
100796.262,40,2305.4,2822.2,2711.2
100796.302,40,2227.4,2702.2,2806.6
100796.342,40,2171.4,2581.8,2858.8
100796.382,40,2132,2487.6,2867
100796.422,40,2107.4,2418.6,2836.4
100796.462,40,2102.2,2382.4,2798.6
100796.502,40,2110,2423.8,2865.2
100796.542,40,2128.6,2480.4,2903.6
100796.582,40,2164.4,2603,2957.2
100796.622,40,2220.8,2739.4,2917
100796.662,40,2305.2,2884.4,2806.2
100796.702,40,2402.2,2947.2,2647.8
100796.742,40,2498.8,2923.8,2500.6
100796.782,40,2581.8,2872.2,2409.6
100796.822,40,2624,2794.8,2343.8
100796.862,40,2655.4,2741.6,2304.2
100796.902,40,2707.2,2747,2288.8
100796.942,40,2727.8,2769.4,2291.6
100796.982,40,2716,2815.6,2317
100797.022,40,2684.8,2859,2348.6
100797.062,40,2635.4,2907.4,2389.4
100797.102,40,2559.4,2936.6,2462.6
100797.142,40,2459.8,2936.8,2553.2
100797.182,40,2364.8,2888.2,2658
100797.222,40,2278.6,2782,2751
100797.262,40,2212.6,2668,2804.8
100797.302,40,2174.4,2584.4,2835.4
100797.342,40,2150.8,2531.4,2851
100797.382,40,2139,2517.4,2880.4
100797.422,40,2152.4,2549.8,2917
100797.462,40,2162.2,2604,2958.6
100797.502,40,2189.2,2683.2,2975.8
100797.542,40,2228.2,2767,2931.6
100797.582,40,2278,2858.8,2856.8
100797.622,40,2334.2,2907.6,2741
100797.662,40,2391.6,2910.8,2630.8
100797.702,40,2437.8,2888.2,2547.4
100797.742,40,2469.2,2858.4,2487.4
100797.782,40,2491.6,2828.2,2447.4
100797.822,40,2522.6,2839.8,2431.4
100797.862,40,2549.6,2859.8,2423.8
100797.902,40,2558.4,2896.6,2439.2
100797.942,40,2562.4,2927.8,2454
100797.982,40,2574.2,2966.8,2468.2
100798.022,40,2569,2993.4,2478.8
100798.062,40,2572.2,2998.4,2489.6
100798.102,40,2571.4,3008.2,2494.4
100798.142,40,2560,3004,2497.8
100798.182,40,2545,2990.2,2507.2
100798.222,40,2527,2977.6,2509.4
100798.262,40,2513.6,2944.8,2499.8
100798.302,40,2504.8,2920.6,2499.6
100798.342,40,2487.4,2896.2,2496.8
100798.382,40,2475.8,2901,2509
100798.422,40,2461.8,2881.2,2511.2
100798.462,40,2474.6,2887.4,2510
100798.502,40,2475.4,2900.2,2518.2
100798.542,40,2471.4,2928.2,2534.2
100798.582,40,2466.6,2940.4,2544.6
100798.622,40,2463,2951.8,2557.8
100798.662,40,2465.6,2963.4,2566.4
100798.702,40,2465.6,2985.8,2581.8
100798.742,40,2468.6,2994.6,2591
100798.782,40,2469.2,3001,2589.2
100798.822,40,2476.6,3013.4,2591.8
100798.862,40,2481,3017.2,2582.6
100798.902,40,2512,3027.2,2558
100798.942,40,2553.4,3034.4,2525.4
100798.982,40,2605.4,3022.6,2476.8
100799.022,40,2661.6,2987.2,2422.6
100799.062,40,2724.6,2959.4,2373.6
100799.102,40,2779.6,2891.8,2325.8
100799.142,40,2818,2836.8,2285.6
100799.182,40,2832.4,2791.4,2268.4
100799.222,40,2829.6,2743.2,2253.6
100799.262,40,2810.2,2728,2250.8
100799.302,40,2785.2,2733.4,2256.4
100799.342,40,2759.2,2746,2273.4
100799.382,40,2733.2,2745.4,2284.6
100799.422,40,2723.8,2774,2297
100799.462,40,2695,2814.6,2328
100799.502,40,2630.4,2859.6,2377
100799.542,40,2534.4,2897.6,2458
100799.582,40,2425.8,2904.4,2567.2
100799.622,40,2325.6,2834.2,2691.8
100799.662,40,2235.2,2721.4,2795.4
100799.702,40,2178.8,2598.4,2849.4
100799.742,40,2136.6,2499.6,2862.4
100799.782,40,2114.2,2432.6,2854.2
100799.822,40,2107.2,2406.4,2859.2
100799.862,40,2108.8,2431,2901
100799.902,40,2121.2,2482.6,2957.6
100799.942,40,2151.4,2575.6,3007.8
100799.982,40,2194,2693.6,2973.6
100800.022,40,2257.2,2820.6,2880.8
100800.062,40,2341,2896.8,2716
100800.102,40,2431.6,2910.4,2572.6
100800.142,40,2523.8,2885.4,2457
100800.182,40,2586.4,2811.8,2375
100800.222,40,2658.6,2776.6,2320.8
100800.262,40,2721.2,2753.6,2287.6
100800.302,40,2760.4,2744.4,2269.6
100800.342,40,2764.6,2771,2280.2
100800.382,40,2735.6,2796,2304.2
100800.422,40,2694,2821.6,2327.8
100800.462,40,2628.8,2845.6,2373.4
100800.502,40,2553.6,2882.2,2437
100800.542,40,2465.2,2898.2,2523.6
100800.582,40,2362,2871,2635.4
100800.622,40,2281.8,2802.8,2759.2
100800.662,40,2208.2,2678.8,2854.8
100800.702,40,2154.2,2557.4,2894
100800.742,40,2122.2,2457.4,2871.2
100800.782,40,2106.4,2389.4,2797.4
100800.822,40,2100.6,2375.4,2794.6
100800.862,40,2112.2,2418.4,2845.8
100800.902,40,2131,2497.8,2920
100800.942,40,2172,2627.8,2968.8
100800.982,40,2228.8,2765,2920.4
100801.022,40,2305.4,2884.4,2792.2
100801.062,40,2396.2,2936.2,2640.4
100801.102,40,2482.6,2907.2,2509.6
100801.142,40,2535,2844.2,2423.6
100801.182,40,2584.8,2783,2361.2
100801.222,40,2675.4,2800.2,2328.2
100801.262,40,2733.8,2803,2300.2
100801.302,40,2752.2,2834.8,2311.8
100801.342,40,2725.8,2877.2,2339.4
100801.382,40,2678,2900.6,2368.6
100801.422,40,2610.2,2924,2420.6
100801.462,40,2513.2,2909.2,2484
100801.502,40,2411.8,2857,2564.6
100801.542,40,2315.8,2787.4,2656.4
100801.582,40,2244.6,2701.8,2741.2
100801.622,40,2188.8,2616,2828
100801.662,40,2144.6,2527.2,2874.8
100801.702,40,2120.6,2452.6,2879.2
100801.742,40,2103.8,2395.2,2803.4
100801.782,40,2101.6,2396.2,2840.8
100801.822,40,2110.2,2428.4,2894.2
100801.862,40,2129.8,2502,2942.8
100801.902,40,2169.8,2618.8,2976.8
100801.942,40,2226.6,2755.8,2924
100801.982,40,2298.4,2870.2,2794.4
100802.022,40,2397,2932.8,2639
100802.062,40,2489.6,2911.2,2507.4
100802.102,40,2556.4,2850.2,2410.8
100802.142,40,2603.8,2771.2,2342.4
100802.182,40,2670.2,2764.4,2312
100802.222,40,2713.8,2762.2,2293.4
100802.262,40,2720.8,2814,2312
100802.302,40,2687.8,2859,2348.2
100802.342,40,2632.8,2882.8,2382
100802.382,40,2551.6,2886.8,2435.4
100802.422,40,2465.2,2872.8,2500
100802.462,40,2375.4,2830.2,2581.6
100802.502,40,2291.4,2761.2,2681
100802.542,40,2221,2670.8,2773
100802.582,40,2168.2,2572.6,2845.8
100802.622,40,2129.6,2486,2882
100802.662,40,2108.8,2419,2878.8
100802.702,40,2103.6,2396.2,2856.2
100802.742,40,2108,2440.4,2948.6
100802.782,40,2127,2500,2981.2
100802.822,40,2154.2,2587,2979.8
100802.862,40,2208,2719.8,2949.8
100802.902,40,2276.6,2825.8,2810.8
100802.942,40,2353.8,2889.2,2676.6
100802.982,40,2442.6,2903.8,2551.2
100803.022,40,2528.8,2895.4,2461.4
100803.062,40,2602.8,2864.8,2392
100803.102,40,2647.6,2810,2344.2
100803.142,40,2671,2778.8,2319
100803.182,40,2660.2,2781.6,2322
100803.222,40,2628.4,2807.4,2348.6
100803.262,40,2597.2,2829.6,2377.6
100803.302,40,2546.6,2859.4,2425.4
100803.342,40,2482.6,2885.4,2493.6
100803.382,40,2405.6,2873,2584.2
100803.422,40,2322.6,2815.8,2671.2
100803.462,40,2253.4,2733.8,2768.6
100803.502,40,2195,2631.6,2829.2
100803.542,40,2148.6,2523.8,2846
100803.582,40,2121.6,2450.2,2824.6
100803.622,40,2105.8,2398,2797.4
100803.662,40,2105.4,2394.2,2804.8
100803.702,40,2115.6,2429.4,2870.8
100803.742,40,2135.8,2522.4,2937
100803.782,40,2175.2,2634.4,2957.8
100803.822,40,2235.2,2780.6,2921.4
100803.862,40,2313.8,2889.6,2780.4
100803.902,40,2407,2923.6,2623.4
100803.942,40,2478.4,2887.6,2503.8
100803.982,40,2533.2,2817.4,2410
100804.022,40,2596.6,2799.4,2358.4
100804.062,40,2671,2798.8,2325.2
100804.102,40,2720.6,2819.4,2314.8
100804.142,40,2719,2857,2329.4
100804.182,40,2688,2878,2358.4
100804.222,40,2629,2877.6,2382.8
100804.262,40,2553.6,2852.8,2418
100804.302,40,2472.8,2847.8,2480.8
100804.342,40,2393.8,2832.8,2559.8
100804.382,40,2323.4,2805.2,2665.4
100804.422,40,2242.8,2748.6,2799.2
100804.462,40,2185.8,2642.6,2901.6
100804.502,40,2141,2520.6,2930
100804.542,40,2110.6,2432,2894.8
100804.582,40,2096.2,2353.2,2743.4
100804.622,40,2100.2,2397.6,2811.2
100804.662,40,2110.2,2431.4,2850
100804.702,40,2140,2525.6,2926.4
100804.742,40,2176.6,2653,2961
100804.782,40,2239.8,2772.6,2880
100804.822,40,2322.4,2885.2,2756.2
100804.862,40,2409.8,2922.2,2606.2
100804.902,40,2489.8,2894.2,2487.8
100804.942,40,2554.6,2832.4,2403.2
100804.982,40,2583.2,2757.8,2345
100805.022,40,2618.2,2722,2307.4
100805.062,40,2667.4,2727.2,2292.8
100805.102,40,2690.2,2742.8,2290.2
100805.142,40,2690.8,2775.8,2303.4
100805.182,40,2675.2,2796.6,2317.2
100805.222,40,2636.2,2811.4,2343.8
100805.262,40,2575.4,2816,2383.6
100805.302,40,2498.4,2824.6,2435.8
100805.342,40,2424,2822,2516.6
100805.382,40,2340,2805,2614.8
100805.422,40,2262.6,2744.6,2732
100805.462,40,2200.2,2648.6,2827.8
100805.502,40,2152.6,2540.6,2864.4
100805.542,40,2124.4,2451.6,2856.8
100805.582,40,2102.6,2390.4,2783.6
100805.622,40,2101.2,2373.6,2787
100805.662,40,2107.8,2413.2,2825.8
100805.702,40,2124.6,2474.4,2868.6
100805.742,40,2158.8,2576.8,2910.4
100805.782,40,2213.4,2695.6,2880.2
100805.822,40,2285.8,2802.2,2757.4
100805.862,40,2370.4,2872.8,2633.6
100805.902,40,2454.8,2866.2,2507
100805.942,40,2521.8,2820.4,2411
100805.982,40,2568.8,2752.4,2345.4
100806.022,40,2615.4,2713,2303.6
100806.062,40,2676.2,2718.8,2285.6
100806.102,40,2700,2730.2,2278.8
100806.142,40,2683.8,2755.6,2294.2
100806.182,40,2661.8,2775,2314.2
100806.222,40,2613,2788.8,2349.4
100806.262,40,2544.8,2803.6,2391.4
100806.302,40,2479.2,2817.2,2450.4
100806.342,40,2407.2,2819.6,2526.6
100806.382,40,2331.8,2803,2630.4
100806.422,40,2259.8,2741.4,2736.6
100806.462,40,2202,2638,2816.4
100806.502,40,2143.6,2527,2845.8
100806.542,40,2117.2,2439,2821.4
100806.582,40,2103.8,2375.8,2753.2
100806.622,40,2103.4,2389.2,2784.8
100806.662,40,2108.8,2412.8,2817.8
100806.702,40,2142.2,2513,2870.6
100806.742,40,2186.8,2636,2897.8
100806.782,40,2248.2,2756.2,2825.8
100806.822,40,2335.8,2862.4,2701.8
100806.862,40,2434.4,2886,2550.6
100806.902,40,2519.6,2847.2,2439.6
100806.942,40,2586.2,2781.6,2354.6
100806.982,40,2620.6,2703.2,2300
100807.022,40,2677.6,2682.6,2267.2
100807.062,40,2728,2689.2,2255
100807.102,40,2737.2,2715,2263.8
100807.142,40,2706.8,2759.6,2287
100807.182,40,2654,2788,2324.4
100807.222,40,2572,2809.6,2380.2
100807.262,40,2477,2818.4,2457.2
100807.302,40,2376.6,2809,2546.8
100807.342,40,2300.8,2755.8,2651.2
100807.382,40,2225.4,2673.4,2764
100807.422,40,2165.6,2574,2841.8
100807.462,40,2130.4,2478.4,2855.6
100807.502,40,2106,2412.6,2838
100807.542,40,2102.8,2390.8,2818
100807.582,40,2112.8,2422.6,2833.8
100807.622,40,2139.8,2497.6,2884.8
100807.662,40,2178.8,2615.2,2894.8
100807.702,40,2239.2,2748.2,2829.6
100807.742,40,2331.4,2850.8,2691.4
100807.782,40,2439.6,2888.8,2544.8
100807.822,40,2527.2,2838.4,2421.8
100807.862,40,2593,2771.6,2342.4
100807.902,40,2627.8,2684,2283.4
100807.942,40,2665.6,2639.2,2250.6
100807.982,40,2714,2645.6,2238.6
100808.022,40,2724.4,2668.2,2250.2
100808.062,40,2699,2708.8,2266.8
100808.102,40,2654.4,2741,2303.2
100808.142,40,2584,2778.4,2350.8
100808.182,40,2495.8,2806.8,2424.8
100808.222,40,2401.8,2808.4,2516.6
100808.262,40,2312.8,2759.6,2626.8
100808.302,40,2232.4,2678.8,2734.2
100808.342,40,2174.8,2574.6,2808.8
100808.382,40,2131.8,2477.6,2825.4
100808.422,40,2102.8,2406.2,2814.2
100808.462,40,2098.2,2357.6,2737.6
100808.502,40,2106.4,2403.8,2831.6
100808.542,40,2115,2419,2759.8
100808.582,40,2145.8,2512.8,2849
100808.622,40,2188.6,2619.6,2828.8
100808.662,40,2259,2735.8,2750.2
100808.702,40,2343.8,2812,2621
100808.742,40,2433.6,2818.4,2490.2
100808.782,40,2517.2,2782.6,2395.4
100808.822,40,2579.4,2720.2,2319.6
100808.862,40,2624.8,2653.6,2269.6
100808.902,40,2664.8,2610.4,2237.2
100808.942,40,2690,2590.6,2221.8
100808.982,40,2700.4,2615,2226.4
100809.022,40,2690.6,2660.4,2250.4
100809.062,40,2647.8,2706.6,2287.6
100809.102,40,2564.8,2753,2350.4
100809.142,40,2460.2,2784.4,2443
100809.182,40,2348,2761,2552.8
100809.222,40,2261.2,2690.6,2665.4
100809.262,40,2187.6,2595.4,2754.8
100809.302,40,2140,2494.8,2801.6
100809.342,40,2117,2423.6,2801.8
100809.382,40,2100.6,2376.4,2745.2
100809.422,40,2104.4,2409.4,2837
100809.462,40,2122.6,2461.4,2877
100809.502,40,2152.2,2540.4,2894
100809.542,40,2196.4,2653.6,2865.2
100809.582,40,2269.4,2763.4,2765.2
100809.622,40,2356.4,2835.4,2623.8
100809.662,40,2446,2843.6,2492.2
100809.702,40,2536.4,2799.4,2392.6
100809.742,40,2615.2,2751,2323.2
100809.782,40,2668,2684.6,2266.6
100809.822,40,2689.8,2630.8,2238.6
100809.862,40,2686.8,2621,2234.8
100809.902,40,2659.2,2646.4,2255.2
100809.942,40,2624.8,2693,2291
100809.982,40,2575.2,2751.2,2339.4
100810.022,40,2498.4,2788.6,2409.2
100810.062,40,2403.8,2800.8,2512.8
100810.102,40,2308,2759.2,2624
100810.142,40,2224.8,2656.4,2724.2
100810.182,40,2163.8,2543.2,2777
100810.222,40,2129,2451.2,2777.4
100810.262,40,2104.2,2386,2763.4
100810.302,40,2100.4,2379.4,2774.8
100810.342,40,2110,2412.8,2810.4
100810.382,40,2135,2498,2888.6
100810.422,40,2170.8,2598.8,2896.2
100810.462,40,2229,2727,2829.4
100810.502,40,2316.8,2813,2685.4
100810.542,40,2398.4,2812.8,2529.8
100810.582,40,2486,2783.2,2416
100810.622,40,2559.2,2717.6,2330.2
100810.662,40,2650.8,2679.2,2273.2
100810.702,40,2723.6,2643.2,2231.8
100810.742,40,2769.2,2612.6,2213.4
100810.782,40,2772,2625.6,2215
100810.822,40,2729,2658.2,2241
100810.862,40,2671,2692.8,2273
100810.902,40,2589.8,2728.4,2327
100810.942,40,2508.6,2761.2,2389.6
100810.982,40,2412.8,2781,2488
100811.022,40,2318,2753.4,2597.2
100811.062,40,2237.4,2685.6,2724.4
100811.102,40,2175.6,2584,2804.8
100811.142,40,2136.2,2493,2829.8
100811.182,40,2113.6,2427,2829
100811.222,40,2102.4,2404.6,2846.4
100811.262,40,2113.4,2444.4,2892.4
100811.302,40,2138.2,2515.8,2929.2
100811.342,40,2175.6,2628.4,2924.4
100811.382,40,2246.6,2754.4,2824.4
100811.422,40,2325.6,2826.6,2674.6
100811.462,40,2413.2,2840.6,2534.6
100811.502,40,2498,2811.8,2431.2
100811.542,40,2574,2768.8,2354.2
100811.582,40,2636,2720,2298.8
100811.622,40,2676.8,2683.2,2265
100811.662,40,2700.8,2663.2,2250
100811.702,40,2696.6,2671.6,2255.6
100811.742,40,2670,2703.2,2277.6
100811.782,40,2627,2736,2309.4
100811.822,40,2573.4,2766,2356.8
100811.862,40,2506.8,2792.4,2414.4
100811.902,40,2427.2,2802.4,2483.6
100811.942,40,2349,2783.2,2582
100811.982,40,2272.4,2728.4,2678.2
100812.022,40,2208.2,2641.8,2768.8
100812.062,40,2160.4,2541.4,2810.2
100812.102,40,2125.8,2458.6,2805.8
100812.142,40,2107.8,2404.4,2782.6
100812.182,40,2101.4,2371.4,2745.8
100812.222,40,2106.6,2405.2,2812.6
100812.262,40,2123,2459.2,2867
100812.302,40,2143.4,2538.6,2925.2
100812.342,40,2180.8,2643.2,2948
100812.382,40,2228.8,2747.8,2896.4
100812.422,40,2291.2,2845.6,2797
100812.462,40,2364.6,2905.6,2680.2
100812.502,40,2425.2,2894.2,2553.6
100812.542,40,2487.8,2846.2,2460.4
100812.582,40,2533.8,2804.8,2396
100812.622,40,2577.6,2763.6,2350
100812.662,40,2619.8,2746.4,2318.4
100812.702,40,2656.6,2738.6,2299.4
100812.742,40,2690.8,2751.4,2290
100812.782,40,2721.6,2777.4,2296.8
100812.822,40,2731.6,2810.6,2306.6
100812.862,40,2738.6,2832.8,2312.2
100812.902,40,2751.2,2851.4,2316.4
100812.942,40,2748.8,2857.8,2323.6
100812.982,40,2743,2866.2,2326.4
100813.022,40,2737.4,2872.2,2332.6
100813.062,40,2717.6,2865.2,2334.2
100813.102,40,2693.2,2853.4,2339.6
100813.142,40,2653.8,2827.4,2344.8
100813.182,40,2611.6,2794,2349
100813.222,40,2583.8,2785.2,2358.8
100813.262,40,2563,2791.8,2377
100813.302,40,2530.4,2816,2408.6
100813.342,40,2488.2,2851.8,2464.8
100813.382,40,2417,2871.8,2556.4
100813.422,40,2336.8,2842.4,2661
100813.462,40,2262.6,2762.4,2760.6
100813.502,40,2205,2659.8,2824
100813.542,40,2164.2,2568.8,2834
100813.582,40,2142.8,2504.6,2824.8
100813.622,40,2141.6,2489,2829
100813.662,40,2147.8,2518.8,2846.6
100813.702,40,2172.8,2603.6,2864.8
100813.742,40,2215.8,2712.4,2871.6
100813.782,40,2272.8,2812.2,2811.8
100813.822,40,2351.8,2906.8,2708.8
100813.862,40,2433,2931.6,2582
100813.902,40,2510.8,2895,2468
100813.942,40,2571.4,2835.6,2390.4
100813.982,40,2616.4,2781.8,2339.8
100814.022,40,2630.8,2730.6,2308.4
100814.062,40,2665.2,2719.8,2289.8
100814.102,40,2684.4,2733,2287.4
100814.142,40,2676.6,2751,2302.2
100814.182,40,2666,2789.6,2320.6
100814.222,40,2623.4,2817.4,2356.2
100814.262,40,2558.8,2838,2401.8
100814.302,40,2473.6,2839.6,2472.2
100814.342,40,2377.4,2815.2,2563
100814.382,40,2292,2753.8,2656.4
100814.422,40,2227,2680.8,2755.4
100814.462,40,2175.4,2589.4,2819.2
100814.502,40,2140.2,2501.2,2842.2
100814.542,40,2117.4,2442,2848
100814.582,40,2111.6,2422.8,2861.8
100814.622,40,2115.6,2453.4,2920.8
100814.662,40,2132.4,2518,2959.4
100814.702,40,2169,2620,2976.4
100814.742,40,2219.4,2737.4,2926.8
100814.782,40,2299,2882.8,2824
100814.822,40,2387,2938.2,2661.2
100814.862,40,2474.4,2919.8,2523
100814.902,40,2557.8,2875.6,2423.2
100814.942,40,2608.8,2801.8,2351.6
100814.982,40,2653.4,2753.8,2310.8
100815.022,40,2677.4,2721.2,2283.2
100815.062,40,2704.8,2719.6,2275.2
100815.102,40,2700.8,2738.8,2288
100815.142,40,2686.4,2769.4,2306.6
100815.182,40,2657.2,2801.2,2331
100815.222,40,2602.8,2822.8,2371.2
100815.262,40,2536,2848.4,2422.2
100815.302,40,2446,2848.8,2504.4
100815.342,40,2362,2823.6,2607.8
100815.382,40,2277,2765.2,2717.8
100815.422,40,2210.4,2657.4,2801.6
100815.462,40,2159,2545.8,2837.6
100815.502,40,2126.4,2461,2826.2
100815.542,40,2109,2409.6,2811.8
100815.582,40,2101.6,2404.6,2818.2
100815.622,40,2112.4,2444.6,2877.4
100815.662,40,2142.4,2542.6,2943.2
100815.702,40,2189.8,2665.8,2959.2
100815.742,40,2250.6,2792.2,2873.6
100815.782,40,2332.2,2912.6,2759.8
100815.822,40,2428.8,2940.2,2602.6
100815.862,40,2509.4,2897.8,2474.2
100815.902,40,2578.6,2827.2,2386.2
100815.942,40,2610,2750.4,2325
100815.982,40,2678.8,2728.4,2291.6
100816.022,40,2730,2710.2,2266.2
100816.062,40,2758.8,2733.6,2269.8
100816.102,40,2755.6,2777.4,2285.2
100816.142,40,2734.8,2812.8,2308.6
100816.182,40,2677.4,2841.4,2346.6
100816.222,40,2600.2,2860.6,2391.8
100816.262,40,2503,2853.6,2455.2
100816.302,40,2407.4,2829.4,2544
100816.342,40,2325.8,2792.6,2645.2
100816.382,40,2251.6,2738.6,2763.4
100816.422,40,2199.4,2644.8,2854.2
100816.462,40,2147.8,2539.8,2904.2
100816.502,40,2116.2,2449.8,2895.8
100816.542,40,2101.4,2386.8,2810.2
100816.582,40,2105.4,2416.8,2894.6
100816.622,40,2115.6,2462.8,2957.8
100816.662,40,2147.2,2552,2991
100816.702,40,2192,2675.6,2967.4
100816.742,40,2262.4,2834,2886.6
100816.782,40,2354.2,2928.8,2726.6
100816.822,40,2459.4,2956.8,2573.4
100816.862,40,2563.6,2919.8,2442.4
100816.902,40,2655.6,2858.6,2358.6
100816.942,40,2706.6,2775.8,2297.2
100816.982,40,2741.8,2709,2262.8
100817.022,40,2766,2675,2241.2
100817.062,40,2773.4,2676.8,2238
100817.102,40,2768.4,2698.6,2251.6
100817.142,40,2744.2,2729,2271.2
100817.182,40,2704.8,2779.6,2304.6
100817.222,40,2640,2832.6,2352.8
100817.262,40,2547.6,2867.8,2427
100817.302,40,2449.8,2876.4,2526.4
100817.342,40,2349,2842,2638.8
100817.382,40,2261.8,2758.2,2761.4
100817.422,40,2202.2,2646.2,2832
100817.462,40,2153.4,2541.8,2859.4
100817.502,40,2123.6,2458.6,2836.2
100817.542,40,2109.6,2412.2,2814.8
100817.582,40,2109.4,2412.8,2819
100817.622,40,2117.4,2450.4,2871.4
100817.662,40,2155.2,2563.8,2930.4
100817.702,40,2199.4,2702.8,2948.2
100817.742,40,2274.4,2841.2,2853.2
100817.782,40,2375.2,2969.6,2714.2
100817.822,40,2489.8,2982.8,2548.2
100817.862,40,2591.6,2909.6,2424.8
100817.902,40,2657.6,2818,2343
100817.942,40,2682.8,2720.6,2285.6
100817.982,40,2732.8,2670.8,2252.4
100818.022,40,2785.4,2663.2,2231.6
100818.062,40,2806,2681.6,2232.4
100818.102,40,2807.8,2725.8,2250.4
100818.142,40,2783,2764,2271.2
100818.182,40,2725.2,2797.4,2306.4
100818.222,40,2638.2,2830.8,2361.6
100818.262,40,2538.4,2861.2,2434.2
100818.302,40,2440.6,2867,2526
100818.342,40,2348,2840.8,2646.8
100818.382,40,2266,2767.4,2776.8
100818.422,40,2194.8,2656.8,2871.2
100818.462,40,2149.4,2546.6,2911.6
100818.502,40,2122.2,2467.4,2905.2
100818.542,40,2108.2,2431.4,2900.6
100818.582,40,2113,2445.8,2945
100818.622,40,2125.6,2502.4,2987.8
100818.662,40,2156,2589.8,2995.6
100818.702,40,2209.4,2713.2,2962.2
100818.742,40,2269.8,2839.4,2866.6
100818.782,40,2354.4,2913.2,2713
100818.822,40,2447.2,2936.8,2572
100818.862,40,2543,2912.6,2460.8
100818.902,40,2623.2,2858,2378.2
100818.942,40,2681.8,2796,2319.4
100818.982,40,2728,2747.4,2280.8
100819.022,40,2754.2,2718,2264.2
100819.062,40,2742.4,2721.4,2268
100819.102,40,2725.6,2746.6,2282.8
100819.142,40,2706.4,2778,2303
100819.182,40,2674.8,2809.4,2329.4
100819.222,40,2620.6,2844.6,2370.4
100819.262,40,2543.4,2867.6,2435.4
100819.302,40,2447,2878.2,2521.4
100819.342,40,2354.2,2843.8,2637.2
100819.382,40,2267.4,2756,2756.2
100819.422,40,2194,2637.2,2839.4
100819.462,40,2147.8,2518.4,2852.8
100819.502,40,2116.4,2427.8,2834
100819.542,40,2093.4,2363.8,2757.4
100819.582,40,2110.6,2414.4,2853.8
100819.622,40,2118.4,2461,2917.6
100819.662,40,2155.8,2586.2,2975.2
100819.702,40,2211.4,2723.4,2936.2
100819.742,40,2294.6,2876,2825.8
100819.782,40,2392.6,2948.8,2659
100819.822,40,2495.2,2931.6,2507.8
100819.862,40,2583.8,2866.2,2404.6
100819.902,40,2637,2780.4,2332.4
100819.942,40,2686,2719,2286.2
100819.982,40,2742.2,2688.2,2252
100820.022,40,2797,2676.4,2233.8
100820.062,40,2830,2702,2236.8
100820.102,40,2822.8,2743,2252.8
100820.142,40,2803.8,2771.4,2271.8
100820.182,40,2753.8,2817.2,2305
100820.222,40,2679.2,2848.2,2345.4
100820.262,40,2574.2,2858.2,2413.4
100820.302,40,2469.4,2864.6,2496.8
100820.342,40,2370.4,2842.6,2607.6
100820.382,40,2288.8,2802.2,2739.2
100820.422,40,2221.2,2708.6,2851.2
100820.462,40,2166,2602.4,2924.8
100820.502,40,2134.2,2513.4,2937.8
100820.542,40,2112.2,2448.8,2924.6
100820.582,40,2116.4,2448.6,2941.8
100820.622,40,2123.8,2497,2980.2
100820.662,40,2158,2582.6,2990.6
100820.702,40,2204.8,2710.6,2956.4
100820.742,40,2273.4,2842.2,2852.8
100820.782,40,2366.8,2933,2705.6
100820.822,40,2475,2976.6,2571.4
100820.862,40,2566.2,2930.4,2447.6
100820.902,40,2646.8,2869.6,2366.8
100820.942,40,2705.2,2800.4,2314.2
100820.982,40,2735.6,2752.8,2283.6
100821.022,40,2742.2,2726.6,2267.4
100821.062,40,2732,2742.4,2279.4
100821.102,40,2713.2,2768.8,2297.6
100821.142,40,2705.2,2799.2,2313.4
100821.182,40,2684.6,2837.6,2339.6
100821.222,40,2640.6,2873.6,2376.4
100821.262,40,2571.4,2896.2,2430.8
100821.302,40,2486.4,2894.2,2497.6
100821.342,40,2397,2866.8,2585.2
100821.382,40,2316.4,2816.8,2689
100821.422,40,2246.8,2730.2,2791
100821.462,40,2184.2,2623.6,2855.4
100821.502,40,2148,2533,2880
100821.542,40,2119.2,2455.8,2885.2
100821.582,40,2108,2429.2,2894.8
100821.622,40,2110.2,2452.4,2930.8
100821.662,40,2132.4,2508,2974.2
100821.702,40,2163.6,2607.8,2991.6
100821.742,40,2213,2732.6,2939.2
100821.782,40,2287,2853.4,2822.8
100821.822,40,2379.6,2916,2666.8
100821.862,40,2467.6,2925.8,2536.6
100821.902,40,2557.2,2880.8,2429
100821.942,40,2626,2818.6,2357.2
100821.982,40,2671,2761.6,2306
100822.022,40,2722.2,2731,2278.4
100822.062,40,2747.6,2713.6,2262.4
100822.102,40,2765.2,2733.4,2266.6
100822.142,40,2763.4,2773.6,2284
100822.182,40,2744.8,2808.8,2302.6
100822.222,40,2710.4,2829.4,2327.4
100822.262,40,2646.8,2856.6,2362.2
100822.302,40,2576,2877.2,2415.2
100822.342,40,2488.8,2886.2,2487.4
100822.382,40,2409.2,2882.4,2582.6
100822.422,40,2331,2858.6,2702.4
100822.462,40,2257.6,2772.8,2808.6
100822.502,40,2194.6,2661,2889
100822.542,40,2156.8,2559.8,2917
100822.582,40,2122.8,2477.4,2908.8
100822.622,40,2108.6,2439.8,2888.4
100822.662,40,2110.6,2441.8,2904.2
100822.702,40,2126.8,2484.8,2931
100822.742,40,2146,2555.2,2976
100822.782,40,2178.8,2662.4,2990.6
100822.822,40,2229.2,2764.4,2929.2
100822.862,40,2296.2,2876,2829
100822.902,40,2365,2935.8,2702.6
100822.942,40,2439.2,2948.2,2586.4
100822.982,40,2500.6,2916.4,2495.2
100823.022,40,2549,2877.4,2429.6
100823.062,40,2589.2,2844.6,2389.2
100823.102,40,2614,2816.4,2364.8
100823.142,40,2638.8,2814.2,2346
100823.182,40,2652.4,2819.4,2344.4
100823.222,40,2665.8,2851.4,2356
100823.262,40,2665.4,2878.6,2367.8
100823.302,40,2676.8,2905,2374.8
100823.342,40,2682.8,2922.2,2381.2
100823.382,40,2675.4,2934.4,2388
100823.422,40,2675,2943,2390.4
100823.462,40,2661.2,2936.4,2395.4
100823.502,40,2649,2926.2,2397.4
100823.542,40,2625,2907.4,2400
100823.582,40,2599.4,2877.6,2402.4
100823.622,40,2577.8,2861.2,2404
100823.662,40,2565.2,2845.6,2407.8
100823.702,40,2555.2,2847.2,2412.8
100823.742,40,2554.8,2852.8,2418.8
100823.782,40,2559.8,2867.8,2423
100823.822,40,2561.8,2899.6,2433.2
100823.862,40,2564.8,2917.8,2446.4
100823.902,40,2564.8,2927.2,2451.2
100823.942,40,2559,2932.4,2455.8
100823.982,40,2549.4,2924,2454.8
100824.022,40,2544.8,2910.8,2463.2
100824.062,40,2530,2903.8,2463.4
100824.102,40,2521.6,2906.4,2467.6
100824.142,40,2520.8,2904.8,2469.2
100824.182,40,2521.8,2915.4,2477.2
100824.222,40,2537.2,2932.6,2473.8
100824.262,40,2562.8,2949.4,2464.2
100824.302,40,2609.4,2968.2,2444.6
100824.342,40,2660.8,2975.8,2415
100824.382,40,2714.6,2951.2,2378.2
100824.422,40,2766.6,2912.4,2336.2
100824.462,40,2822,2869.4,2298.6
100824.502,40,2824.8,2805.2,2273.2
100824.542,40,2821,2753.4,2262.2
100824.582,40,2790.8,2724.8,2256
100824.622,40,2747,2710.6,2260
100824.662,40,2718,2716.6,2272.8
100824.702,40,2727.6,2729.4,2279.2
100824.742,40,2744.4,2760.4,2286.8
100824.782,40,2752.6,2796,2295.6
100824.822,40,2728,2827.6,2321.4
100824.862,40,2670.2,2860.6,2356.8
100824.902,40,2597,2882.4,2400.4
100824.942,40,2512.2,2883.4,2455.8
100824.982,40,2437,2886,2544.8
100825.022,40,2360.6,2865.4,2640
100825.062,40,2291.6,2809.8,2741.6
100825.102,40,2236.6,2741.4,2814.2
100825.142,40,2202.2,2678,2869.8
100825.182,40,2180.6,2625,2896.8
100825.222,40,2175.8,2612.2,2908.6
100825.262,40,2179.2,2624.4,2911.6
100825.302,40,2181.2,2638.6,2922
100825.342,40,2188.2,2655.4,2925.2
100825.382,40,2191.8,2678.2,2933.8
100825.422,40,2203.2,2713.8,2938
100825.462,40,2224.8,2755.6,2935
100825.502,40,2247.8,2798.2,2908.4
100825.542,40,2274.8,2845,2863.8
100825.582,40,2316.4,2906.8,2810
100825.622,40,2351.2,2941.6,2741.8
100825.662,40,2389.6,2955.6,2682.4
100825.702,40,2423.6,2959.2,2630.2
100825.742,40,2441.2,2956.4,2589.6
100825.782,40,2456,2952.6,2564.2
100825.822,40,2454,2934.8,2554.2
100825.862,40,2439,2913.8,2562.6
100825.902,40,2427.8,2906,2569.4
100825.942,40,2424.2,2899.8,2577.8
100825.982,40,2422,2900.6,2578.6
100826.022,40,2412,2904,2579.6
100826.062,40,2414.8,2908.4,2597.6
100826.102,40,2416.8,2923,2605.6
