169723.73,40,2117.6,2470,2937.8
169723.77,40,2116,2472,2938.6
169723.81,40,2119,2478.4,2937.2
169723.85,40,2117.4,2470.6,2942.6
169723.89,40,2120,2473,2940.2
169723.93,40,2119.4,2471.4,2940.4
169723.97,40,2118.8,2470,2941
169724.01,40,2116.6,2470,2942.4
169724.05,40,2123.4,2475.8,2941
169724.09,40,2118.4,2473.6,2940.2
169724.13,40,2118.2,2472.4,2937.4
169724.17,40,2118,2467.2,2942.2
169724.21,40,2118.6,2471.2,2941
169724.25,40,2120,2470.4,2939.4
169724.29,40,2118.2,2471.6,2940.2
169724.33,40,2119.2,2501.8,2995.6
169724.37,40,2140,2551.6,3005.8
169724.41,40,2168,2644.4,2991.2
169724.45,40,2221.6,2764.2,2904.4
169724.49,40,2303.2,2882.8,2761.6
169724.53,40,2420.8,2953.8,2605
169724.57,40,2559.4,2949,2464.2
169724.61,40,2699.8,2874.2,2356
169724.65,40,2819.4,2770,2275.8
169724.69,40,2911.6,2668,2219.6
169724.73,40,2967.4,2588.4,2182.8
169724.77,40,2989,2538,2164.8
169724.81,40,3003.4,2534.6,2159.8
169724.85,40,3024.8,2580.2,2169.8
169724.89,40,3027.6,2630.8,2189.8
169724.93,40,3024.6,2707.6,2215.4
169724.97,40,2997,2808.4,2254.2
169725.01,40,2934,2934.8,2302.2
169725.05,40,2814.2,3079.8,2386.2
169725.09,40,2656.8,3191.2,2504.4
169725.13,40,2485.2,3215.2,2667.6
169725.17,40,2341.4,3106.4,2856.6
169725.21,40,2235.6,2912,3028.2
169725.25,40,2170,2717.8,3114.8
169725.29,40,2150.6,2593.6,3014.4
169725.33,40,2160.6,2595.4,2933.2
169725.37,40,2192,2733.4,3007.6
169725.41,40,2260,2873.6,2893
169725.45,40,2367.4,3021.2,2746.2
169725.49,40,2516.8,3094.2,2584
169725.53,40,2677,3051.4,2431
169725.57,40,2851,2937.4,2324
169725.61,40,2971.8,2790.6,2250.2
169725.65,40,3046.2,2668.2,2202
169725.69,40,3060.8,2567.6,2168.2
169725.73,40,3053.4,2504.6,2147
169725.77,40,3037,2498.4,2142.8
169725.81,40,3043,2536.8,2155.8
169725.85,40,3033.8,2577.8,2170.2
169725.89,40,3024.2,2643,2194.4
169725.93,40,2977.2,2716,2221.8
169725.97,40,2928,2831,2276
169726.01,40,2823,2954.2,2339
169726.05,40,2675.4,3072.2,2442
169726.09,40,2513.6,3113.4,2577.6
169726.13,40,2370.8,3048.6,2752
169726.17,40,2254.4,2882.2,2911
169726.21,40,2180,2702.6,3022.6
169726.25,40,2135.2,2555.6,3038
169726.29,40,2136.2,2493.8,2858.4
169726.33,40,2151.4,2560.4,2871.6
169726.37,40,2207,2721.2,2916.2
169726.41,40,2289.2,2886.6,2811.6
169726.45,40,2422.4,3075.4,2682.6
169726.49,40,2608,3134.6,2518.2
169726.53,40,2804.4,3043,2373.8
169726.57,40,2994.2,2885.6,2275
169726.61,40,3103.2,2730,2211.2
169726.65,40,3138,2610.6,2170.8
169726.69,40,3129.8,2555.8,2155.8
169726.73,40,3124.8,2572.8,2157.2
169726.77,40,3117.4,2612,2171.8
169726.81,40,3092.6,2662.4,2192.4
169726.85,40,3063.8,2748,2223.4
169726.89,40,3000.6,2848.2,2262.2
169726.93,40,2894.2,2962.6,2325.8
169726.97,40,2758.4,3069.2,2405
169727.01,40,2604.6,3135.2,2510
169727.05,40,2452.4,3128.8,2659.4
169727.09,40,2325.8,3012.8,2813.4
169727.13,40,2231.6,2834.8,2954.8
169727.17,40,2168.2,2664.4,3012.2
169727.21,40,2141.6,2564.4,2996.2
169727.25,40,2147.8,2549.2,2893.2
169727.29,40,2180.4,2679.6,2979.2
169727.33,40,2242.6,2846.4,2915
169727.37,40,2353.2,3046.2,2802
169727.41,40,2508.2,3162.8,2622.4
169727.45,40,2718.4,3185.4,2462.6
169727.49,40,2952,3064,2337.6
169727.53,40,3136.8,2889.8,2252.8
169727.57,40,3230.6,2728.8,2199.2
169727.61,40,3242.8,2634.2,2167.2
169727.65,40,3211.8,2619,2165.2
169727.69,40,3208.2,2657.8,2179.4
169727.73,40,3162.2,2701.4,2197.2
169727.77,40,3111.8,2789.8,2226.4
169727.81,40,3033,2877.4,2270.6
169727.85,40,2925.2,3001.4,2326.8
169727.89,40,2778.2,3114.6,2410.6
169727.93,40,2623.6,3193.8,2529.8
169727.97,40,2473.4,3197,2677.4
169728.01,40,2340,3093.2,2853.8
169728.05,40,2239.4,2910,3016.2
169728.09,40,2176.2,2720.2,3096.6
169728.13,40,2140.6,2604.8,3071.6
169728.17,40,2153.8,2575.6,2931
169728.21,40,2187.4,2718,3008.2
169728.25,40,2258.6,2858.2,2888.8
169728.29,40,2372.6,3069.8,2779.4
169728.33,40,2528.2,3162.4,2596.2
169728.37,40,2725.4,3137.8,2445
169728.41,40,2933.2,3000.6,2323.6
169728.45,40,3073.8,2836.6,2246.4
169728.49,40,3143,2707,2199
169728.53,40,3155.6,2640.4,2180
169728.57,40,3142.8,2650.2,2183.6
169728.61,40,3154,2707.6,2199.2
169728.65,40,3106,2754.4,2214
169728.69,40,3062.6,2840.4,2248.2
169728.73,40,2979.4,2928.6,2292.2
169728.77,40,2868.2,3032,2357.2
169728.81,40,2730.8,3114,2432
169728.85,40,2582.8,3167.6,2547.2
169728.89,40,2440.6,3132.2,2685.2
169728.93,40,2316,3007.8,2827.2
169728.97,40,2233,2835.2,2945
169729.01,40,2175,2679.4,2995
169729.05,40,2155.4,2588.2,2952.6
169729.09,40,2166.6,2580.4,2843.2
169729.13,40,2207.4,2720.6,2901.8
169729.17,40,2281,2843.2,2787.4
169729.21,40,2403.6,3060.2,2713.6
169729.25,40,2558,3143.4,2553.8
169729.29,40,2770.4,3126.4,2417.2
169729.33,40,2978.6,3004,2311
169729.37,40,3137.6,2857.8,2239.4
169729.41,40,3228.4,2750.8,2204.6
169729.45,40,3259.2,2707.4,2185.6
169729.49,40,3277.4,2748.2,2195.6
169729.53,40,3257.4,2808,2214.8
169729.57,40,3196.6,2876.4,2242.6
169729.61,40,3108.6,2972.8,2280.8
169729.65,40,2974,3076.4,2336.6
169729.69,40,2820.2,3171.8,2412.4
169729.73,40,2656.8,3225,2515
169729.77,40,2500.8,3209.2,2645.8
169729.81,40,2366.6,3108.8,2796.6
169729.85,40,2265.6,2929.8,2924
169729.89,40,2195.8,2745,2987
169729.93,40,2163.4,2633.2,2985
169729.97,40,2167.8,2598.6,2876.2
169730.01,40,2199,2683.4,2867.8
169730.05,40,2262.6,2796,2790.8
169730.09,40,2362,2962.6,2703.4
169730.13,40,2496.4,3042.4,2569.8
169730.17,40,2659.6,3031.8,2437.6
169730.21,40,2828.4,2954.2,2335.8
169730.25,40,2976.6,2839.8,2263.8
169730.29,40,3077.6,2743.8,2215.4
169730.33,40,3114.8,2680.4,2194
169730.37,40,3125.2,2684.8,2191.2
169730.41,40,3144,2741,2209.6
169730.45,40,3104.2,2804.6,2236.6
169730.49,40,3044.2,2887.6,2267.4
169730.53,40,2962,2979.4,2311.4
169730.57,40,2839.8,3079.4,2376.4
169730.61,40,2699.4,3155,2462
169730.65,40,2556.8,3184.2,2577
169730.69,40,2417.4,3135.4,2713.4
169730.73,40,2310,3003,2857.8
169730.77,40,2228,2838,2952.4
169730.81,40,2186,2705.2,2977.8
169730.85,40,2188,2652.4,2875
169730.89,40,2220.4,2753.4,2887.4
169730.93,40,2292,2874.2,2793.8
169730.97,40,2397.6,2994.4,2671.4
169731.01,40,2531.8,3043,2533.6
169731.05,40,2688,3015.6,2415.2
169731.09,40,2834.4,2931.6,2325.8
169731.13,40,2952.2,2830.4,2266.4
169731.17,40,3022.2,2757.4,2230.2
169731.21,40,3053.4,2731.4,2217
169731.25,40,3069.4,2772.6,2230
169731.29,40,3048,2821.2,2246
169731.33,40,3011.6,2891.4,2271.2
169731.37,40,2938,2969.8,2310
169731.41,40,2838,3061.4,2371.4
169731.45,40,2706.8,3137.8,2450.2
169731.49,40,2565.8,3177.2,2564.8
169731.53,40,2428,3131,2700.4
169731.57,40,2311.6,3009.4,2853.8
169731.61,40,2226,2846.6,2959.8
169731.65,40,2184.6,2704.2,2990
169731.69,40,2183.4,2630.8,2840
169731.73,40,2220.8,2730.4,2854.6
169731.77,40,2290,2902.2,2829
169731.81,40,2397.2,3033.2,2696.2
169731.85,40,2540.2,3097.6,2556.6
169731.89,40,2698,3070.6,2428.8
169731.93,40,2874,2987,2333.4
169731.97,40,3008.2,2869.8,2263.2
169732.01,40,3103,2785.6,2226.8
169732.05,40,3137.6,2751.8,2211
169732.09,40,3144,2795.6,2222
169732.13,40,3132.6,2868,2243.6
169732.17,40,3068,2925.6,2274.8
169732.21,40,2980.2,3013.8,2315
169732.25,40,2863.4,3096.4,2375.2
169732.29,40,2727,3168.8,2455.2
169732.33,40,2578,3186,2553.4
169732.37,40,2439,3139.4,2685.4
169732.41,40,2323.2,3007.2,2821.4
169732.45,40,2236.6,2828.6,2910.2
169732.49,40,2182.4,2666.4,2930.8
169732.53,40,2164,2600.2,2910.8
169732.57,40,2177,2620.4,2853.8
169732.61,40,2224,2737.6,2841
169732.65,40,2300.8,2881.2,2765
169732.69,40,2416,2993.6,2640.8
169732.73,40,2559,3059,2512.6
169732.77,40,2725.2,3037,2404.6
169732.81,40,2902,2969.8,2320.4
169732.85,40,3043.8,2881.6,2263.8
169732.89,40,3147.2,2827.4,2232
169732.93,40,3199.4,2823.6,2227
169732.97,40,3221.8,2894.8,2240.2
169733.01,40,3193.4,2956,2259.4
169733.05,40,3134.2,3050,2296
169733.09,40,3033.6,3149.8,2341.2
169733.13,40,2902,3269,2412.2
169733.17,40,2750.2,3348.2,2505.4
169733.21,40,2581.2,3378,2636.8
169733.316,106,2260,3015.4,3056.6
169733.484,168,2326.8,2995,2808
169733.651,167,2921.4,2934,2305
169733.819,168,3115.8,2837.4,2240.4
169733.988,169,2761.4,3197,2447.2
169734.221,233,2175,2697.6,3024.2
169734.389,168,2503.6,3131,2606
169734.554,165,3174.8,2796.8,2219.4
169734.722,168,3159.4,3044.6,2286
169734.888,166,2527.8,3377.2,2702.8
169735.054,166,2170.4,2709.8,3121.4
169735.222,168,2534.6,3290,2650.6
169735.389,167,3274,2856.6,2224.6
169735.557,168,3289.8,2947.2,2244
169735.724,167,2640.8,3443,2607
169735.89,166,2172.2,2744.8,3183.2
169736.057,167,2411.8,3087.8,2722.2
169736.225,168,3041.4,2837,2252.4
169736.391,166,3046.8,2789,2238.8
169736.559,168,2603.4,3126,2511.8
169736.763,204,2166.2,2629.4,2945.8
169736.803,40,2190.2,2656.2,2869.8
169736.843,40,2235.6,2813,2899.8
169736.883,40,2321.6,2978,2805.6
169736.923,40,2452,3100.2,2658.4
169736.963,40,2614.6,3140.2,2509.4
169737.003,40,2812.2,3096.6,2387.6
169737.043,40,2997,2969.8,2297.8
169737.083,40,3139.2,2844.4,2237.6
169737.123,40,3197.6,2766,2207.4
169737.163,40,3212,2779.2,2206.6
169737.203,40,3199,2857.4,2234.4
169737.243,40,3142.4,2925.6,2263.4
169737.283,40,3059,3039.8,2304.4
169737.323,40,2926,3149.4,2370.4
169737.363,40,2767.2,3264,2463
169737.403,40,2594.4,3306.8,2597
169737.443,40,2436.2,3258.6,2764.4
169737.483,40,2309.2,3094.8,2945.2
169737.523,40,2219.6,2875,3076.4
169737.563,40,2166.8,2699.2,3113
169737.603,40,2156.8,2598.8,2952.2
169737.643,40,2180.6,2653.4,2910
169737.683,40,2234.6,2828.4,2924.6
169737.723,40,2333.2,2998.4,2801.8
169737.763,40,2472.6,3097.2,2627.8
169737.803,40,2639.6,3114.6,2479.6
169737.843,40,2831,3022,2358.4
169737.883,40,2983.6,2889.4,2275.8
169737.923,40,3085.2,2767,2223.8
169737.963,40,3128.8,2699.8,2195.8
169738.003,40,3135.6,2694.6,2195.4
169738.043,40,3144.2,2759.6,2215.4
169738.083,40,3112.2,2843.4,2240.8
169738.123,40,3048,2936,2283.4
169738.163,40,2947.6,3057.2,2339.4
169738.203,40,2818.8,3172.2,2417.2
169738.243,40,2664.4,3269.8,2525.8
169738.283,40,2506.6,3280.8,2673.6
169738.323,40,2370,3187.4,2855
169738.363,40,2268.2,3011.8,3015.4
169738.403,40,2199.2,2824.8,3120.4
169738.443,40,2168.6,2685.8,3079.6
169738.483,40,2180.4,2659.4,2934.6
169738.523,40,2224.6,2793.4,2955
169738.563,40,2290.8,2932.6,2846.2
169738.603,40,2396.6,3043.8,2704.8
169738.643,40,2527,3076,2555
169738.683,40,2669.8,3027.4,2432.4
169738.723,40,2802.4,2928,2335
169738.763,40,2904.8,2827.4,2274
169738.803,40,2958.6,2742.6,2232.6
169738.843,40,2973.6,2712.6,2221.8
169738.883,40,2965,2750,2239.8
169738.923,40,2938,2788,2254.6
169738.963,40,2902.6,2864.6,2287.6
169739.003,40,2836,2944.2,2334.4
169739.043,40,2750.2,3041.4,2398
169739.083,40,2630.8,3114.2,2484.2
169739.123,40,2502,3151,2614.2
169739.163,40,2380.4,3108.4,2777.2
169739.203,40,2274.6,2970.4,2946.4
169739.243,40,2192.2,2791.2,3077.2
169739.283,40,2155.4,2638.6,3089.6
169739.323,40,2166.8,2568.2,2850.4
169739.363,40,2195.2,2678.8,2888.8
169739.403,40,2263,2857.6,2871.8
169739.443,40,2371.2,3035.6,2746
169739.483,40,2528.8,3114.6,2581
169739.523,40,2693.2,3056.2,2428.8
169739.563,40,2858.2,2936.6,2318.8
169739.603,40,2970.2,2806.4,2254
169739.643,40,3037,2696.2,2207.4
169739.683,40,3058,2604.8,2174
169739.723,40,3050.8,2562,2161
169739.763,40,3041.2,2580.6,2171
169739.803,40,3025.2,2619.2,2190.2
169739.843,40,3000.6,2682.8,2209
169739.883,40,2955.6,2771.4,2250.2
169739.923,40,2881,2894.8,2302.8
169739.963,40,2759,3020.4,2386.2
169740.003,40,2608.2,3131.6,2506.2
169740.043,40,2452.8,3150.2,2676.4
169740.083,40,2317,3048.8,2878.6
169740.123,40,2212.2,2852,3065
169740.163,40,2144,2640,3162.6
169740.203,40,2122.2,2484.6,2955
169740.243,40,2121,2440.6,2828.6
169740.283,40,2144,2522.4,2880.4
169740.323,40,2192.6,2714,2975
169740.363,40,2285,2922.6,2875.6
169740.403,40,2438.2,3118,2695
169740.443,40,2662.8,3193.8,2502.8
169740.483,40,2919.4,3069.6,2348.2
169740.523,40,3105.4,2845.6,2246.2
169740.563,40,3178.8,2659.6,2182
169740.603,40,3157.4,2537.8,2146.4
169740.643,40,3116.2,2486.2,2133.2
169740.683,40,3120.2,2513.4,2142.8
169740.723,40,3127.6,2571.6,2159.6
169740.763,40,3101.2,2647.2,2187
169740.803,40,3054,2769,2229.4
169740.843,40,2948.6,2916.2,2296.8
169740.883,40,2781.6,3073.4,2399.2
169740.923,40,2586.4,3166.6,2542.2
169740.963,40,2406.4,3135.4,2744
169741.003,40,2271.2,2961.6,2946
169741.043,40,2182.4,2737.6,3058
169741.083,40,2132.6,2577,3091
169741.123,40,2134.4,2495.4,2880.8
169741.163,40,2148.4,2531,2856.6
169741.203,40,2193.8,2714.4,2981
169741.243,40,2274,2871.2,2849.6
169741.283,40,2413,3050.6,2695.4
169741.323,40,2626.2,3196,2525.4
169741.363,40,2879,3071.4,2361.2
169741.403,40,3094.8,2859.4,2247.6
169741.443,40,3184.6,2658.4,2180.8
169741.485,42,3153.4,2513.6,2140
169741.525,40,3103.8,2452.8,2125
169741.565,40,3096.6,2461,2121.4
169741.605,40,3131.4,2501.2,2139.6
169741.647,42,3100,2556.4,2158.4
169741.687,40,3111.2,2637.2,2182.2
169741.727,40,3051.6,2742,2224.8
169741.767,40,2953.8,2888.6,2286
169741.807,40,2802.4,3024.6,2373.6
169741.849,42,2604.8,3130.4,2511.8
169741.889,40,2438.4,3124.6,2682.8
169741.929,40,2300.2,2998.4,2875.6
169741.969,40,2206.8,2801,3009.4
169742.009,40,2155,2631.8,3055.4
169742.049,40,2149.2,2541.4,2886.8
169742.089,40,2168.8,2604.6,2876.4
169742.129,40,2227.6,2785.6,2932.8
169742.169,40,2321,2948.8,2803.4
169742.209,40,2469.8,3141,2654
169742.249,40,2689,3213.6,2487.8
169742.289,40,2919.8,3084.6,2348.8
169742.329,40,3129,2905.8,2256.2
169742.369,40,3234.8,2729.6,2199
169742.409,40,3267.2,2622,2160.6
169742.452,43,3253.2,2585,2152.2
169742.492,40,3255,2627.6,2163
169742.532,40,3238.8,2681.8,2181.6
169742.572,40,3205.2,2757.2,2208.4
169742.612,40,3140.4,2851.4,2244.8
169742.652,40,3051.6,2987.4,2295.2
169742.692,40,2922.8,3138.6,2368.6
169742.732,40,2757.6,3270.8,2470.4
169742.772,40,2583,3330,2616.8
169742.812,40,2416,3266.4,2802.2
169742.852,40,2296,3092.4,3003.4
169742.892,40,2206.6,2874.2,3153.6
169742.932,40,2158.6,2701.8,3202.2
169742.972,40,2156.8,2608.4,3024.4
169743.012,40,2176.2,2676.2,2994.4
169743.052,40,2234.8,2862.2,2995.8
169743.092,40,2332.6,3041.2,2839
169743.132,40,2493.4,3246,2681.4
169743.172,40,2704.6,3245.8,2494
169743.212,40,2928.6,3092.2,2349.2
169743.252,40,3106.4,2899.8,2259.2
169743.292,40,3199.6,2723.2,2193.8
169743.332,40,3198.6,2608.2,2160.8
169743.372,40,3183.2,2565.4,2156
169743.412,40,3183.6,2595,2162.4
169743.452,40,3170.6,2633.6,2175
169743.492,40,3150.6,2702,2199.2
169743.532,40,3102,2793.8,2231
169743.572,40,3028.4,2915,2279
169743.612,40,2903.2,3047.8,2348
169743.652,40,2755.6,3176.8,2444.8
169743.692,40,2593.4,3251,2578.8
169743.732,40,2432.6,3227,2755.2
169743.772,40,2299.2,3072.8,2949.4
169743.812,40,2210.2,2861.6,3110.6
169743.852,40,2155.4,2674.6,3167.2
169743.892,40,2143.6,2561.8,2986
169743.932,40,2162.4,2583,2899.8
169743.972,40,2208.6,2754.6,2972.4
169744.012,40,2288.8,2929.6,2867.8
169744.052,40,2420.6,3138.6,2730.6
169744.092,40,2602.6,3208.6,2545.2
169744.132,40,2837.6,3161,2401.2
169744.172,40,3049,3002.8,2298.2
169744.212,40,3201.2,2837.8,2233.4
169744.252,40,3261,2708,2188.4
169744.292,40,3279,2643.8,2164.4
169744.332,40,3283.4,2656.8,2173
169744.372,40,3271.4,2726.8,2190.8
169744.412,40,3232.8,2817,2217
169744.452,40,3145.8,2921.4,2260.8
169744.492,40,3024,3049.4,2314.8
169744.532,40,2870.8,3161.8,2393
169744.572,40,2709.8,3269.8,2500.8
169744.612,40,2537.8,3286.6,2641.6
169744.652,40,2390.4,3194.6,2811.4
169744.692,40,2279.2,3020.4,2978.4
169744.732,40,2203.6,2816,3083.4
169744.772,40,2158.8,2654,3092.4
169744.812,40,2155.8,2579.2,2918
169744.852,40,2179.8,2641.2,2898.8
169744.892,40,2237.4,2834.6,2948.8
169744.932,40,2328.6,3007.6,2813.6
169744.972,40,2472,3135.4,2652
169745.012,40,2640.8,3157,2498.2
169745.052,40,2830,3074.2,2376
169745.092,40,2995.8,2952.6,2289.6
169745.132,40,3106.8,2822.4,2238
169745.172,40,3161.2,2741,2205.6
169745.212,40,3170.8,2736.8,2204
169745.252,40,3169,2787.8,2222.4
169745.292,40,3130.2,2836.8,2242.2
169745.332,40,3075,2928.6,2274.2
169745.372,40,2980.2,3019.8,2320.4
169745.412,40,2859,3131.6,2389
169745.452,40,2719.8,3216.2,2475.4
169745.492,40,2567.6,3252,2598.4
169745.532,40,2429.8,3191.6,2742
169745.572,40,2314.4,3051.2,2892.4
169745.612,40,2231.2,2867.6,3008.6
169745.652,40,2175.4,2695.4,3035.6
169745.692,40,2153,2589.4,2962.8
169745.732,40,2164.6,2579.4,2842.2
169745.772,40,2206.4,2693.8,2843.2
169745.812,40,2286.2,2834.6,2764.2
169745.852,40,2408.2,3026,2673
169745.892,40,2564.8,3069.8,2519.2
169745.932,40,2733.2,3021.2,2393.8
169745.972,40,2894.6,2912,2306.6
169746.012,40,3014.6,2794,2239.4
169746.052,40,3072.2,2694.4,2200.4
169746.092,40,3087.4,2652.4,2190.4
169746.132,40,3077,2684.6,2198
169746.172,40,3047.6,2726,2216.4
169746.212,40,2996.4,2791.6,2246.6
169746.252,40,2915.2,2870.4,2290.2
169746.292,40,2807.6,2963.4,2350.6
169746.332,40,2672.8,3039.6,2427.8
169746.372,40,2533.8,3085,2541
169746.412,40,2403.8,3033.4,2671.8
169746.452,40,2291.6,2911.6,2809.6
169746.492,40,2211.8,2744.8,2894.6
169746.532,40,2161.8,2593.8,2916.4
169746.572,40,2143.4,2528.2,2874.8
169746.612,40,2158.4,2544.4,2821.2
169746.652,40,2199.8,2666,2841.8
169746.692,40,2269.8,2822.2,2794.6
169746.732,40,2381.4,2993.4,2696.8
169746.772,40,2526.6,3094.6,2556
169746.812,40,2729.4,3113.2,2428.8
169746.852,40,2934.4,3017.6,2327
169746.892,40,3114,2893,2255.8
169746.932,40,3220.4,2790.6,2215.2
169746.972,40,3256.6,2749.6,2199.6
169747.012,40,3276.2,2801.6,2208.6
169747.052,40,3252.2,2863,2228.8
169747.092,40,3185.6,2957.4,2263.2
169747.132,40,3070,3063.2,2312.4
169747.172,40,2922.6,3179.6,2379.8
169747.212,40,2748.8,3268.8,2478.4
169747.252,40,2569.8,3296,2621.2
169747.292,40,2409,3210.8,2784.2
169747.332,40,2285.6,3026.2,2960.4
169747.372,40,2205.2,2797,3034.2
169747.412,40,2159.6,2643.2,3010
169747.452,40,2174.8,2579.4,2812
169747.492,40,2205.6,2703.4,2860.4
169747.532,40,2277,2835,2783.2
169747.572,40,2389,3014,2689.8
169747.612,40,2532.8,3091,2545.4
169747.652,40,2708.2,3057,2418
169747.692,40,2867,2963.2,2325.2
169747.732,40,3004,2850.4,2263
169747.772,40,3073,2761,2223
169747.812,40,3111.4,2726.2,2207.8
169747.852,40,3111.8,2761.6,2219.8
169747.892,40,3098.4,2843.8,2245.6
169747.932,40,3043.2,2908.2,2269.6
169748.075,143,2622.2,3232.2,2542.6
169748.142,67,2371.2,3125.8,2799.8
169748.182,40,2263.4,2952.2,2949
169748.222,40,2189,2744.8,3019.6
169748.262,40,2158.4,2598.2,2915
169748.302,40,2172.4,2582.4,2812.6
169748.342,40,2214.2,2740.2,2903.8
169748.382,40,2284.8,2865.6,2801.4
169748.422,40,2392.8,3039.8,2702
169748.462,40,2542.2,3124.2,2558.4
169748.502,40,2715,3109,2433.6
169748.542,40,2894.8,3020.4,2338
169748.582,40,3040.4,2916.6,2271.4
169748.622,40,3132.2,2828.6,2236.2
169748.662,40,3177.4,2802.6,2225.6
169748.702,40,3183.4,2849.4,2236.6
169748.742,40,3153.6,2915.6,2256.2
169748.782,40,3090.4,3012.2,2292.2
169748.822,40,2982,3105,2341
169748.862,40,2840.6,3210,2418.6
169748.902,40,2682.4,3278.2,2517.8
169748.942,40,2525.6,3270.8,2652.6
169748.982,40,2384.4,3162,2797.4
169749.022,40,2277.6,2985.6,2948.2
169749.062,40,2202.8,2771.6,3005.4
169749.102,40,2166,2625.2,2965.4
169749.142,40,2173.6,2599.2,2858.8
169749.182,40,2201.6,2705.4,2883.8
169749.222,40,2262.8,2828.6,2820.6
169749.262,40,2355.4,2960.8,2720.2
169749.302,40,2477,3050,2590.8
169749.342,40,2626.8,3075.6,2470
169749.382,40,2799,3028.4,2374.4
169749.422,40,2948.6,2940.4,2298.8
169749.462,40,3057.2,2859.8,2254.6
169749.502,40,3113.6,2823.6,2235
169749.542,40,3112.6,2857.8,2244.4
169749.582,40,3096.2,2940.4,2271.6
169749.622,40,3037.6,2998.6,2303.8
169749.662,40,2941.4,3089.2,2350
169749.702,40,2822,3168.8,2415
169749.742,40,2679,3240.6,2509.8
169749.782,40,2530.6,3236.8,2630
169749.822,40,2392.8,3146.6,2770
169749.862,40,2286,2983.6,2913.2
169749.902,40,2207.8,2781.8,2993.2
169749.942,40,2163.2,2633.4,2984
169749.982,40,2163.6,2576.2,2852.6
169750.022,40,2187.2,2652,2882.4
169750.062,40,2234.8,2766,2828.4
169750.102,40,2313.2,2917.4,2773
169750.142,40,2421.2,3028.2,2653
169750.182,40,2542.4,3085.2,2536
169750.222,40,2697.4,3084.6,2433
169750.262,40,2842.8,3033,2356.6
169750.302,40,2955,2959.6,2304.2
169750.342,40,3028.4,2915.2,2276
169750.382,40,3038.4,2931.2,2279
169750.422,40,3001.8,2994.6,2305.8
169750.462,40,2941.4,3043,2335
169750.502,40,2846.4,3104.6,2379.6
169750.542,40,2740.4,3154.4,2445.6
169750.582,40,2617.4,3182.4,2525.8
169750.622,40,2496.8,3157.2,2624.4
169750.662,40,2390.2,3077.8,2734.2
169750.702,40,2294.4,2938.6,2834
169750.742,40,2227.2,2780.2,2892
169750.782,40,2176,2638.6,2891.2
169750.822,40,2147.6,2547,2866.8
169750.862,40,2151.8,2541.6,2839
169750.902,40,2180.6,2607.6,2829
169750.942,40,2220.8,2701.4,2790.6
169750.982,40,2294.2,2842.4,2752.2
169751.022,40,2393,2970.2,2656.6
169751.062,40,2519.2,3042.8,2534.6
169751.102,40,2685.8,3054.8,2430.2
169751.142,40,2862,3005.2,2345.6
169751.182,40,3007.4,2913,2281
169751.222,40,3133.8,2830.4,2236.6
169751.262,40,3203.4,2780.4,2210.8
169751.302,40,3238,2788.4,2208.2
169751.342,40,3244.6,2859.2,2231
169751.382,40,3198,2944.2,2258
169751.422,40,3091.8,3063.4,2304.2
169751.462,40,2924.8,3214.6,2384.2
169751.502,40,2714.6,3343,2524
169751.542,40,2501.8,3368.4,2713.2
169751.582,40,2358.4,3230.6,2909.4
169751.622,40,2305.2,3045.6,2919.2
169751.662,40,2348.8,3194.8,2916
169751.702,40,2454.4,3276.4,2756.4
169751.742,40,2610,3313.6,2588.4
169751.782,40,2793.6,3246.8,2444.8
169751.822,40,2983.2,3125.2,2342.6
169751.862,40,3130,2983.6,2277.2
169751.902,40,3233.2,2862.2,2229.8
169751.942,40,3277.8,2774.8,2203
169751.982,40,3292.4,2731.4,2192.6
169752.022,40,3269.2,2727,2189.2
169752.062,40,3239.4,2760.2,2204
169752.102,40,3194.2,2800.6,2220.8
169752.142,40,3136.8,2814.2,2230.2
169752.182,40,3082.2,2841.8,2248.2
169752.222,40,3026,2856.8,2263.8
169752.262,40,2963.8,2887.8,2282.8
169752.302,40,2942,2934.4,2305
169752.342,40,2909.6,3031.6,2341
169752.382,40,2819.4,3157.6,2409.2
169752.422,40,2676,3301.2,2530.2
169752.462,40,2517.6,3359,2703.4
169752.502,40,2401.8,3282.4,2852
169752.542,40,2401.4,3262.2,2835.4
169752.582,40,2493,3348.2,2730.6
169752.622,40,2625.6,3382.6,2599.4
169752.662,40,2783.6,3334.4,2476
169752.702,40,2940.2,3221,2382.8
169752.742,40,3062.2,3091,2316.8
169752.782,40,3165.4,2972.2,2267.4
169752.822,40,3200.2,2887.6,2240.4
169752.862,40,3206.8,2829.2,2221.2
169752.902,40,3166.4,2804,2224
169752.942,40,3107.2,2811.8,2233.6
169752.982,40,3029,2844.2,2251.6
169753.022,40,2945.4,2849.8,2275.8
169753.062,40,2860.8,2864.6,2300.2
169753.102,40,2789.2,2880.2,2325.6
169753.142,40,2716.8,2914.4,2367.6
169753.182,40,2635.6,2954.8,2424.2
169753.222,40,2537.8,2996.4,2500
169753.262,40,2428.4,3006.4,2622.4
169753.302,40,2328.2,2953.6,2762.6
169753.342,40,2260,2869,2872.2
169753.382,40,2273.2,2863.4,2830.8
169753.422,40,2339.2,3087.2,2863
169753.462,40,2447.8,3237.2,2740.4
169753.502,40,2601.4,3302.8,2593
169753.542,40,2784,3264.8,2456.8
169753.582,40,2977.2,3169.2,2362.8
169753.622,40,3153,3019.2,2276.2
169753.662,40,3283.6,2869.2,2226.6
169753.702,40,3356.4,2744.6,2186
169753.742,40,3371,2646.8,2160.4
169753.782,40,3357.6,2581,2145
169753.822,40,3339.8,2549.4,2136.4
169753.862,40,3338.8,2555.4,2136.8
169753.902,40,3364.2,2595.6,2149.8
169753.942,40,3358.6,2615,2154.4
169753.982,40,3367.2,2644.2,2159
169754.022,40,3353.4,2664.4,2166.6
169754.062,40,3343.2,2717,2185
169754.102,40,3291.8,2792.8,2205.4
169754.142,40,3198.6,2927.2,2256
169754.182,40,3016.2,3102.6,2333.8
169754.222,40,2781.8,3274.4,2459.4
169754.262,40,2562,3316.2,2631.4
169754.302,40,2456,3208,2710.8
169754.342,40,2502,3281.8,2683
169754.382,40,2602.4,3285.2,2581.6
169754.422,40,2734.2,3236,2470.8
169754.462,40,2881.2,3133.8,2380.2
169754.502,40,3018,3007.6,2304.6
169754.542,40,3118,2883,2252
169754.582,40,3166.2,2788,2219.2
169754.622,40,3181.4,2722.2,2196.6
169754.662,40,3181.4,2674.6,2181.6
169754.702,40,3173.6,2653.4,2184.2
169754.742,40,3164.8,2660.6,2183.2
169754.782,40,3160.2,2701.6,2193.4
169754.822,40,3115.8,2732.8,2211.6
169754.862,40,3057.2,2793.2,2239
169754.902,40,2982.8,2868.8,2275.2
169754.942,40,2885,2976.4,2333.8
169754.982,40,2740,3079.8,2415.6
169755.022,40,2582,3153.2,2540.8
169755.062,40,2420.8,3121.4,2704.2
169755.102,40,2294.8,2966.4,2872.4
169755.142,40,2200.8,2776.8,2997.2
169755.182,40,2167.6,2645.4,2988.8
169755.222,40,2179.4,2626.2,2880.8
169755.262,40,2220.8,2779.2,2933.4
169755.302,40,2299,2933,2835.4
169755.342,40,2419.4,3070.6,2685.8
169755.382,40,2579.6,3093.8,2522
169755.422,40,2758,3036,2392.8
169755.462,40,2910.6,2900,2298.4
169755.502,40,3003.4,2775.2,2241
169755.544,42,3050,2692.2,2208.8
169755.584,40,3056.8,2665.4,2197.4
169755.624,40,3036.2,2703.2,2211.4
169755.664,40,2999.4,2758,2238.4
169755.704,40,2935.8,2814.6,2263
169755.744,40,2852.4,2889.8,2306
169755.784,40,2754.2,2970.8,2371.2
169755.824,40,2630.4,3032.2,2451.4
169755.864,40,2504.6,3060.2,2563.4
169755.904,40,2379.2,3011.6,2703.4
169755.944,40,2271.8,2877.8,2846
169755.984,40,2200,2728.8,2944.6
169756.024,40,2163.4,2619,2935.2
169756.064,40,2180.6,2622.2,2855.8
169756.104,40,2219,2776.8,2925.4
169756.144,40,2295,2929.2,2844.8
169756.184,40,2402.2,3066,2713.2
169756.224,40,2544.2,3135.4,2561.2
169756.264,40,2718.2,3108,2430.2
169756.304,40,2885.2,3009,2336.8
169756.344,40,3010.4,2888,2271.2
169756.384,40,3098,2789.2,2226.8
169756.424,40,3133.2,2731.2,2205.8
169756.464,40,3132.2,2747.8,2209.6
169756.504,40,3118.6,2800,2230.4
169756.544,40,3073.6,2845,2250.8
169756.584,40,3007.2,2925,2285
169756.624,40,2916.8,3013.8,2334.8
169756.664,40,2794.6,3110.2,2400.2
169756.704,40,2657,3187.4,2500
169756.744,40,2505.8,3195.4,2636
169756.784,40,2366,3110,2804.6
169756.824,40,2262.4,2940.6,2952.8
169756.864,40,2195,2765.6,3027
169756.904,40,2176.4,2663.4,2926.4
169756.944,40,2201.2,2738.4,2940.8
169756.984,40,2259.6,2866.6,2885
169757.024,40,2347,2994,2760.6
169757.064,40,2482.4,3061.4,2595.2
169757.104,40,2637.4,3048.4,2454
169757.144,40,2799.2,2928.6,2340.8
169757.184,40,2909.2,2785.6,2261.2
169757.224,40,2964,2659.8,2207.4
169757.264,40,2975.4,2564.4,2175
169757.304,40,2954.8,2504.8,2160.8
169757.344,40,2950.4,2503,2153.4
169757.384,40,2971.8,2540.4,2168.8
169757.424,40,2982.8,2607.4,2188.6
169757.464,40,2998.2,2690.2,2216.6
169757.504,40,2987.4,2828.4,2258.2
169757.544,40,2935,2987,2318.4
169757.584,40,2838,3166.6,2406.8
169757.624,40,2689,3309.8,2527
169757.664,40,2531.2,3379.2,2687.2
169757.704,40,2390.4,3269.6,2866.8
169757.744,40,2285.2,3115.2,3068.4
169757.784,40,2220.4,2942.4,3196.4
169757.824,40,2213.4,2865.4,3130.2
169757.864,40,2254.6,3000.8,3085.8
169757.904,40,2344.2,3137.4,2891.2
169757.944,40,2484.6,3251.6,2694.6
169757.984,40,2663.2,3193,2505.2
169758.024,40,2834.6,3056.8,2369
169758.064,40,2957.2,2884,2281.6
169758.104,40,3020.8,2743.4,2224
169758.144,40,3035.8,2658.4,2195
169758.184,40,3027.6,2635.6,2191.4
169758.224,40,3000.8,2665.2,2202.2
169758.264,40,2984,2722,2228.6
169758.304,40,2950,2770,2243.2
169758.344,40,2908.4,2845.8,2281.2
169758.384,40,2841.8,2917.4,2323.4
169758.424,40,2758.4,2999.4,2380
169758.464,40,2652.8,3071.4,2456.6
169758.504,40,2531.2,3106.2,2560
169758.544,40,2410,3076.4,2691
169758.584,40,2304,2960,2827.2
169758.624,40,2233.2,2831.4,2942.8
169758.664,40,2203.8,2734,2926.8
169758.704,40,2229,2725,2805
169758.744,40,2302,2946,2845.2
169758.784,40,2410.6,3098.4,2714.6
169758.824,40,2573.4,3171.4,2555.4
169758.864,40,2772,3127.8,2416
169758.904,40,2961,3000.6,2315.4
169758.944,40,3096.8,2848.6,2248.4
169758.984,40,3186.8,2732.4,2201.4
169759.024,40,3230,2653.4,2176.8
169759.064,40,3241.4,2632.4,2168.2
169759.104,40,3265.6,2679.6,2178.6
169759.144,40,3254,2732.4,2197
169759.184,40,3222.8,2816.8,2221.2
169759.224,40,3154.4,2925.6,2261.4
169759.264,40,3042,3077.6,2321.6
169759.304,40,2880,3226.2,2410.2
169759.344,40,2682.4,3326.4,2536.2
169759.384,40,2496.6,3325.2,2714.4
169759.424,40,2344,3186,2912.6
169759.464,40,2243.2,2959.8,3067.8
169759.504,40,2182,2769.6,3127.6
169759.544,40,2180.2,2678.8,2973
169759.584,40,2209,2782.8,3001.8
169759.624,40,2263.8,2927.4,2936
169759.664,40,2363.6,3073.2,2788.2
169759.704,40,2505.6,3165.4,2628.6
169759.744,40,2663.8,3157.4,2479.4
169759.784,40,2847.2,3076.2,2372.2
169759.824,40,2993.2,2950,2295
169759.864,40,3075,2831.8,2247.4
169759.904,40,3119,2766.8,2217.2
169759.944,40,3111.8,2767,2218.2
169759.984,40,3107.2,2823.2,2238
169760.024,40,3058.4,2869.2,2258.8
169760.064,40,2998.6,2954.2,2294
169760.104,40,2902,3045.4,2350.8
169760.144,40,2780.2,3153,2422.8
169760.184,40,2637,3205.8,2521.2
169760.224,40,2495.8,3208,2655.6
169760.264,40,2367.2,3113.2,2805.6
169760.304,40,2266.8,2948,2942.2
169760.344,40,2194.6,2762.8,3026.6
169760.384,40,2150.6,2615.4,3029.2
169760.424,40,2136,2533,2940.6
169760.464,40,2149.8,2573.4,2913.8
169760.504,40,2196.6,2706.4,2946.2
169760.544,40,2263,2871,2866.4
169760.584,40,2384,3031.2,2717.8
169760.624,40,2539.2,3106,2558.2
169760.664,40,2728.4,3070.8,2414.6
169760.704,40,2905.6,2963.4,2315
169760.744,40,3033.4,2831.2,2250
169760.784,40,3098,2730.4,2210.8
169760.824,40,3105.2,2695.8,2200.8
169760.864,40,3087.4,2733.8,2213.2
169760.904,40,3035.4,2791.8,2239.4
169760.944,40,2961.2,2874,2276.8
169760.984,40,2856.6,2967,2335
169761.024,40,2729,3057.8,2411.8
169761.064,40,2587.2,3099.8,2518
169761.104,40,2449,3087.4,2649.8
169761.144,40,2322.8,2968.8,2785
169761.184,40,2232.6,2810.4,2896.6
169761.224,40,2179.4,2665.8,2937
169761.264,40,2178.2,2614,2852.6
169761.304,40,2207.6,2706.6,2861.8
169761.344,40,2268.2,2829.4,2793.8
169761.384,40,2371.4,2961.8,2679.8
169761.424,40,2511,3026.4,2538
169761.464,40,2680,3008,2414.4
169761.504,40,2843.8,2915.2,2317.4
169761.544,40,2968.4,2796.2,2249.2
169761.584,40,3053.2,2699.8,2206.2
169761.624,40,3096,2642.2,2184.4
169761.664,40,3112.8,2645.2,2178.4
169761.704,40,3111.8,2698.8,2202.6
169761.744,40,3070,2747.4,2222
169761.784,40,3008.4,2817.6,2250.4
169761.824,40,2907.2,2881.8,2293.6
169761.864,40,2802.8,2958,2347.6
169761.904,40,2673.2,3014.6,2423
169761.944,40,2536.6,3036,2519.4
169761.984,40,2407.2,2995.2,2640.4
169762.024,40,2299.8,2887,2758.2
169762.064,40,2229,2762.4,2840.8
169762.104,40,2192.4,2671.2,2878.8
169762.144,40,2201.8,2682,2862.2
169762.184,40,2243.8,2782.6,2835.8
169762.224,40,2325.2,2919.4,2751.4
169762.264,40,2445.4,3045,2625.8
169762.304,40,2608.8,3091,2491.4
169762.344,40,2805.6,3052,2377.8
169762.384,40,2981.6,2934,2292.8
169762.424,40,3113.4,2808.2,2234.2
169762.464,40,3189.8,2702.4,2193.4
169762.504,40,3224.8,2641.8,2171.6
169762.544,40,3232.2,2644.6,2169.6
169762.584,40,3227.4,2703,2192.4
169762.624,40,3168.2,2780,2216.2
169762.664,40,3083.2,2877.8,2257.2
169762.704,40,2953.4,2990.4,2317.2
169762.744,40,2793.2,3098.6,2404
169762.784,40,2612.8,3156.2,2521.8
169762.824,40,2443.2,3134.4,2673.2
169762.864,40,2317.4,3005,2835.4
169762.904,40,2227.8,2834.8,2941
169762.944,40,2191.8,2703,2924.4
169762.984,40,2206.6,2672.6,2802.6
169763.024,40,2257.8,2844,2851.8
169763.064,40,2345.4,2974.8,2740.8
169763.104,40,2481,3076,2593.6
169763.144,40,2645,3070.6,2459.2
169763.184,40,2840,2995.4,2345.6
169763.224,40,2995.4,2866.4,2269.4
169763.264,40,3095.4,2737.2,2213.6
169763.304,40,3151.8,2640.4,2178.8
169763.344,40,3162,2578.4,2158.8
169763.384,40,3167.2,2574.2,2158
169763.424,40,3176.8,2622,2171.8
169763.464,40,3142.8,2684.4,2193.6
169763.504,40,3095.4,2772.2,2226.8
169763.544,40,3004.8,2878.2,2270.8
169763.584,40,2872.6,3004.4,2341.2
169763.624,40,2716.2,3106.6,2437.8
169763.664,40,2546.2,3156.6,2573.4
169763.704,40,2395.6,3104.6,2744.6
169763.744,40,2280,2957.2,2902.2
169763.784,40,2207.2,2801.6,3008.8
169763.824,40,2207.8,2682.8,2835.4
169763.864,40,2246.2,2819.8,2875.6
169763.904,40,2326.2,3006,2822.8
169763.944,40,2450.8,3133.8,2671.4
169763.984,40,2635.4,3159,2504.4
169764.024,40,2834,3071.6,2374.6
169764.064,40,3016.4,2909.8,2277.4
169764.104,40,3132.2,2749,2215.4
169764.144,40,3189.4,2630.8,2173.6
169764.184,40,3197.4,2552.6,2150.4
169764.224,40,3199,2526.4,2142.8
169764.264,40,3218,2575.4,2152.4
169764.304,40,3224,2631,2171.8
169764.344,40,3204.6,2705.4,2190
169764.384,40,3143,2804.6,2233
169764.424,40,3042.2,2923.8,2277.6
169764.464,40,2904,3054.2,2345.4
169764.504,40,2741.4,3168.6,2444.6
169764.544,40,2565,3216,2581.6
169764.584,40,2403.4,3158,2754.2
169764.624,40,2288.6,3003,2910
169764.664,40,2221.4,2840.8,2999.6
169764.704,40,2222.8,2739,2853.6
169764.744,40,2270.4,2889.6,2881.4
169764.784,40,2348.4,3027.6,2774
169764.824,40,2481.2,3131.6,2626.2
169764.864,40,2654.2,3129.8,2479.2
169764.904,40,2841,3043.6,2360.4
169764.944,40,3006.8,2898.2,2276.6
169764.984,40,3117.2,2755,2216.2
169765.024,40,3162.4,2645,2180.2
169765.064,40,3191.4,2581.8,2156.2
169765.104,40,3193.2,2569.6,2154.8
169765.144,40,3217.4,2617.2,2164.4
169765.184,40,3192,2665.2,2180.8
169765.224,40,3168.2,2747.2,2210.2
169765.264,40,3098.6,2838.4,2248
169765.304,40,3001.8,2967.8,2301.2
169765.344,40,2859.6,3097.2,2379
169765.384,40,2696.4,3198.2,2479.6
169765.424,40,2520,3230.8,2633.2
169765.464,40,2370.2,3139.6,2818.8
169765.504,40,2266,2970.8,2976.8
169765.544,40,2216.6,2817.6,2983.4
169765.584,40,2243,2800.4,2848.2
169765.624,40,2319.2,3009.6,2842.4
169765.664,40,2448.4,3119.4,2681.6
169765.704,40,2624.2,3169,2512.6
169765.744,40,2844.4,3075.8,2372.6
169765.784,40,3026.4,2905.8,2270.6
169765.824,40,3148.6,2743.4,2208.4
169765.864,40,3200.4,2606,2164.2
169765.904,40,3190.4,2505.2,2135.4
169765.944,40,3154.2,2435,2114.6
169765.984,40,3134.8,2398.4,2106.2
169766.024,40,3149,2389.2,2102.4
169766.064,40,3204.6,2406.6,2101
169766.104,40,3274.2,2436.4,2110.4
169766.144,40,3310.6,2464,2115.2
169766.184,40,3355.4,2507.4,2128.4
169766.224,40,3373.2,2578,2148
169766.264,40,3359.8,2676,2174.2
169766.304,40,3280.6,2826.4,2219.2
169766.344,40,3112.6,3032.8,2297.4
169766.384,40,2874.6,3233,2412.8
169766.424,40,2670,3324.2,2546.2
169766.464,40,2605.8,3324.4,2596.2
169766.504,40,2712.8,3328,2511.8
169766.544,40,2854.2,3262.8,2422
169766.584,40,3022,3151,2342.4
169766.624,40,3152.6,3000.6,2276.6
169766.664,40,3250.2,2871.6,2230.2
169766.704,40,3315,2758.6,2195
169766.744,40,3354,2667.6,2169.6
169766.784,40,3376.4,2606,2152.2
169766.824,40,3376.8,2574.4,2141
169766.864,40,3383.8,2558.2,2140.6
169766.904,40,3393.4,2580.4,2141.8
169766.944,40,3441.2,2623.4,2150.8
169766.984,40,3424.6,2641,2158
169767.024,40,3443.4,2685.2,2167.2
169767.064,40,3412.4,2735.2,2183.6
169767.104,40,3362,2855,2214.8
169767.144,40,3227.4,3024.8,2275.8
169767.184,40,3016.2,3245,2368
169767.224,40,2788.4,3391.2,2491.8
169767.264,40,2683.8,3396.8,2557
169767.304,40,2820.2,3342,2463.8
169767.344,40,3017,3187.2,2355.2
169767.384,40,3193.8,2985.4,2268.2
169767.424,40,3287,2786.8,2206.8
169767.464,40,3342.2,2642,2163.4
169767.504,40,3319.6,2533.2,2134.4
169767.544,40,3267.6,2457.2,2115.8
169767.584,40,3208.2,2415,2104.4
169767.624,40,3174.6,2389.4,2103
169767.664,40,3197,2404,2105.2
169767.704,40,3232.2,2437.6,2112.6
169767.744,40,3282.4,2476.8,2121.4
169767.784,40,3298.2,2534,2133.8
169767.824,40,3310,2605,2155.4
169767.864,40,3269.6,2715,2194.4
169767.904,40,3177.2,2862.6,2244.6
169767.944,40,3019.2,3029.2,2316.8
169767.984,40,2820.6,3178,2414
169768.024,40,2639.6,3232.4,2530.2
169768.064,40,2533.6,3225.2,2619.4
169768.104,40,2582.8,3240.2,2580
169768.144,40,2699.8,3221.2,2488
169768.184,40,2858.6,3152.2,2388.6
169768.224,40,3028.4,3016.2,2308.4
169768.264,40,3155.6,2862.6,2240.6
169768.304,40,3242,2721.4,2189.8
169768.344,40,3272.2,2614.6,2159.8
169768.384,40,3268,2537.8,2136
169768.424,40,3245,2480.8,2124.8
169768.464,40,3224.4,2460.8,2121
169768.504,40,3226.2,2473.6,2123.6
169768.544,40,3247.6,2508.2,2134.2
169768.584,40,3221.8,2526.8,2139.4
169768.624,40,3214.8,2571.4,2151.8
169768.664,40,3177,2612.6,2166.2
169768.704,40,3136.2,2680.2,2193.2
169768.744,40,3057,2774.8,2232.4
169768.784,40,2945.4,2912.6,2295.4
169768.824,40,2785.4,3059.6,2391.8
169768.864,40,2610,3153.6,2516.2
169768.904,40,2491.6,3165.8,2631.8
169768.944,40,2549.2,3242.2,2611.4
169768.984,40,2693.8,3249.8,2500.6
169769.024,40,2900.2,3186.4,2383.8
169769.064,40,3126.2,3004.4,2285.8
169769.104,40,3279.4,2792,2204.6
169769.144,40,3328.2,2618.8,2156.2
169769.184,40,3299.4,2485.4,2121
169769.224,40,3203.8,2396.6,2103
169769.264,40,3118.2,2351.8,2087.6
169769.304,40,3082.6,2338.8,2086.6
169769.344,40,3157,2364.6,2091.6
169769.384,40,3184.4,2382.6,2095.2
169769.424,40,3216.2,2405.6,2105.6
169769.464,40,3236.6,2436,2112.6
169769.504,40,3273.6,2474.8,2124.4
169769.544,40,3309.4,2536.6,2137.6
169769.651,107,3243.6,2829,2225.6
169769.818,167,2428.6,3217,2757.4
169769.986,168,2767.2,3268.8,2461.4
169770.153,167,3358,2600.6,2147.2
169770.322,169,3399.6,2663.8,2163
169770.553,231,2586.6,3293.6,2603.2
169770.72,167,2494,3106.4,2604.6
169770.888,168,3188.2,2823.6,2226
169771.057,169,3385.2,2620,2154
169771.222,165,3226.2,2982.6,2263.6
169771.389,167,2408.8,3236.2,2801.2
169771.556,167,2369.4,3130,2815.8
169771.724,168,3076,2938.4,2274.4
169771.892,168,3234,2665.4,2178.2
169772.059,167,3021.6,3036.2,2312
169772.228,169,2340.8,3140.2,2895.2
169772.394,166,2366,3147.2,2838
169772.56,166,3176,2896.6,2248.2
169772.727,167,3295.2,2657,2172.6
169772.895,168,2946.4,3122.4,2357.2
169773.128,233,2193.6,2722,2951
169773.245,117,2361.6,2999.6,2726.2
169773.285,40,2500,3086.2,2582.8
169773.325,40,2664.4,3078.8,2449.6
169773.365,40,2833.6,2990.6,2344.4
169773.405,40,2973,2876.8,2272.4
169773.445,40,3039.8,2764.2,2230.4
169773.485,40,3062.2,2702,2209.4
169773.525,40,3051.8,2701.4,2210.2
169773.565,40,3018.2,2752.2,2230.4
169773.605,40,2982,2814.8,2257.4
169773.645,40,2915.6,2884,2291
169773.685,40,2833.6,2965.6,2344.4
169773.725,40,2732.6,3034,2405.4
169773.765,40,2617.4,3108,2492.2
169773.805,40,2492.2,3120.6,2605.6
169773.845,40,2375.6,3071,2751
169773.885,40,2278.8,2965.2,2915
169773.925,40,2209.2,2821.6,3032.2
169773.965,40,2184.8,2722.2,3005.2
169774.005,40,2216.8,2719,2864.8
169774.045,40,2277.6,2958,2925.4
169774.085,40,2384.8,3112.2,2762.2
169774.125,40,2554.8,3221.6,2594.4
169774.165,40,2763.8,3189.8,2445
169774.205,40,2966,3054,2333
169774.245,40,3099.8,2892.8,2261.6
169774.285,40,3173.2,2772.2,2210.4
169774.325,40,3195.4,2700.4,2192.4
169774.365,40,3191,2707.8,2194.2
169774.405,40,3187,2773,2216
169774.445,40,3155,2840,2237
169774.485,40,3100.2,2921.2,2266
169774.525,40,3021.6,3017.4,2309.6
169774.565,40,2896.8,3115.2,2370.6
169774.605,40,2748.6,3202,2456.2
169774.645,40,2584.8,3242.6,2576.4
169774.685,40,2436.2,3190.4,2729.4
169774.725,40,2315.8,3058.6,2900.8
169774.765,40,2229.4,2886.4,3038
169774.805,40,2175.2,2723.6,3087.2
169774.845,40,2172.2,2634,2932.6
169774.885,40,2196.4,2725.2,2969
169774.925,40,2253.2,2860.2,2904.2
169774.965,40,2343.2,2987.6,2753.4
169775.005,40,2478,3073.2,2603.8
169775.045,40,2645.6,3068.6,2462.2
169775.085,40,2801.4,2969.8,2349.8
169775.125,40,2932.6,2837.6,2274.6
169775.165,40,2979.6,2722.4,2225.2
169775.205,40,2978.6,2646.6,2199.4
169775.245,40,2958.8,2645,2200.2
169775.285,40,2945.6,2682.2,2217.2
169775.325,40,2913,2710,2232.2
169775.365,40,2886.4,2778,2261.2
169775.405,40,2838.2,2854.2,2300
169775.445,40,2762.6,2958.6,2361
169775.485,40,2657.2,3053.6,2442.4
169775.525,40,2540,3132,2562.2
169775.565,40,2421,3134.6,2717.8
169775.605,40,2313.6,3066.8,2901
169775.645,40,2233.8,2919.2,3056.8
169775.685,40,2179.4,2783,3173
169775.725,40,2169.6,2697,3090
169775.765,40,2190.2,2774.6,3084.4
169775.805,40,2248,2919.6,3007.6
169775.845,40,2332,3071,2855.2
169775.885,40,2463,3173.6,2675.2
169775.925,40,2635.4,3203.2,2521
169775.965,40,2807.6,3111.8,2396
169776.005,40,2956.6,2983,2313.2
169776.045,40,3049.2,2855,2255.8
169776.085,40,3104.4,2759.4,2217.4
169776.125,40,3121.4,2716.4,2204
169776.165,40,3108.2,2744.8,2213.8
169776.205,40,3081,2811.8,2241.4
169776.245,40,3034.2,2888.8,2271.6
169776.285,40,2956.6,2980,2316
169776.325,40,2844.2,3085.6,2377.6
169776.365,40,2706.6,3173.6,2464.4
169776.405,40,2557.6,3220.8,2594.6
169776.445,40,2413.8,3180.4,2753.6
169776.485,40,2296.4,3048,2937.4
169776.525,40,2215.2,2868.6,3084
169776.565,40,2169.4,2712.6,3102.8
169776.605,40,2180,2627,2883.6
169776.645,40,2214,2754.6,2930.4
169776.685,40,2280.4,2900.2,2849.8
169776.725,40,2385.2,3067.2,2731.8
169776.765,40,2531.4,3132.4,2572
169776.805,40,2706.4,3089,2435.2
169776.845,40,2861.4,2980.4,2334.8
169776.885,40,2981.6,2856.8,2266
169776.925,40,3033.2,2739.8,2221.6
169776.965,40,3052.4,2663,2198.6
169777.005,40,3031.2,2649.2,2193.2
169777.045,40,3008,2696.8,2216
169777.085,40,2979,2735.8,2230.4
169777.125,40,2950.2,2810.6,2261.6
169777.165,40,2888.2,2888,2297.2
169777.205,40,2809.2,2986.2,2353.8
169777.245,40,2700,3079.2,2434.4
169777.285,40,2568.4,3141,2544.8
169777.325,40,2432.8,3137,2697.6
169777.365,40,2314.6,3060.8,2892.2
169777.405,40,2225.8,2894.8,3065.6
169777.445,40,2168.8,2732.8,3169
169777.485,40,2157.4,2613.8,3019.2
169777.525,40,2170.6,2664.8,2998
169777.565,40,2215,2822,3014.4
169777.605,40,2293.4,2952.4,2860.2
169777.645,40,2412.6,3095.2,2709.8
169777.685,40,2553,3130.6,2554.6
169777.725,40,2720.6,3083.8,2423.6
169777.765,40,2865.4,2978.2,2335.6
169777.805,40,2959.4,2859.8,2270.4
169777.845,40,3000.4,2763.8,2234.8
169777.885,40,3007.8,2736.6,2229.8
169777.925,40,2998.2,2768.2,2234.6
169777.965,40,2968.6,2809.6,2253.8
169778.005,40,2928.2,2876.6,2287.4
169778.045,40,2863.8,2946,2327.4
169778.085,40,2776.2,3031.8,2381.6
169778.125,40,2661.8,3088.2,2461.8
169778.165,40,2537.4,3130.2,2566.6
169778.205,40,2411.2,3087.6,2696.8
169778.245,40,2308.6,3005.6,2866
169778.285,40,2225.4,2859.8,3013.8
169778.325,40,2173,2710.8,3092.6
169778.365,40,2162.4,2616.4,2968
169778.405,40,2179.2,2649.8,2912.6
169778.445,40,2233.6,2794.8,2910
169778.485,40,2310.8,2990,2853.2
169778.525,40,2426.4,3103.6,2689.4
169778.565,40,2580.8,3143.4,2541.2
169778.605,40,2747.8,3102.2,2419
169778.645,40,2893,2993,2330.4
169778.685,40,3011.4,2877.8,2272
169778.725,40,3058,2784.2,2236
169778.765,40,3071,2750,2221
169778.805,40,3068.4,2781.2,2232
169778.845,40,3037.4,2825.2,2251.4
169778.885,40,3000.2,2893.4,2278.6
169778.925,40,2933.8,2969.8,2317.4
169778.965,40,2841.8,3066.6,2374
169779.005,40,2717.8,3144.8,2451
169779.045,40,2582.6,3188.2,2559.4
169779.085,40,2442.2,3167.2,2696.4
169779.125,40,2328.2,3088.6,2875.4
169779.165,40,2240,2926.8,3035
169779.205,40,2184.2,2763,3120.2
169779.245,40,2159.4,2663,3085.2
169779.285,40,2182.6,2682.4,2970.6
169779.325,40,2229.4,2850.6,3001.8
169779.365,40,2313.4,3010,2861.8
169779.405,40,2443.8,3133.2,2690
169779.445,40,2609.4,3171.8,2526.4
169779.485,40,2792.8,3101.8,2399
169779.525,40,2951.8,2970.2,2308.4
169779.565,40,3054.8,2839,2249
169779.605,40,3100.2,2736.8,2214.2
169779.645,40,3100.2,2717,2210
169779.685,40,3091,2763.4,2223
169779.725,40,3059.6,2810.6,2242.6
169779.765,40,3019,2891.8,2271.8
169779.805,40,2942.8,2984.8,2318.6
169779.845,40,2831.2,3103.8,2391
169779.885,40,2689.4,3189.6,2486.4
169779.925,40,2534.2,3219.6,2617.6
169779.965,40,2389.8,3162.4,2792.2
169780.005,40,2279.4,3029.6,2997.4
169780.045,40,2196.2,2826.2,3137.6
169780.085,40,2159,2669.8,3146
169780.125,40,2165,2617.2,2956.4
169780.165,40,2194.8,2760.8,3027.2
169780.205,40,2261.6,2922.4,2937.4
169780.245,40,2366.8,3044.4,2753.2
169780.285,40,2509.6,3120.2,2585.2
169780.325,40,2686.4,3098.4,2444.6
169780.365,40,2860.4,2989.2,2339.8
169780.405,40,2983.4,2858,2266.4
169780.445,40,3054.2,2737,2220
169780.485,40,3086.2,2667.4,2193.2
169780.525,40,3086.6,2651.2,2187
169780.565,40,3091.8,2694,2203.4
169780.605,40,3062.6,2725,2216
169780.645,40,3029,2784,2237.4
169780.685,40,2973.2,2841.8,2269.8
169780.725,40,2898.8,2926.8,2312.8
169780.765,40,2795.8,3001.8,2368.4
169780.805,40,2676.2,3081,2448
169780.845,40,2543.2,3104.6,2551.2
169780.885,40,2410.2,3063.6,2690.4
169780.925,40,2294.8,2958.8,2850.2
169780.965,40,2212.8,2807.2,2989
169781.005,40,2169.8,2670.4,3019.2
169781.045,40,2175.8,2594,2822
169781.085,40,2217.8,2720,2860.8
169781.125,40,2285.6,2864.4,2783.2
169781.165,40,2405.6,3052.2,2690.2
169781.205,40,2568,3096.2,2527.4
169781.245,40,2750.6,3043.2,2394.2
169781.285,40,2916.4,2911.8,2299.8
169781.325,40,3027.2,2768.4,2233.8
169781.365,40,3070,2653,2192
169781.405,40,3077.2,2590.8,2169.6
169781.445,40,3072.4,2582.2,2168.2
169781.485,40,3069.6,2622.4,2187.8
169781.525,40,3046,2652.8,2197.2
169781.565,40,3013.8,2703,2214.4
169781.605,40,2974.4,2751.2,2238.2
169781.645,40,2929.2,2825.6,2271
169781.685,40,2866.8,2902,2311
169781.725,40,2777.8,2998.2,2369.4
169781.765,40,2665.4,3074.6,2451.6
169781.805,40,2535.6,3112.8,2565
169781.845,40,2400.6,3073.2,2708.4
169781.885,40,2292.2,2980.2,2898.8
169781.925,40,2201.6,2812.6,3042
169781.965,40,2154.2,2656.8,3113.4
169782.005,40,2154.8,2573.6,2911.8
169782.045,40,2188.4,2640.6,2869.2
169782.085,40,2254.8,2852.8,2901.8
169782.125,40,2355.8,2987.4,2730.6
169782.165,40,2527.2,3179.6,2602.8
169782.205,40,2734.8,3154.6,2444.4
169782.245,40,2951.8,3028,2326.2
169782.285,40,3111,2857.2,2247.6
169782.325,40,3194.8,2709,2196.4
169782.365,40,3226.4,2621,2168.4
169782.405,40,3231,2601.6,2160
169782.445,40,3247,2648.8,2173.6
169782.485,40,3238.2,2707.6,2192.8
169782.525,40,3202.8,2788.4,2216.6
169782.565,40,3129.2,2886.4,2256.4
169782.605,40,3019.4,3007.6,2308.4
169782.645,40,2858.6,3124.4,2383.4
169782.685,40,2684.8,3208.4,2491.2
169782.725,40,2512.6,3204.2,2634
169782.765,40,2365.4,3108,2804.4
169782.805,40,2254.6,2922,2967.8
169782.845,40,2179.8,2737.2,3064.8
169782.885,40,2159.4,2618.6,3024.6
169782.925,40,2173.2,2599.8,2877.6
169782.965,40,2216,2743.6,2915.6
169783.005,40,2293,2862,2779.2
169783.045,40,2413.8,3011,2651.6
169783.085,40,2570.8,3039.6,2496.8
169783.125,40,2743,2975.2,2373.8
169783.165,40,2903.2,2860.8,2288.8
169783.205,40,2991.4,2732.8,2225
169783.245,40,3039.2,2644.6,2189.6
169783.285,40,3051.6,2612.8,2179.2
169783.325,40,3061.6,2638.6,2187.2
169783.365,40,3075.6,2698.8,2202.2
169783.405,40,3038.6,2741.2,2224.4
169783.445,40,2997,2825.4,2259.4
169783.485,40,2923.6,2904.4,2296.8
169783.525,40,2814.6,3002,2360.2
169783.565,40,2681.4,3075.6,2443.8
169783.605,40,2533.4,3105.6,2558.6
169783.645,40,2396.4,3054.4,2699.4
169783.685,40,2281.2,2923,2858.8
169783.725,40,2204.8,2762.6,2982.4
169783.765,40,2160.6,2634.8,3011.8
169783.805,40,2173.2,2583,2830.8
169783.845,40,2208,2709.2,2874.4
169783.885,40,2279.6,2860,2802
169783.925,40,2400.4,3016.4,2677.2
169783.965,40,2562.4,3071,2518.6
169784.005,40,2754.6,3033.4,2392
169784.045,40,2944.2,2916.4,2297.2
169784.085,40,3072,2781,2231
169784.125,40,3135.2,2679.2,2191.8
169784.165,40,3159.4,2631.2,2176.4
169784.205,40,3163.8,2645,2181.4
169784.245,40,3175.8,2709,2196.4
169784.285,40,3148.8,2758.6,2213.8
169784.325,40,3098.2,2843.8,2242.8
169784.365,40,3009.8,2923.2,2286.4
169784.477,112,2630,3141.4,2500.2
169784.54,63,2400.6,3074.8,2710
169784.58,40,2294.4,2940.6,2846.2
169784.62,40,2212.8,2788.8,2960.8
169784.66,40,2164.8,2651.4,2990
169784.7,40,2172.2,2588,2818.2
169784.74,40,2206.4,2693.4,2855.6
169784.78,40,2274,2836,2799.2
169784.82,40,2377.2,2993.2,2695.4
169784.86,40,2524,3051.6,2542.6
169784.9,40,2694,3038.4,2420
169784.94,40,2885.4,2959.8,2325.4
169784.98,40,3029,2849,2257.2
169785.02,40,3115.6,2746.8,2214.4
169785.06,40,3155.2,2689.8,2193.2
169785.12,60,3170.4,2739.6,2205.4
169785.16,40,3159.8,2807.8,2229
169785.2,40,3122.2,2874.6,2248.2
169785.24,40,3058.6,2959.8,2283.6
169785.28,40,2955.2,3048,2335.4
169785.32,40,2827.4,3138,2397.2
169785.36,40,2681.2,3203.8,2495.8
169785.4,40,2523.6,3211,2617.6
169785.44,40,2386.6,3128.8,2773.8
169785.48,40,2277,2963.2,2925.2
169785.52,40,2198,2781.6,3036.4
169785.56,40,2165.4,2653.2,3039.6
169785.6,40,2176.8,2602.8,2862.8
169785.64,40,2208.6,2724.2,2891.6
169785.68,40,2273.8,2827.4,2776.4
169785.72,40,2376.2,2950.6,2662.2
169785.76,40,2512.4,3007.8,2530.4
169785.8,40,2670.8,2988.8,2416.4
169785.84,40,2825.2,2912.2,2326.2
169785.88,40,2963.8,2818,2261.6
169785.92,40,3041.8,2727.8,2218.4
169785.96,40,3106.6,2687.8,2195.8
169786,40,3141.6,2701.8,2200.6
169786.04,40,3171,2771.2,2214.8
169786.08,40,3165.2,2815.8,2228.6
169786.12,40,3144.6,2896.8,2255
169786.16,40,3081,2973.2,2286.4
169786.2,40,2989.8,3075.2,2333.2
169786.24,40,2865.8,3169.8,2397.4
169786.28,40,2714.4,3249.2,2492.2
169786.32,40,2555.4,3265,2619.2
169786.36,40,2406.4,3205.8,2781.8
169786.4,40,2295,3046.8,2949.8
169786.44,40,2212.2,2855.2,3076.2
169786.48,40,2172.4,2730.4,3107.6
169786.52,40,2192.6,2683.4,2922
169786.56,40,2236.2,2835.4,2948.4
169786.6,40,2319,2968.8,2810
169786.64,40,2442.4,3064,2641.2
169786.68,40,2595.4,3063.6,2491.6
169786.72,40,2758.2,2997.4,2375.2
169786.76,40,2904.2,2882.8,2297.4
169786.8,40,2990.8,2771,2238.4
169786.84,40,3037,2675.4,2203.6
169786.88,40,3049.2,2623.6,2185.4
169786.92,40,3054.8,2632.4,2188.4
169786.96,40,3066.8,2680.4,2200.4
169787,40,3041,2732.2,2218
169787.04,40,3003.4,2817.4,2254.4
169787.08,40,2929.4,2915,2299
169787.12,40,2825.8,3035.6,2371.6
169787.16,40,2678.2,3120.2,2460.8
169787.2,40,2527.2,3164.4,2593.6
169787.24,40,2387.4,3124.8,2768.4
169787.28,40,2280.8,2990.8,2951.6
169787.32,40,2202,2824,3093
169787.36,40,2173.8,2705.2,3118.6
169787.4,40,2180.6,2709,3007.8
169787.44,40,2231.2,2865,3009.4
169787.48,40,2317,3050.2,2877.8
169787.52,40,2458.4,3181.8,2696
169787.56,40,2636.2,3210.8,2520.8
169787.6,40,2843,3143.8,2392.4
169787.64,40,3024.8,2998.8,2305.6
169787.68,40,3146,2859.4,2244.8
169787.72,40,3209.2,2756.4,2207.6
169787.76,40,3223,2713.8,2191
169787.8,40,3215.8,2756.4,2206.4
169787.84,40,3195.4,2834.6,2232.4
169787.88,40,3131.4,2909,2261.4
169787.92,40,3044.2,3018.2,2305.6
169787.96,40,2914.4,3116.6,2368.8
169788,40,2756,3215.2,2458.2
169788.04,40,2591.4,3249.6,2582
169788.08,40,2428.8,3209.4,2745
169788.12,40,2307.6,3065.4,2935.4
169788.16,40,2213.2,2876.2,3082.4
169788.2,40,2170.8,2717.2,3119.2
169788.24,40,2182.8,2645.2,2910.4
169788.28,40,2217.4,2773.6,2935.2
169788.32,40,2292.4,2928.4,2842.8
169788.36,40,2417,3127.2,2720.4
169788.4,40,2586.2,3170.6,2547.6
169788.44,40,2789.6,3135.4,2415.8
169788.48,40,2981.4,3013.6,2319.2
169788.52,40,3123.8,2874.2,2249.2
169788.56,40,3199.4,2747.6,2201.8
169788.6,40,3223,2677.8,2182.2
169788.64,40,3215.4,2677,2185
169788.68,40,3220.6,2743.6,2203
169788.72,40,3185.2,2798,2222.4
169788.76,40,3118.6,2888,2255.2
169788.8,40,3023,2994.2,2304
169788.84,40,2884.4,3124.2,2375.8
169788.88,40,2709.2,3217.8,2485.6
169788.92,40,2524.4,3248.4,2636.4
169788.96,40,2370.2,3159.2,2839.6
169789,40,2256.4,2974.2,3037.8
169789.04,40,2183.2,2770.8,3149.6
169789.08,40,2162,2656.6,3050.4
169789.12,40,2182,2694.6,2995.4
169789.16,40,2232.8,2902.4,3053
169789.2,40,2327,3074.4,2887.2
169789.24,40,2465.2,3211.4,2698.6
169789.28,40,2646.6,3243.2,2527.6
169789.32,40,2861.2,3172,2397.8
169789.36,40,3061.8,3025.6,2300
169789.4,40,3187.2,2864.4,2236
169789.44,40,3258.2,2745.6,2199.8
169789.48,40,3266.4,2673.6,2177.4
169789.52,40,3260.6,2672,2179.6
169789.56,40,3258.6,2717.4,2192
169789.6,40,3219.8,2774.2,2211.8
169789.64,40,3157.6,2861.2,2242.8
169789.68,40,3062.4,2959.8,2288.8
169789.72,40,2927.8,3081,2349.2
169789.76,40,2765.8,3182,2440.8
169789.8,40,2601,3234.4,2563
169789.84,40,2440,3201.2,2729
169789.88,40,2312.4,3082,2918
169789.92,40,2227,2895.8,3067
169789.96,40,2173,2746,3146
169790,40,2175,2660.2,2967.8
169790.04,40,2207.8,2779.4,3018
169790.08,40,2266.8,2904.4,2886.4
169790.12,40,2377,3018.6,2715.2
169790.16,40,2515.2,3062.4,2552.2
169790.2,40,2681.4,3018.4,2415
169790.24,40,2836.2,2910.2,2321.4
169790.28,40,2949.6,2773.8,2249
169790.32,40,2990,2665.2,2204.6
169790.36,40,2998.6,2606.4,2182.4
169790.4,40,2990,2600,2185
169790.44,40,3009.2,2644.4,2194.6
169790.48,40,2994.6,2688.8,2212.8
169790.52,40,2983,2760.2,2234.6
169790.56,40,2952,2839,2271.6
169790.6,40,2896.8,2944,2320
169790.64,40,2807.2,3056.8,2382.6
169790.68,40,2680.2,3156.4,2474.6
169790.72,40,2544.2,3216.2,2600
169790.76,40,2415.6,3201.6,2767.6
169790.8,40,2302.4,3093.4,2960.6
169790.84,40,2219.4,2923.6,3141.8
169790.88,40,2170.4,2756.6,3217
169790.92,40,2162.2,2682,3100.8
169790.96,40,2184,2773,3122
169791,40,2245.2,2923.8,3022.8
169791.04,40,2338,3091.4,2870
169791.08,40,2467.8,3180.8,2677
169791.12,40,2632.4,3174.8,2512
169791.16,40,2814.2,3108.4,2394.2
169791.2,40,2964.8,2974.8,2310
169791.24,40,3072.8,2856.2,2251.4
169791.28,40,3112,2764,2216.4
169791.32,40,3120,2739.4,2211.2
169791.36,40,3121,2772.6,2220.8
169791.4,40,3109,2838.4,2244.2
169791.44,40,3083.6,2886,2258.2
169791.48,40,3047.4,2958.4,2287.8
169791.52,40,2976,3039.8,2325.4
169791.56,40,2879.4,3138.6,2382.6
169791.6,40,2747.8,3234.2,2465.4
169791.64,40,2599,3282.2,2584.8
169791.68,40,2450.4,3265.4,2751.4
169791.72,40,2323.6,3137.4,2944
169791.76,40,2230.8,2954.6,3131.8
169791.8,40,2172.4,2771,3205
169791.84,40,2174,2660.8,2999.6
169791.88,40,2198.8,2771.8,3044.8
169791.92,40,2259.2,2919,2945
169791.96,40,2358,3048.2,2772.4
169792,40,2494.8,3082.6,2591.2
169792.04,40,2654.6,3053.6,2446.2
169792.08,40,2810,2947.4,2342.4
169792.12,40,2936.4,2823.4,2266.8
169792.16,40,3005.2,2707.4,2214.8
169792.2,40,3036,2617.8,2176.4
169792.24,40,3046.2,2567.6,2166.6
169792.28,40,3053.8,2581,2169.6
169792.32,40,3061.4,2639.6,2187.6
169792.36,40,3051.4,2711.6,2213.8
169792.4,40,3003,2805.6,2248.6
169792.44,40,2921,2915.2,2298.8
169792.48,40,2805.4,3022.6,2370
169792.52,40,2660.8,3103.6,2468.6
169792.56,40,2505.8,3114,2599.2
169792.6,40,2371.2,3076.4,2762.8
169792.64,40,2269,2959.2,2933.8
169792.68,40,2204,2802,3059.6
169792.72,40,2178,2692.4,3011.8
169792.76,40,2194.8,2701.2,2927.4
169792.8,40,2236.4,2886.6,2987.4
169792.84,40,2324.2,3055.6,2863.4
169792.88,40,2456.6,3200.6,2705
169792.92,40,2632.4,3250.4,2542.2
169792.96,40,2835.4,3177.6,2408.4
169793,40,3028.8,3045,2312.4
169793.04,40,3166.6,2893,2248.6
169793.08,40,3215.6,2768.2,2207.6
169793.12,40,3223.6,2712.6,2192
169793.16,40,3208.6,2734.8,2199.6
169793.2,40,3177.2,2782,2219
169793.24,40,3136.2,2851.8,2245.4
169793.28,40,3054,2936.2,2280.2
169793.32,40,2949.8,3041.8,2335
169793.36,40,2810.2,3130.2,2404.6
169793.4,40,2654.2,3212,2510.8
169793.44,40,2500,3221.2,2655.2
169793.48,40,2361.8,3158.2,2846.6
169793.52,40,2258,2997.4,3038.6
169793.56,40,2189.6,2801.4,3152.6
169793.6,40,2160.6,2687,3134.2
169793.64,40,2179.2,2680.8,2985.8
169793.68,40,2227,2875.8,3039
169793.72,40,2324,3044.8,2868.6
169793.76,40,2469.4,3202.8,2687
169793.8,40,2667,3209.6,2499.2
169793.84,40,2893.4,3105.2,2368.8
169793.88,40,3094.6,2942.6,2272.8
169793.92,40,3203.2,2773,2209.6
169793.96,40,3236,2660.2,2179.2
169794,40,3223.8,2612.4,2162.2
169794.04,40,3223.2,2639.8,2172.4
169794.08,40,3225.4,2708.6,2195.4
169794.12,40,3191.4,2763,2211.4
169794.16,40,3146.8,2862.4,2247.4
169794.2,40,3054.6,2961,2287.4
169794.24,40,2927.6,3078,2350
169794.28,40,2776.4,3180.6,2439.6
169794.32,40,2610.2,3250.2,2560
169794.36,40,2452.8,3235.6,2725.8
169794.4,40,2325.8,3116,2918.6
169794.44,40,2234.4,2916.2,3069.6
169794.48,40,2180.8,2762.8,3141.6
169794.52,40,2189,2670.4,2924.8
169794.56,40,2227.4,2794.8,2936.4
169794.6,40,2303.4,2980.2,2862.6
169794.64,40,2431,3140.6,2701.6
169794.68,40,2608.2,3169.8,2530.4
169794.72,40,2797.2,3077.6,2392.4
169794.76,40,2980.4,2936.4,2293.8
169794.8,40,3097,2786.6,2225.2
169794.84,40,3134,2666.2,2191.4
169794.88,40,3114.8,2602.2,2170.8
169794.92,40,3105,2602.8,2170.8
169794.96,40,3094,2658,2190.4
169795,40,3062.6,2710.6,2213
169795.04,40,3010.4,2780.8,2241.8
169795.08,40,2940,2868.4,2282
169795.12,40,2847,2975.6,2347.8
169795.16,40,2717.6,3086.8,2426.6
169795.2,40,2577.4,3175.6,2557.2
169795.24,40,2429.2,3174.6,2725.8
169795.28,40,2306.2,3068,2931.4
169795.32,40,2217.6,2886,3099.8
169795.36,40,2167.6,2713.4,3159.2
169795.4,40,2168.8,2613.8,2913.8
169795.44,40,2202.2,2761.6,3001.6
169795.48,40,2266.2,2949.8,2951.8
169795.52,40,2383,3125,2791.6
169795.56,40,2540,3205.4,2605.8
169795.6,40,2729.6,3158.6,2448.2
169795.64,40,2935.2,3034.8,2332.2
169795.68,40,3081.8,2874.6,2253.6
169795.72,40,3172.6,2741.4,2204.6
169795.76,40,3192.6,2642.2,2179.4
169795.8,40,3202.4,2612.2,2166.6
169795.84,40,3216.4,2644.8,2173.8
169795.88,40,3213.6,2690.2,2185.8
169795.92,40,3199.8,2759,2210.4
169795.96,40,3153,2841.4,2237.4
169796,40,3073.2,2950,2281.6
169796.04,40,2962.8,3073.8,2335.8
169796.08,40,2817.6,3194.8,2424.8
169796.12,40,2652,3277,2540.6
169796.16,40,2487.8,3271,2694.6
169796.2,40,2350.4,3151.2,2878.4
169796.24,40,2247,2956,3051.8
169796.28,40,2175.2,2757.8,3143.4
169796.32,40,2160,2625,3015.6
169796.36,40,2180.2,2638.8,2911.2
169796.4,40,2221.8,2809.6,2974.8
169796.44,40,2306.6,2941,2821
169796.48,40,2427.4,3062.6,2667.6
169796.52,40,2590.8,3092.6,2511.6
169796.56,40,2766.8,3017.8,2380.2
169796.6,40,2939,2900,2293.2
169796.64,40,3052.4,2767,2233
169796.68,40,3119.2,2672.8,2192.4
169796.72,40,3121.8,2622,2177.2
169796.76,40,3137.6,2637.8,2180.2
169796.8,40,3142.6,2688.8,2196
169796.84,40,3104.8,2731.6,2209.8
169796.88,40,3070,2807.4,2241.2
169796.92,40,2998.6,2892.6,2277.8
169796.96,40,2902.6,3010.6,2336.4
169797,40,2762,3113.2,2417
169797.04,40,2611.2,3185.2,2529.4
169797.08,40,2459.6,3184.6,2682.8
169797.12,40,2329.2,3072.8,2855.2
169797.16,40,2237.2,2895.4,3001
169797.2,40,2182.4,2746.6,3080.8
169797.24,40,2174.8,2641.2,2923
169797.28,40,2201.8,2729.4,2922.2
169797.32,40,2262,2871.2,2874.4
169797.36,40,2359,3014,2740.8
169797.4,40,2501.4,3084.4,2584.2
169797.44,40,2669.6,3048.4,2438.8
169797.48,40,2831.2,2941.8,2330.8
169797.52,40,2975.2,2817.4,2255.6
169797.56,40,3056.2,2697.6,2209.2
169797.6,40,3085,2616.4,2179.6
169797.64,40,3088.2,2589.4,2168.8
169797.68,40,3096,2634,2184.4
169797.72,40,3080.6,2671.6,2198.4
169797.76,40,3058.2,2740.6,2222
169797.8,40,3001.2,2817.4,2253.4
169797.84,40,2920.6,2914.4,2301.4
169797.88,40,2808.8,3009.4,2362.8
169797.92,40,2687,3109,2451.6
169797.96,40,2544.2,3160.4,2575.6
169798,40,2406,3132.2,2738.2
169798.04,40,2295,3007.2,2906.8
169798.08,40,2215,2847.8,3046.8
169798.12,40,2176.4,2722.2,3056.8
169798.162,42,2194.4,2710.6,2933.6
169798.202,40,2245.6,2881.8,2957
169798.242,40,2334.4,3013.8,2799.2
169798.282,40,2473.6,3116.2,2632.8
169798.322,40,2644.2,3104.8,2474.2
169798.362,40,2819.6,3001.6,2355.2
169798.402,40,2981.4,2872.2,2275.4
169798.442,40,3072.6,2737.8,2218.2
169798.482,40,3120.6,2639,2179.8
169798.522,40,3122.2,2588.6,2165
169798.562,40,3129.6,2603.8,2170
169798.602,40,3134.4,2653.8,2186.6
169798.642,40,3101,2701,2200.4
169798.682,40,3066.8,2790.2,2236.4
169798.722,40,2985.6,2889,2278.4
169798.762,40,2879.4,3013,2338
169798.802,40,2736.2,3121,2434.2
169798.842,40,2584.6,3198.4,2559.4
169798.882,40,2434.4,3180.4,2719.8
169798.922,40,2316.2,3064.6,2892
169798.962,40,2231,2896.2,3043.2
169799.002,40,2192.2,2777.2,3076.8
169799.042,40,2213.6,2747,2927.8
169799.082,40,2259.6,2912.4,2944.2
169799.122,40,2349,3052.6,2810.2
169799.162,40,2484.4,3157.4,2638.6
169799.202,40,2663.4,3152.4,2482.4
169799.242,40,2853.6,3051.2,2363
169799.282,40,3038.8,2912,2276.4
169799.322,40,3150,2768.4,2217
169799.362,40,3213.8,2657.6,2174.2
169799.402,40,3222,2592.8,2153.2
169799.442,40,3232,2594.6,2159
169799.482,40,3261.6,2641.8,2166
169799.522,40,3241.2,2685.8,2183
169799.562,40,3213.4,2771.4,2210.2
169799.602,40,3137.2,2864.6,2244
169799.642,40,3035.2,2987.6,2296.8
169799.682,40,2889.2,3105.2,2371.6
169799.722,40,2717.2,3207.6,2476
169799.762,40,2540,3244.4,2621.2
169799.802,40,2396.2,3162.4,2783.6
169799.842,40,2285.4,3005.2,2949
169799.882,40,2220,2847.6,3046.2
169799.922,40,2209,2760.8,2959.4
169799.962,40,2240,2828.2,2900
169800.002,40,2314,2941,2781.8
169800.042,40,2438,3062.6,2646.6
169800.082,40,2601.8,3091.4,2497.4
169800.122,40,2786,3018.2,2374.6
169800.162,40,2962.8,2895.4,2285.6
169800.202,40,3086.8,2765.6,2222.6
169800.242,40,3160.8,2659.8,2182.6
169800.282,40,3185.6,2600,2164.6
169800.322,40,3201,2604,2163.6
169800.362,40,3223.6,2663.8,2180.6
169800.402,40,3215.6,2726.6,2198.6
169800.442,40,3168.8,2802.4,2226.2
169800.482,40,3092.2,2896.8,2261.8
169800.522,40,2986.6,3001.6,2315
169800.562,40,2840,3097.8,2386
169800.602,40,2686.8,3177.4,2480.6
169800.642,40,2523.6,3192.2,2614.2
169800.682,40,2384.2,3111.6,2770.2
169800.722,40,2276.6,2963.2,2918
169800.762,40,2210,2806.8,3020.4
169800.802,40,2197.2,2712.2,2957.2
169800.842,40,2218.4,2775,2913.8
169800.882,40,2282.2,2892.6,2829.2
169800.922,40,2380,2998.4,2691.2
169800.962,40,2525.6,3070.8,2554.4
169801.002,40,2682.6,3033,2423.6
169801.042,40,2843,2941.2,2331.4
169801.082,40,2980,2836.4,2263.6
169801.122,40,3066,2735,2216.2
169801.162,40,3132.2,2662.6,2187.8
169801.202,40,3143.2,2641.8,2179.4
169801.242,40,3157.2,2686.2,2191
169801.282,40,3146.8,2746.4,2212.8
169801.322,40,3104.4,2808,2231.4
169801.362,40,3043.6,2897.4,2272.2
169801.402,40,2945.6,2984.8,2319.6
169801.442,40,2811.6,3080.4,2387.2
169801.482,40,2670,3159.4,2480.6
169801.522,40,2521.4,3187.2,2608
169801.562,40,2385,3120.4,2765.8
169801.602,40,2282.2,2975.8,2917.2
169801.642,40,2213.6,2820.2,3015.4
169801.682,40,2201.2,2701.2,2896.8
169801.722,40,2230,2784,2881.6
169801.762,40,2296,2909.4,2798.8
169801.802,40,2404.2,3037,2677.4
169801.842,40,2552.6,3081.6,2531
169801.882,40,2715.4,3029.4,2408.4
169801.922,40,2871.6,2921.4,2314.2
169801.962,40,2997,2813.2,2250.2
169802.002,40,3074.4,2703.8,2206
169802.042,40,3127.6,2628.4,2177.8
169802.082,40,3146.8,2602.6,2168.8
169802.122,40,3157.2,2634.8,2176
169802.162,40,3157,2685.2,2189
169802.202,40,3124.4,2739.2,2214.4
169802.242,40,3074.4,2827.4,2243.2
169802.282,40,2984.8,2923,2289
169802.322,40,2863.8,3030.8,2352.4
169802.362,40,2715.2,3123,2446.2
169802.402,40,2559.8,3168.6,2570.8
169802.442,40,2405.8,3114.2,2724.8
169802.482,40,2288.4,2966.8,2901.4
169802.522,40,2223,2821.2,3003.2
169802.562,40,2201.6,2698.6,2887.6
169802.602,40,2231.4,2756.8,2842.2
169802.642,40,2299.8,2921.4,2821.4
169802.682,40,2403.6,3037.6,2685.6
169802.722,40,2542.2,3106.6,2548.4
169802.762,40,2706.6,3085.2,2434.8
169802.802,40,2870.6,2987.8,2336.2
169802.842,40,3015,2878.6,2264.6
169802.882,40,3103,2777.6,2225.2
169802.922,40,3166.8,2708.8,2198.6
169802.962,40,3174,2682,2181.2
169803.002,40,3174.2,2731.6,2203.8
169803.042,40,3162.4,2802,2228.4
169803.082,40,3096.4,2869.4,2253.6
169803.122,40,3004.4,2965.4,2297.6
169803.162,40,2889.4,3055.4,2352.4
169803.202,40,2756.6,3144.2,2437.6
169803.242,40,2595.4,3185,2545.2
169803.282,40,2442.2,3150.8,2687
169803.322,40,2321,3027.4,2837.4
169803.362,40,2238.4,2866.4,2963.6
169803.402,40,2191.4,2734.4,2997.8
169803.442,40,2199,2667.8,2830
169803.482,40,2245.6,2822.4,2873.2
169803.522,40,2326.2,2970.2,2782
169803.562,40,2451.6,3070.4,2631.8
169803.602,40,2613.2,3095.2,2484.6
169803.642,40,2796.2,3032.4,2373.6
169803.682,40,2961.8,2919.8,2289.8
169803.722,40,3082.8,2794.8,2229.2
169803.762,40,3161.4,2690.8,2188
169803.802,40,3205.2,2612.4,2165.4
169803.842,40,3206.6,2589.4,2159.6
169803.882,40,3219,2642.6,2173.2
169803.922,40,3182.8,2701.8,2193.4
169803.962,40,3131.8,2797.8,2226.8
169804.002,40,3036.6,2900.6,2276.2
169804.042,40,2909.2,3025.6,2342.8
169804.082,40,2744.2,3127.6,2427.8
169804.122,40,2576.8,3181.4,2559
169804.162,40,2417.6,3134.4,2718
169804.202,40,2297,2990,2875
169804.242,40,2215.2,2821.2,3013
169804.282,40,2181.8,2669.6,2921.8
169804.322,40,2206.8,2669.4,2815.6
169804.362,40,2260.4,2895.4,2905
169804.402,40,2354.2,3020.2,2764.8
169804.442,40,2500.2,3120.8,2599.8
169804.482,40,2701.6,3157.6,2458.6
169804.522,40,2902.6,3052.6,2349
169804.562,40,3081.2,2899.4,2263.2
169804.602,40,3182.4,2757.4,2208.8
169804.642,40,3224.8,2661.2,2176.8
169804.682,40,3237.6,2617.6,2165
169804.722,40,3231.6,2645,2175.6
169804.762,40,3223.4,2702.2,2192
169804.802,40,3171,2759.6,2212
169804.842,40,3109.6,2850.4,2247.6
169804.882,40,3018.8,2948.8,2290.8
169804.922,40,2884.6,3069.8,2358.2
169804.962,40,2730.6,3166,2452.6
169805.002,40,2564.4,3217,2588.6
169805.042,40,2407,3152,2755.4
169805.082,40,2291.4,3009,2922.8
169805.122,40,2219.2,2842.6,3024.6
169805.162,40,2210.8,2712,2864
169805.202,40,2246,2789.6,2837.4
169805.242,40,2321.4,3009,2831.2
169805.282,40,2449.4,3129.8,2671.6
169805.322,40,2619.8,3171,2518.6
169805.362,40,2805.2,3098.6,2392.8
169805.402,40,2985,2971,2299.4
169805.442,40,3127.2,2833,2235.4
169805.482,40,3195.6,2712.2,2195.6
169805.522,40,3234.4,2628.2,2167.4
169805.562,40,3246.2,2602,2159.6
169805.602,40,3253.8,2643.2,2175.2
169805.642,40,3247.6,2701.4,2188.6
169805.682,40,3218.6,2770.4,2212
169805.722,40,3150.2,2864.2,2245.8
169805.762,40,3043.8,2980.8,2297.4
169805.802,40,2898.2,3107.8,2368
169805.842,40,2721.8,3203.2,2469.8
169805.882,40,2548.4,3234.8,2612.2
169805.922,40,2391.2,3154.2,2779.6
169805.962,40,2276.6,2986.2,2941.4
169806.002,40,2204.8,2810.8,3036.8
169806.042,40,2200.6,2698.6,2903
169806.082,40,2230.8,2790.8,2892.2
169806.122,40,2300.4,2929,2809.4
169806.162,40,2422.4,3069,2673.6
169806.202,40,2591.8,3122.4,2515.2
169806.242,40,2788.2,3062.8,2385.4
169806.282,40,2968.2,2917.6,2289.4
169806.322,40,3105.8,2778.8,2225
169806.362,40,3166.6,2657.4,2182
169806.402,40,3190.4,2576.6,2157.6
169806.442,40,3186.4,2551.6,2149.4
169806.482,40,3189.4,2593.8,2162.6
169806.522,40,3168.4,2632,2176.8
169806.562,40,3137.2,2689.6,2199
169806.602,40,3083.6,2765.4,2227
169806.642,40,3003.4,2869.4,2271.2
169806.682,40,2881.6,2971.8,2328.6
169806.722,40,2746.6,3074.8,2412.2
169806.762,40,2589.8,3132.4,2525.6
169806.802,40,2438.6,3098.2,2671.8
169806.842,40,2317,2979.6,2818.2
169806.882,40,2230.6,2837.4,2939.2
169806.922,40,2198.8,2710.2,2908.6
169806.962,40,2226.4,2690.2,2770.8
169807.002,40,2290.6,2918.8,2827
169807.042,40,2401.4,3062.2,2697.4
169807.082,40,2578.2,3153.2,2547
169807.122,40,2777.6,3109.6,2411
169807.162,40,2972.4,2979,2310
169807.202,40,3128.2,2834.8,2238.2
169807.242,40,3203.4,2711.8,2191.6
169807.282,40,3225,2634.8,2170.6
169807.322,40,3204.4,2629.8,2171
169807.362,40,3175,2675,2183
169807.402,40,3139,2737,2207.2
169807.442,40,3050.4,2798.2,2242.4
169807.482,40,2939.2,2872.8,2283.4
169807.522,40,2793.4,2937.2,2345
169807.562,40,2648.6,2987.2,2428.2
169807.602,40,2492.8,2984.6,2529.6
169807.642,40,2361.2,2894.4,2653.4
169807.682,40,2265.4,2782.8,2749
169807.722,40,2213.4,2688,2813.4
169807.762,40,2214.2,2701.4,2822
169807.802,40,2252.6,2811,2831.6
169807.842,40,2317.2,2945.8,2784.6
169807.882,40,2418.6,3101,2702.6
169807.922,40,2583,3233.8,2579
169807.962,40,2778.6,3202.2,2441.8
169808.002,40,3007.8,3112.8,2332.2
169808.042,40,3196.6,2947.8,2256.4
169808.082,40,3308,2783.8,2200
169808.122,40,3345.4,2661.8,2164.8
169808.162,40,3342,2579,2142.8
169808.202,40,3334.2,2553,2140
169808.242,40,3365.4,2583.6,2146.6
169808.282,40,3365.8,2627.6,2154.4
169808.322,40,3363,2697.4,2170.8
169808.362,40,3320.8,2788.8,2200.4
169808.402,40,3251,2916.4,2246.4
169808.442,40,3105.4,3052.6,2299.4
169808.482,40,2914.8,3189.6,2383.6
169808.522,40,2705,3277.2,2507
169808.562,40,2506.4,3271.8,2677.2
169808.602,40,2344.6,3125.8,2867
169808.642,40,2246.2,2912.6,2994.4
169808.682,40,2225.8,2722,2814.2
169808.722,40,2265.6,2823,2808.4
169808.762,40,2338.8,2965.2,2746
169808.802,40,2459,3051,2603.2
169808.842,40,2621.8,3057.4,2472.4
169808.882,40,2796.6,2990,2362
169808.922,40,2948.8,2869.8,2276.4
169808.962,40,3084.2,2752.8,2216.8
169809.002,40,3133,2634.4,2177.6
169809.042,40,3151.4,2550.2,2151.2
169809.082,40,3141.2,2502,2133.2
169809.122,40,3130.6,2495.8,2138.2
169809.162,40,3139.6,2522.2,2138.6
169809.202,40,3106.6,2548.8,2153.2
169809.242,40,3088.4,2602,2172
169809.282,40,3040.8,2662.2,2201
169809.322,40,2992.2,2765.4,2237.8
169809.362,40,2885.8,2862,2290.4
169809.402,40,2753,2978.4,2373.6
169809.442,40,2598.2,3058.2,2484.6
169809.482,40,2448.6,3056.4,2628.8
169809.522,40,2329,2976.8,2768.4
169809.562,40,2295.8,2822.4,2706.8
169809.602,40,2349.4,2900,2673.4
169809.642,40,2459.8,3085.2,2634.4
169809.682,40,2612,3167.6,2519.4
169809.722,40,2798.8,3107.2,2405.4
169809.762,40,2968.6,3001.8,2310
169809.802,40,3119.6,2864.4,2245.8
169809.842,40,3210,2738.8,2200.8
169809.882,40,3231.4,2635.4,2170.4
169809.922,40,3233.4,2565.6,2146.2
169809.962,40,3210,2528.8,2138.6
169810.002,40,3203.6,2527.4,2143.2
169810.042,40,3213.6,2559.8,2151
169810.082,40,3215.8,2601.6,2161
169810.122,40,3190.8,2638.6,2175.6
169810.162,40,3164.2,2697.2,2195.8
169810.202,40,3107.2,2763.6,2223.4
169810.242,40,3015.8,2851.4,2265.2
169810.282,40,2885.8,2949,2321.8
169810.322,40,2731.2,3071.2,2419.2
169810.362,40,2558.8,3112.2,2543.6
169810.402,40,2421.4,3085.2,2679.8
169810.442,40,2374.2,2990,2701
169810.482,40,2427.6,3091.4,2674.8
169810.522,40,2537,3144.2,2573.2
169810.562,40,2681.2,3127.8,2460
169810.602,40,2836.4,3034.4,2361.4
169810.642,40,2981.2,2923.6,2288.2
169810.682,40,3084.8,2798.8,2235.6
169810.722,40,3132.4,2695.6,2197.6
169810.762,40,3127.8,2614.8,2172.8
169810.802,40,3119.8,2573.8,2159.8
169810.842,40,3110,2577.4,2165.2
169810.882,40,3098.2,2612,2177.6
169810.922,40,3084.6,2663.6,2189.8
169810.962,40,3056.6,2701.2,2207.6
169811.002,40,3010.2,2777.4,2241.2
169811.042,40,2921,2854.2,2283.2
169811.082,40,2803.8,2967.4,2351.2
169811.122,40,2651.6,3067.8,2457
169811.162,40,2481,3090.8,2602.6
169811.202,40,2351.6,3022.2,2759.4
169811.242,40,2277.2,2921.2,2867.6
169811.282,40,2280.2,2858.6,2794.2
169811.322,40,2349.8,3086,2825
169811.362,40,2473,3220.4,2690
169811.402,40,2647.2,3254.2,2537.8
169811.442,40,2851,3189.4,2404.6
169811.482,40,3049,3054,2313.8
169811.522,40,3218.2,2902.4,2243
169811.562,40,3297.8,2774.6,2201
169811.602,40,3332.8,2684.8,2171.2
169811.642,40,3324.8,2649.8,2165.6
169811.682,40,3319,2677,2171.2
169811.722,40,3311.4,2723.2,2185.2
169811.762,40,3264.6,2760.8,2201.8
169811.802,40,3198.8,2821.2,2225.6
169811.842,40,3100,2894.8,2263.8
169811.882,40,2978,2992,2317.2
169811.922,40,2826.4,3092,2388.6
169811.962,40,2652.8,3181.2,2503.8
169812.002,40,2479.8,3197.8,2665.2
169812.042,40,2356.2,3107.2,2830.4
169812.082,40,2281,2979.6,2916.6
169812.122,40,2291.8,2875.8,2786.6
169812.162,40,2366.2,3134.2,2817.8
169812.202,40,2485.8,3193.4,2659
169812.242,40,2657.4,3242.6,2524.8
169812.282,40,2827,3144.4,2399.6
169812.322,40,3011.6,3034.4,2315.4
169812.362,40,3154.2,2894.6,2250.4
169812.402,40,3239.2,2773.6,2208.8
169812.442,40,3271,2692.4,2181.2
169812.482,40,3275.8,2652.4,2172.2
169812.522,40,3262.8,2671.4,2176.2
169812.562,40,3248.4,2724.8,2196.6
169812.602,40,3196.6,2762,2209.6
169812.642,40,3131.4,2828.6,2242.8
169812.682,40,3045.4,2900.8,2273
169812.722,40,2938.6,3008.8,2328.6
169812.762,40,2795.2,3110,2407.8
169812.802,40,2623,3200.4,2529.8
169812.842,40,2461.8,3193.4,2691.8
169812.882,40,2352.6,3116,2840.8
169812.922,40,2318.6,3002,2840.6
169812.962,40,2359,3091.4,2799.6
169813.002,40,2457.8,3188.6,2691.4
169813.042,40,2606,3226.8,2551.6
169813.082,40,2781,3160.4,2426
169813.122,40,2947.4,3040.8,2333.2
169813.162,40,3077.2,2894.6,2261.4
169813.202,40,3162.8,2765.6,2217.2
169813.242,40,3193,2668.2,2183.2
169813.282,40,3190.8,2602.6,2164.6
169813.322,40,3182,2578.4,2156.2
169813.362,40,3187,2601.6,2165
169813.402,40,3178.2,2640.8,2173.6
169813.442,40,3166.6,2696.6,2198.2
169813.482,40,3119.6,2764.2,2220
169813.522,40,3055.2,2853.4,2260
169813.562,40,2953,2964.8,2308.6
169813.602,40,2814.8,3082,2388.4
169813.642,40,2641.4,3177,2507.6
169813.682,40,2470.2,3189.4,2670.2
169813.722,40,2347.8,3100.2,2834.6
169813.762,40,2297.8,2979.4,2878.2
169813.802,40,2326.6,3051.2,2851.4
169813.842,40,2417.4,3187.8,2762.8
169813.882,40,2554.4,3264.6,2620
169813.922,40,2731.4,3236.8,2476
169813.962,40,2918.6,3126.2,2364.8
169814.002,40,3084.8,2975.8,2283
169814.042,40,3215.2,2833,2226.4
169814.082,40,3263.2,2713,2186.8
169814.122,40,3288.8,2628.4,2162
169814.162,40,3278,2584.8,2152.4
169814.202,40,3279.2,2598.4,2152.6
169814.242,40,3291.8,2637.8,2164
169814.282,40,3269,2670,2175.4
169814.322,40,3244,2718.6,2194.6
169814.362,40,3203.2,2772,2214.2
169814.402,40,3152.6,2845.6,2241.6
169814.442,40,3061.4,2960.4,2285
169814.482,40,2916.6,3095.8,2358.6
169814.522,40,2726.2,3242.6,2483.8
169814.562,40,2531,3293.8,2654.4
169814.602,40,2397,3225,2822.2
169814.642,40,2369.4,3046.4,2749.8
169814.682,40,2458.2,3282.4,2741
169814.722,40,2601.8,3309.8,2592.6
169814.762,40,2781.6,3253.4,2453.8
169814.802,40,2986.4,3122.6,2346.2
169814.842,40,3160.8,2960.8,2265.8
169814.882,40,3283.8,2799.2,2210.6
169814.922,40,3328.2,2675.4,2172.6
169814.962,40,3319.6,2584.8,2148.8
169815.002,40,3305,2531.8,2134.8
169815.042,40,3291.2,2526.8,2137
169815.082,40,3320,2564.8,2145.6
169815.122,40,3330.6,2618.4,2161.4
169815.162,40,3308.8,2673.6,2174.4
169815.202,40,3280,2759.6,2200.8
169815.242,40,3202.2,2860.8,2236.2
169815.282,40,3079.2,3011.2,2299.2
169815.322,40,2890.8,3171.2,2390.8
169815.362,40,2667.6,3297.2,2534.2
169815.402,40,2479.8,3285,2721.4
169815.442,40,2376.4,3147,2813.4
169815.482,40,2414,3072,2700
169815.522,40,2539.2,3260,2628.8
169815.562,40,2712.4,3239.6,2487
169815.602,40,2905.8,3115.2,2367
169815.642,40,3078.4,2952.8,2279.6
169815.682,40,3195.8,2791,2214.2
169815.722,40,3234.8,2657.4,2175
169815.762,40,3225,2566,2149.6
169815.802,40,3186.6,2515.6,2135.8
169815.842,40,3176,2508.4,2136.6
169815.882,40,3184.4,2540.6,2148.4
169815.922,40,3181.2,2582.8,2160.6
169815.962,40,3159.2,2619.8,2173.4
169816.002,40,3135.6,2682,2194.2
169816.042,40,3096.8,2753.6,2224.6
169816.082,40,3026.2,2870.6,2266.4
169816.122,40,2905.2,2991,2335
169816.162,40,2727.2,3130.6,2443.2
169816.202,40,2554.2,3215.2,2596.8
169816.242,40,2417,3189.4,2756.2
169816.282,40,2401.2,3083.6,2715.2
169816.322,40,2500.2,3254.4,2677
169816.362,40,2649.6,3277.8,2543.8
169816.402,40,2825.6,3198.8,2419
169816.442,40,3018.6,3065.6,2318
169816.482,40,3172.8,2916,2254
169816.522,40,3266.6,2782.2,2207
169816.562,40,3314.4,2685.8,2175.8
169816.602,40,3319.8,2624.6,2161
169816.642,40,3306.2,2621.2,2157.8
169816.682,40,3316.2,2663,2174.2
169816.722,40,3281.8,2696.4,2183.2
169816.762,40,3245.6,2764.6,2205.8
169816.802,40,3183.6,2839.6,2233.8
169816.842,40,3093,2942.4,2277
169816.882,40,2970.6,3053.6,2335
169816.922,40,2818.6,3177.4,2421
169816.962,40,2638.2,3290,2557.8
169817.002,40,2461.6,3282,2741.6
169817.042,40,2339,3162,2917.6
169817.082,40,2314.8,2973.2,2823.6
169817.122,40,2389.8,3215.2,2825.8
169817.229,107,2795.2,3134.8,2413
169817.396,167,3120.8,2634.8,2180
169817.563,167,3074.8,2707.6,2206.8
169817.729,166,2828,3050.6,2370.8
169817.898,169,2397.4,3082.2,2728.4
169818.065,167,3062.8,2980.6,2288.4
169818.298,233,3083.2,2444.6,2120.4
169818.465,167,3031.2,2464.2,2131.6
169818.632,167,3055.8,2491.8,2142.4
169818.8,168,3159.2,2543.2,2150
169818.968,168,3288.8,2603.8,2154.4
169819.136,168,3376.4,2658.6,2164.2
169819.302,166,3371.8,2706.2,2175.2
169819.47,168,3300.6,2735.4,2197.6
169819.638,168,3219.6,2765.4,2209.8
169819.804,166,3207.4,2806,2219.6
169819.972,168,3232.2,2880.2,2236.4
169820.138,166,3213,2926.4,2251
169820.305,167,3153.6,2958.2,2273.2
169820.474,169,3096.4,2989.2,2286.8
169820.641,167,3069.2,3040.6,2304.8
169820.779,138,3044.8,3082.4,2319.4
169820.819,40,3030.8,3089.6,2331.2
169820.859,40,3020.8,3098.4,2333.2
169820.899,40,3005.8,3103.4,2336.4
169820.939,40,2993.6,3106.4,2343.4
169820.979,40,2980,3113.2,2345.4
169821.019,40,2965.4,3118.2,2352.2
169821.059,40,2952.2,3123.6,2358
169821.099,40,2940.4,3128.6,2362
169821.139,40,2930.8,3138.6,2367.6
169821.179,40,2921.4,3147,2375.6
169821.219,40,2912,3162.6,2377
169821.259,40,2908,3169.6,2382.4
169821.299,40,2897.8,3180.8,2392.8
169821.339,40,2886.6,3192.4,2393
169821.379,40,2879.2,3200.2,2399.2
169821.419,40,2872.2,3205.6,2409.2
169821.459,40,2856.4,3213.2,2412.2
169821.499,40,2846.6,3215.8,2421.8
169821.539,40,2833.8,3215,2428
169821.579,40,2820.6,3220,2433
169821.619,40,2805.8,3224.4,2439.8
169821.659,40,2796.8,3223.2,2444.2
169821.699,40,2786.2,3229.8,2449
169821.739,40,2775.6,3226.8,2457
169821.779,40,2764.4,3236.6,2462.6
169821.819,40,2757.4,3245.4,2467.2
169821.859,40,2745.6,3251.8,2473.6
169821.899,40,2742.4,3257,2477.8
169821.939,40,2733.2,3267.8,2486.6
169821.979,40,2721.8,3274.6,2493
169822.019,40,2711.2,3283.4,2504
169822.059,40,2704.8,3282.8,2505.6
169822.099,40,2698.4,3285.6,2516.8
169822.139,40,2686.8,3285.6,2522
169822.179,40,2675,3285.4,2531.4
169822.219,40,2665,3284.6,2533.2
169822.259,40,2654.6,3281.2,2544.2
169822.299,40,2644.8,3279.4,2547.4
169822.339,40,2630.8,3273.4,2553
169822.379,40,2621.6,3277.2,2561.4
169822.419,40,2617.8,3282.2,2569
169822.459,40,2610.6,3295.6,2576.6
169822.499,40,2602.8,3304.6,2584.8
169822.539,40,2598.2,3312,2595.4
169822.579,40,2593.2,3317.4,2605.2
169822.619,40,2583.8,3317.8,2613.4
169822.659,40,2574,3320.6,2621
169822.699,40,2566,3307.8,2626.6
169822.739,40,2553.6,3303.2,2635.4
169822.779,40,2535.2,3312.8,2660.4
169822.819,40,2532.2,3326.4,2667.8
169822.859,40,2545.6,3334.8,2655
169822.899,40,2564.4,3341.8,2640.6
169822.939,40,2624.4,3332,2584.8
169822.979,40,2738,3293.4,2493.2
169823.019,40,2896.2,3200.2,2392.2
169823.059,40,3065.2,3052.6,2301.4
169823.099,40,3209.4,2891.8,2239.4
169823.139,40,3287.2,2750.6,2196.4
169823.179,40,3302.2,2644,2164.8
169823.219,40,3302.6,2599,2153.4
169823.259,40,3325.6,2634,2163.6
169823.299,40,3321.2,2694.6,2181.4
169823.339,40,3289.8,2764,2198.8
169823.379,40,3241.2,2858.6,2233
169823.419,40,3153.6,2980,2277.6
169823.459,40,3015,3129.6,2342.6
169823.499,40,2822.4,3275.6,2447.2
169823.539,40,2607.8,3342,2597.8
169823.579,40,2447.4,3264.2,2752.8
169823.619,40,2370.2,3164.8,2836.4
169823.659,40,2417.8,3173.6,2746.2
169823.699,40,2533.2,3203.2,2608.6
169823.739,40,2704.2,3167.4,2466.6
169823.779,40,2886.4,3037.6,2350.4
169823.819,40,3052.6,2879.8,2265.2
169823.859,40,3164.8,2727.2,2205.2
169823.899,40,3225.2,2610.6,2163.2
169823.939,40,3217.8,2518.2,2137.6
169823.979,40,3214.6,2462.6,2119.4
169824.019,40,3218.6,2441,2115
169824.059,40,3283.2,2466.8,2116.4
169824.099,40,3353.8,2506.4,2128.4
169824.139,40,3405,2550.8,2131.4
169824.179,40,3472.4,2631.4,2149
169824.219,40,3462.8,2734.4,2174.6
169824.259,40,3361.2,2861.6,2209.8
169824.299,40,3236.6,3031,2263.2
169824.339,40,3065.4,3250.6,2347.8
169824.379,40,2817.4,3411,2478.4
169824.419,40,2586,3418.4,2651.8
169824.459,40,2416,3288.4,2823.4
169824.499,40,2376.2,3213.4,2864.8
169824.539,40,2458.2,3263.2,2740.6
169824.579,40,2622.4,3285.4,2562.2
169824.619,40,2862.4,3216.6,2410
169824.659,40,3099.4,3020.8,2292.4
169824.699,40,3277.4,2823,2218.8
169824.739,40,3329,2659,2166
169824.779,40,3321.8,2538.4,2132.4
169824.819,40,3282,2465.4,2116
169824.859,40,3282.6,2454,2113
169824.899,40,3366.2,2485.4,2113.6
169824.939,40,3348,2527.2,2131
169824.979,40,3361,2596,2145.8
169825.019,40,3391.6,2688.2,2167.4
169825.059,40,3386.2,2827,2201.6
169825.099,40,3279.2,3008.8,2258.6
169825.139,40,3077.2,3189.8,2336.8
169825.179,40,2827.8,3359.4,2462.6
169825.219,40,2592.4,3399.8,2635.8
169825.259,40,2416.2,3271.8,2809.6
169825.299,40,2362.8,3177.2,2874.6
169825.339,40,2435.6,3204.4,2738.4
169825.379,40,2572.6,3217.2,2577.6
169825.419,40,2750,3155.8,2437.4
169825.459,40,2941,3023.8,2329
169825.499,40,3089.8,2866,2252
169825.539,40,3172.4,2727.4,2200.4
169825.579,40,3220,2620,2171.4
169825.619,40,3230.6,2556,2148
169825.659,40,3264.2,2537.8,2139.2
169825.699,40,3321.2,2581,2147.4
169825.739,40,3359.8,2635.6,2158.4
169825.779,40,3386.8,2728.8,2183.4
169825.819,40,3352.4,2852.8,2216.2
169825.859,40,3240.2,3020.2,2268.2
169825.899,40,3042.8,3200.8,2351.4
169825.939,40,2805,3364,2482
169825.979,40,2576.2,3394.6,2653.8
169826.019,40,2412,3282.8,2823.2
169826.059,40,2375,3224.2,2873.4
169826.099,40,2460.6,3292,2752.6
169826.139,40,2612.4,3320.8,2592
169826.179,40,2819.8,3271.4,2443.2
169826.219,40,3038,3120.2,2331.6
169826.259,40,3222,2954.4,2250.4
169826.299,40,3312.6,2790.6,2203.4
169826.339,40,3367.8,2686.2,2173
169826.379,40,3369.6,2633.2,2157.8
169826.419,40,3418.6,2656.6,2159.6
169826.459,40,3446.4,2742.8,2175.4
169826.499,40,3428.2,2839.8,2202.6
169826.539,40,3359.6,2962,2237.2
169826.579,40,3222.2,3094.4,2280.4
169826.619,40,3055.8,3264,2353.8
169826.659,40,2837.2,3380.6,2459.6
169826.699,40,2637.6,3480.8,2620.6
169826.739,40,2489.6,3393.6,2762
169826.779,40,2468.6,3364.6,2775.8
169826.819,40,2583.2,3364.2,2637.2
169826.859,40,2754.2,3296.8,2481.8
169826.899,40,2949.8,3163.2,2367.6
169826.939,40,3128.8,2994,2278.6
169826.979,40,3248,2834.8,2220.8
169827.019,40,3299,2703.8,2181.8
169827.059,40,3309.2,2625.4,2162.4
169827.099,40,3315.8,2609.6,2151
169827.139,40,3358.4,2656.6,2164.2
169827.179,40,3357,2707.2,2176.4
169827.219,40,3368.6,2798,2196.4
169827.259,40,3323.8,2920.2,2229.8
169827.299,40,3207.6,3088.4,2289.8
169827.339,40,2996,3267.8,2374
169827.379,40,2754,3430.4,2521.6
169827.419,40,2538.2,3407.2,2700.6
169827.459,40,2410.8,3300.4,2850.2
169827.499,40,2425.2,3299.6,2811.4
169827.539,40,2534.8,3328.4,2660.4
169827.579,40,2708.2,3316.2,2516.8
169827.619,40,2909.6,3199.6,2390
169827.659,40,3102.2,3031,2294.8
169827.699,40,3236.8,2858.8,2231.8
169827.739,40,3307.6,2718.8,2186.2
169827.779,40,3328.2,2622.8,2156
169827.819,40,3323.8,2565.6,2142.6
169827.859,40,3336.6,2556.8,2137.6
169827.899,40,3386.4,2596.4,2145
169827.939,40,3421,2657.2,2155.6
169827.979,40,3437.8,2725,2176.6
169828.019,40,3419.4,2832.8,2200.4
169828.059,40,3334.8,2953.8,2237
169828.099,40,3192.6,3094.4,2286.2
169828.139,40,3028,3280,2368.2
169828.179,40,2802.8,3428.2,2491.8
169828.219,40,2576.6,3436.6,2666.8
169828.259,40,2419,3306.4,2836.2
169828.299,40,2387,3247,2862.4
169828.339,40,2482.2,3309.8,2721
169828.379,40,2637.8,3308.2,2563.6
169828.419,40,2834,3236,2428.2
169828.459,40,3028.4,3084,2321.4
169828.499,40,3199,2915.8,2245.4
169828.539,40,3289.4,2763.8,2198.6
169828.579,40,3325.8,2651,2164.2
169828.619,40,3324.6,2573.6,2146.2
169828.659,40,3331.8,2532.6,2133.2
169828.699,40,3349.4,2533.6,2134
169828.739,40,3407,2585,2143
169828.779,40,3436.8,2631,2152.8
169828.819,40,3432.6,2693.8,2164.2
169828.859,40,3407.6,2767,2184
169828.899,40,3369.2,2885.2,2212.6
169828.939,40,3293.4,3028.6,2259.2
169828.979,40,3140.4,3187.4,2317.4
169829.019,40,2924.2,3336.8,2414.6
169829.059,40,2688.2,3420.4,2564.2
169829.099,40,2486.8,3355.4,2748.8
169829.139,40,2369.8,3210.6,2869
169829.179,40,2397,3207.4,2808.4
169829.219,40,2507.6,3268.4,2665.4
169829.259,40,2664.4,3253.6,2521.8
169829.299,40,2863.4,3181.8,2398.8
169829.339,40,3059.6,3037.6,2304.8
169829.379,40,3224.2,2883.2,2235
169829.419,40,3309,2738.8,2191.2
169829.459,40,3349,2631.8,2160
169829.499,40,3343.8,2560.2,2142
169829.539,40,3372.8,2527.8,2129.2
169829.579,40,3356.2,2531.8,2133
169829.619,40,3347,2561.8,2132.6
169829.659,40,3376.4,2596,2142.6
169829.699,40,3414.4,2655,2157.6
169829.739,40,3415.6,2724.4,2177.4
169829.779,40,3384.6,2837.2,2206.8
169829.819,40,3282.6,2983.8,2252
169829.859,40,3105.4,3147.8,2316.6
169829.899,40,2880,3321.4,2432
169829.939,40,2627,3383.4,2597.8
169829.979,40,2434.8,3290,2789.6
169830.019,40,2350,3168,2891.6
169830.059,40,2391.2,3209.6,2823.4
169830.099,40,2505.8,3309.4,2692.6
169830.139,40,2678.8,3333.2,2537.8
169830.179,40,2894.8,3241,2404.4
169830.219,40,3105.6,3059.2,2300.2
169830.259,40,3282.4,2877.2,2227.2
169830.299,40,3354.6,2709,2178
169830.339,40,3363.6,2597.6,2149.4
169830.379,40,3347.2,2523.2,2133.6
169830.419,40,3344.2,2496.2,2122
169830.459,40,3367.2,2512,2121
169830.499,40,3402.8,2568.6,2139
169830.539,40,3414,2624.8,2152.8
169830.579,40,3403,2717.2,2179
169830.619,40,3347.2,2841.4,2215.6
169830.659,40,3214.8,3018.8,2273.8
169830.699,40,2973.6,3198.8,2369.8
169830.739,40,2716.4,3323.4,2517
169830.779,40,2511.6,3271.2,2667.6
169830.819,40,2453,3170.2,2696.6
169830.859,40,2525,3131.8,2588.8
169830.899,40,2650.2,3091.2,2462.4
169830.939,40,2801.6,3002,2363.8
169830.979,40,2928.2,2876,2285.8
169831.019,40,3032.8,2761.4,2229.8
169831.059,40,3073.2,2659.8,2192.2
169831.099,40,3093.2,2585.2,2167.8
169831.139,40,3096.4,2527.4,2149.6
169831.179,40,3097.8,2495.6,2139.6
169831.219,40,3092,2478.4,2131.2
169831.259,40,3111.4,2500.6,2140.6
169831.299,40,3121,2530.2,2149
169831.339,40,3113.2,2568.6,2163.4
169831.379,40,3104.2,2638.4,2187.8
169831.419,40,3052,2733.8,2221.8
169831.459,40,2952.8,2869.4,2283.8
169831.499,40,2796,3023.8,2376
169831.539,40,2596.6,3139,2526.4
169831.579,40,2416,3150,2723
169831.619,40,2312.2,3051.4,2895.6
169831.659,40,2311.8,2849.4,2725
169831.699,40,2391.4,3192.6,2803.8
169831.739,40,2512.8,3176,2615
169831.779,40,2682.8,3184.8,2482.6
169831.819,40,2858.8,3073.4,2366.4
169831.859,40,3004,2922.2,2282.4
169831.899,40,3084.2,2771.2,2224.2
169831.999,100,3062.6,2569.2,2168.6
169832.039,40,3033.8,2575.6,2170.6
169832.079,40,3023.8,2599,2182.4
169832.119,40,2987.2,2631.2,2193.6
169832.159,40,2979.6,2692.8,2215.6
169832.199,40,2959.6,2772.8,2244.8
169832.239,40,2904.6,2877,2293.6
169832.279,40,2812.4,3007.2,2361.6
169832.319,40,2680.4,3166,2473
169832.359,40,2522.6,3297.6,2664.6
169832.399,40,2396.2,3256.2,2843.8
169832.439,40,2367,3082.8,2784.2
169832.479,40,2453.4,3291,2761.8
169832.519,40,2588.6,3322.8,2611.4
169832.559,40,2768.8,3257,2463.8
169832.599,40,2956.6,3098.6,2341.4
169832.685,86,3187.6,2735.8,2205.4
169832.738,53,3185.2,2592.8,2162.8
169832.778,40,3154.6,2547,2152
169832.818,40,3143,2552,2150.6
169832.858,40,3142.6,2591.8,2164.2
169832.898,40,3100.2,2648,2187
169832.938,40,3039.8,2732.4,2223.6
169832.978,40,2940,2846.6,2275
169833.018,40,2780.6,2972.8,2363.8
169833.058,40,2588.2,3072.2,2500.6
169833.098,40,2414.8,3076,2676.4
169833.138,40,2323.8,2949.8,2773.4
169833.178,40,2343.8,2874.2,2661.6
169833.218,40,2443.2,3037,2626.8
169833.258,40,2570.2,3035.4,2496
169833.298,40,2712.2,2983.6,2389.6
169833.338,40,2843.6,2878.8,2308.8
169833.378,40,2950.4,2779,2248.4
169833.418,40,3022,2689,2210.6
169833.458,40,3052.2,2622,2183.6
169833.498,40,3068,2598,2173.6
169833.538,40,3065,2612.6,2182
169833.578,40,3076,2659,2196.8
169833.618,40,3040,2698.2,2214.4
169833.658,40,3005.4,2772.2,2242
169833.698,40,2929.4,2848.4,2276.4
169833.738,40,2824.6,2955.6,2344.2
169833.778,40,2673.4,3065.6,2445.8
169833.818,40,2505.8,3135,2608.2
169833.858,40,2359.6,3121.6,2822.4
169833.898,40,2291,2918.2,2821.8
169833.938,40,2329.4,2874.8,2704.2
169833.978,40,2437.6,3139,2694.4
169834.018,40,2588,3195.4,2551.4
169834.058,40,2763,3128,2421.4
169834.098,40,2933.8,3008.2,2324.4
169834.138,40,3069.8,2874.8,2256.4
169834.178,40,3143,2755.8,2215.4
169834.218,40,3174.6,2683.6,2187.6
169834.258,40,3164.2,2658,2181.6
169834.298,40,3168.2,2693.6,2194.8
169834.338,40,3135,2727.6,2205.6
169834.378,40,3091.4,2788,2230.2
169834.418,40,3008,2865.2,2269.6
169834.458,40,2896.6,2970.4,2324.4
169834.498,40,2741.8,3079.2,2418
169834.538,40,2560.4,3163.8,2563.6
169834.578,40,2407.4,3145.8,2748.8
169834.618,40,2315.2,3044.6,2885.2
169834.658,40,2327.2,2883.8,2711.8
169834.698,40,2429.2,3180.6,2730.2
169834.738,40,2571,3187,2567.2
169834.778,40,2747.2,3142.2,2429.8
169834.818,40,2920.6,3023.8,2329.6
169834.858,40,3065.2,2893,2264.6
169834.898,40,3141.8,2774.2,2217.4
169834.938,40,3178.6,2699.4,2195
169834.978,40,3172.6,2682,2187
169835.018,40,3157.2,2723.2,2203.6
169835.058,40,3112.4,2776.6,2224
169835.098,40,3041.6,2851,2258.2
169835.138,40,2930.4,2945.2,2310.6
169835.178,40,2777.4,3044.4,2390.4
169835.218,40,2601.8,3122.4,2509.4
169835.258,40,2439.8,3132.2,2680.2
169835.298,40,2323,3045,2856.2
169835.338,40,2288,2859.6,2769
169835.378,40,2348.2,3001.4,2766.2
169835.418,40,2455.2,3102.6,2654.4
169835.458,40,2590,3103.4,2510
169835.498,40,2757.6,3055.2,2403.2
169835.538,40,2907.8,2951,2315.2
169835.578,40,3018.4,2830.2,2249.4
169835.618,40,3083.4,2728.8,2211.8
169835.658,40,3100.4,2666.8,2190.8
169835.698,40,3106.6,2648.4,2183.6
169835.738,40,3100,2684.6,2197.8
169835.778,40,3068.4,2730.4,2215.6
169835.818,40,3013.2,2799.8,2250.2
169835.858,40,2918.2,2871.8,2291.8
169835.898,40,2799.8,2971.2,2355
169835.938,40,2644.6,3039.8,2449.4
169835.978,40,2490.4,3071.6,2585.6
169836.018,40,2362.6,3028.8,2746.2
169836.058,40,2283.2,2925.6,2857.6
169836.098,40,2288.8,2850.8,2749.2
169836.138,40,2361.2,3015,2735.8
169836.178,40,2471,3070.2,2605
169836.218,40,2620.2,3079.2,2471.4
169836.258,40,2788.4,3011.8,2369.8
169836.298,40,2927,2898.8,2292.2
169836.338,40,3023.6,2784.8,2236.6
169836.378,40,3072.4,2705.2,2206
169836.418,40,3079.8,2662.6,2194
169836.458,40,3067.6,2674.6,2198.6
169836.498,40,3058.6,2731,2218
169836.538,40,3001,2767.2,2237
169836.578,40,2942.4,2843,2274
169836.618,40,2847.4,2919,2323.4
169836.658,40,2717.4,3007.6,2399
169836.698,40,2574.6,3073,2510.2
169836.738,40,2432,3090.2,2662
169836.778,40,2328.4,3044,2831
169836.818,40,2304.6,2882.4,2749.8
169836.858,40,2372.8,3072.4,2760.4
169836.898,40,2492.4,3153.2,2628.4
169836.938,40,2653.4,3159,2491.6
169836.978,40,2841.2,3104.8,2384.6
169837.018,40,3008.6,2992.2,2302
169837.058,40,3136.6,2876,2246
169837.098,40,3197.2,2802.4,2219
169837.138,40,3210.8,2795.2,2215.2
169837.178,40,3199.8,2862,2238
169837.218,40,3126.8,2944,2268.8
169837.258,40,3012,3054.6,2321.2
169837.298,40,2863,3166.2,2399
169837.338,40,2686.6,3270.4,2511.2
169837.378,40,2509,3283.4,2677
169837.418,40,2364.8,3201.8,2874.8
169837.458,40,2290.8,3010.4,2928.4
169837.498,40,2316.2,2947,2793.4
169837.538,40,2411.4,3179.4,2763
169837.578,40,2538.2,3188.2,2594.8
169837.618,40,2698,3148,2457.8
169837.658,40,2859.8,3049.2,2356.4
169837.698,40,2979.8,2927.8,2288.2
169837.738,40,3048.4,2839.4,2249.4
169837.778,40,3059.4,2809.2,2241
169837.818,40,3042.4,2849.6,2256.8
169837.858,40,2971.6,2886,2283.6
169837.898,40,2907.8,2982.8,2325.6
169837.938,40,2804.2,3054.2,2380.6
169837.978,40,2672.2,3150.4,2477.6
169838.018,40,2517.2,3183,2611.2
169838.058,40,2379.4,3172.4,2815.6
169838.098,40,2283,3047.6,2993.6
169838.138,40,2264.4,2917.2,2912
169838.178,40,2318.6,3093,2908.6
169838.218,40,2423.6,3192.6,2748
169838.258,40,2579.6,3211,2571.8
169838.298,40,2758.4,3155.4,2432
169838.338,40,2935.6,3045,2334
169838.378,40,3060.4,2914.8,2271.6
169838.418,40,3124,2836.8,2239.4
169838.458,40,3131.8,2820.6,2235
169838.498,40,3088.6,2878,2256.2
169838.538,40,3019.2,2960.4,2293.4
169838.578,40,2911,3038.6,2343.4
169838.618,40,2766.4,3130.8,2425
169838.658,40,2604.4,3189.4,2544.4
169838.698,40,2442.8,3173.6,2710.8
169838.738,40,2323.8,3078.2,2892.6
169838.778,40,2276.4,2928.4,2889.2
169838.818,40,2312.8,2989.4,2835.8
169838.858,40,2404.8,3112.4,2734.2
169838.898,40,2535.6,3137.2,2578.4
169838.938,40,2697,3102,2443.6
169838.978,40,2857.2,3015.2,2343.6
169839.018,40,2992.2,2895.4,2279.4
169839.058,40,3079.8,2789,2230.6
169839.098,40,3124,2702.8,2199.8
169839.138,40,3128.4,2661.6,2190
169839.178,40,3098.4,2670.8,2191.8
169839.218,40,3023.6,2698.8,2211.6
169839.258,40,2968.8,2746.2,2236.4
169839.298,40,2883.4,2791.6,2270.4
169839.338,40,2801.6,2849.4,2310.4
169839.378,40,2698.2,2905.4,2366.8
169839.418,40,2593,2964.4,2446
169839.458,40,2479.4,2990.8,2548.8
169839.498,40,2367.2,2969.4,2691.8
169839.538,40,2275,2886,2832.4
169839.578,40,2225,2790.8,2906.6
169839.618,40,2238.8,2782,2838
169839.658,40,2294.8,2986.4,2883.6
169839.698,40,2394.6,3132.8,2762.4
169839.738,40,2529,3219.2,2622.2
169839.778,40,2685.6,3225.4,2497.8
169839.818,40,2853.6,3176,2406
169839.858,40,2987.4,3086,2333.2
169839.898,40,3089.8,3010,2292.2
169839.938,40,3126.4,2964.4,2272.2
169839.978,40,3114.2,2976.4,2275.4
169840.018,40,3064.4,3018.4,2298.6
169840.058,40,2993.8,3074.6,2332.8
169840.098,40,2916.8,3110.6,2363.2
169840.138,40,2827,3152.2,2406.2
169840.178,40,2729.2,3182.8,2459.6
169840.218,40,2624.4,3210.8,2536.2
169840.258,40,2505.6,3195.8,2640.6
169840.298,40,2385.4,3137.6,2781.8
169840.338,40,2286.2,2999.6,2928
169840.378,40,2219.2,2830,3011.4
169840.418,40,2200.4,2722.4,2945.2
169840.458,40,2218.2,2768.6,2900.8
169840.498,40,2276.4,2921,2876.8
169840.538,40,2370,3078,2774.2
169840.578,40,2498.2,3167.4,2627.2
169840.618,40,2664.6,3171.6,2492.6
169840.658,40,2831.2,3107.2,2387.4
169840.698,40,2995.2,2992.6,2311.8
169840.74,42,3112,2869.8,2250
169840.78,40,3176.6,2779.8,2215.4
169840.82,40,3194,2723.2,2198.4
169840.86,40,3174.2,2722.8,2198.4
169840.9,40,3131.6,2780.6,2222.8
169840.94,40,3063.4,2846.4,2252
169840.98,40,2965,2909.6,2293.4
169841.02,40,2844.8,2978.2,2344.8
169841.06,40,2706.8,3040.4,2413.2
169841.1,40,2565.4,3049,2510.6
169841.14,40,2419.8,3011.8,2638
169841.18,40,2302.4,2888.6,2759.2
169841.22,40,2217.8,2744.6,2858.4
169841.26,40,2181.4,2636.6,2883.8
169841.3,40,2182.8,2631.2,2843.8
169841.34,40,2228,2758.6,2864.6
169841.38,40,2294.6,2902.6,2796.4
169841.42,40,2424.2,3063.6,2668.6
169841.46,40,2601.2,3130.4,2517.2
169841.5,40,2836.6,3093.8,2379.8
169841.54,40,3058.2,2942.8,2279.2
169841.58,40,3193.4,2777.4,2211.8
169841.62,40,3235.2,2645.4,2173.2
169841.66,40,3235.8,2586.8,2155.8
169841.7,40,3217.2,2591.4,2159.4
169841.74,40,3208.2,2642.8,2175.2
169841.78,40,3151.8,2683.8,2191.2
169841.82,40,3084.2,2747.8,2222.6
169841.86,40,2988.6,2816.8,2254.2
169841.9,40,2878.4,2884.8,2300.2
169841.94,40,2747.6,2954.4,2365.4
169841.98,40,2615.8,3014.4,2456.8
169842.02,40,2475.8,3019.6,2571.4
169842.06,40,2352.6,2962.6,2717.4
169842.1,40,2255,2836.2,2848.6
169842.14,40,2190.6,2708.8,2933
169842.18,40,2186.6,2635.4,2859
169842.22,40,2210.8,2704.8,2851
169842.26,40,2270.6,2873.6,2858.4
169842.3,40,2365.8,3057,2764.4
169842.34,40,2510.2,3146,2603.2
169842.38,40,2704.8,3174.2,2466.2
169842.42,40,2914.2,3073,2349
169842.46,40,3094.8,2927.8,2266.6
169842.5,40,3199.4,2777,2212.4
169842.54,40,3230,2660.4,2176.2
169842.58,40,3231.4,2602.6,2161
169842.62,40,3224,2616.8,2166
169842.66,40,3211.4,2661,2177.6
169842.7,40,3177.8,2721.2,2198.8
169842.74,40,3125.8,2800.6,2228.4
169842.78,40,3043.2,2902.8,2272.4
169842.82,40,2934,3015,2329
169842.86,40,2789.6,3127.2,2411.8
169842.9,40,2632,3199.2,2525.2
169842.94,40,2470.4,3210.4,2681.2
169842.98,40,2335.6,3121,2874.4
169843.02,40,2244,2936.2,3033.4
169843.06,40,2194.4,2782.2,3086.4
169843.1,40,2205.6,2709.6,2908
169843.14,40,2247.2,2900.4,2988.4
169843.18,40,2329.2,3090,2876
169843.22,40,2476,3242.6,2696.4
169843.26,40,2670.2,3267.6,2520.6
169843.3,40,2892.6,3166,2384
169843.34,40,3092.2,2998.8,2286.8
169843.38,40,3220,2832.4,2225.8
169843.42,40,3262.8,2706.8,2186.2
169843.46,40,3272.6,2635.8,2165.4
169843.5,40,3270.6,2641.6,2168
169843.54,40,3279.4,2691.2,2181.2
169843.58,40,3241.8,2729,2195.6
169843.62,40,3217,2818.6,2224.8
169843.66,40,3152.2,2906.8,2255.8
169843.7,40,3052.6,3036,2310
169843.74,40,2909.4,3168.6,2379.6
169843.78,40,2739.2,3282,2488.4
169843.82,40,2560.8,3326.4,2640
169843.86,40,2400.6,3271.2,2838
169843.9,40,2278.6,3061.6,3018
169843.94,40,2210.4,2864.4,3128.4
169843.98,40,2189.6,2752.6,3046
169844.02,40,2214,2813.2,3006
169844.06,40,2276.4,3000.6,2969
169844.1,40,2383.4,3121.8,2783.4
169844.14,40,2541.8,3249.8,2622.2
169844.18,40,2737.8,3217.2,2465
169844.22,40,2950,3095.8,2348.4
169844.26,40,3125.6,2938.6,2263.4
169844.3,40,3215.8,2787.4,2212.6
169844.34,40,3245.8,2685.4,2185.8
169844.38,40,3242.2,2659.8,2177.6
169844.42,40,3226,2694,2187.6
169844.46,40,3182.8,2736.2,2200.8
169844.5,40,3139.2,2809,2233.2
169844.54,40,3058,2884.8,2262.2
169844.58,40,2955.6,2984.2,2319
169844.62,40,2818.4,3076.4,2385.6
169844.66,40,2660.6,3156,2487.2
169844.7,40,2503.8,3165.8,2623.2
169844.74,40,2363.6,3107.6,2804.6
169844.78,40,2261.2,2942,2952
169844.82,40,2206.8,2795,3017.4
169844.86,40,2213.8,2709,2848
169844.9,40,2258.2,2865.8,2895.4
169844.94,40,2334.4,3060.8,2833.8
169844.98,40,2466,3190,2676.4
169845.02,40,2654,3242.4,2525.2
169845.06,40,2854.2,3162,2396.2
169845.1,40,3056.8,3031.2,2303.8
169845.14,40,3202,2876.6,2235.8
169845.18,40,3264.8,2752.8,2198.4
169845.22,40,3281.6,2686.8,2179.2
169845.26,40,3271.6,2698,2182.6
169845.3,40,3257.2,2764.2,2204.4
169845.34,40,3202.6,2817,2221.2
169845.38,40,3130.8,2906,2261.6
169845.42,40,3015.8,3002.4,2305.8
169845.46,40,2869.2,3106,2376.6
169845.5,40,2704.2,3189,2472.8
169845.54,40,2534.8,3216.4,2612.6
169845.58,40,2386.4,3153.8,2783.4
169845.62,40,2281.8,2997.8,2930.2
169845.66,40,2231.8,2832.2,2939.6
169845.7,40,2249.4,2781.6,2815.6
169845.74,40,2301,2957.8,2835.2
169845.78,40,2399.4,3076,2713.4
169845.82,40,2536.2,3125.2,2564.4
169845.86,40,2696.2,3089.8,2438
169845.9,40,2870.6,3010.4,2342.6
169845.94,40,3018.6,2898,2272.6
169845.98,40,3106.2,2783,2224.8
169846.02,40,3141.2,2702.8,2195
169846.06,40,3135.8,2676.4,2187.4
169846.1,40,3103,2716.4,2206.8
169846.14,40,3048.6,2772.2,2230.2
169846.18,40,2964.6,2822.6,2263.4
169846.22,40,2872.2,2893.2,2309.6
169846.26,40,2761.4,2951.4,2364.2
169846.3,40,2637.2,3009.4,2442
169846.34,40,2509.8,3024.6,2540
169846.38,40,2387.6,3001.4,2678.4
169846.42,40,2285.2,2894.6,2810.2
169846.46,40,2225,2785,2909.2
169846.5,40,2222.2,2692,2780.2
169846.54,40,2264,2846.4,2832.2
169846.58,40,2350.2,3040.8,2784
169846.62,40,2485,3172.6,2644
169846.66,40,2671.8,3207.4,2495.2
169846.7,40,2877.6,3133.4,2377.2
169846.74,40,3069.8,2998.8,2291.4
169846.78,40,3200.6,2860,2228.4
169846.82,40,3267.6,2751.2,2197.4
169846.86,40,3289.2,2711.6,2188.4
169846.9,40,3287.6,2754.2,2197
169846.94,40,3246.4,2834.6,2221.6
169846.98,40,3182.2,2909.6,2249.4
169847.02,40,3086.2,3018,2297
169847.06,40,2943.2,3121.6,2358.8
169847.1,40,2780,3221.6,2449.4
169847.14,40,2598.2,3281,2582.6
169847.18,40,2436.2,3258,2761.2
169847.22,40,2314.4,3105.2,2939
169847.26,40,2237.2,2927.4,3057
169847.3,40,2217.6,2820.2,2997.6
169847.34,40,2245.4,2928.6,3005
169847.38,40,2313.8,3074.4,2905.8
169847.42,40,2432,3225.8,2758.4
169847.46,40,2588.2,3280.4,2595.4
169847.5,40,2766.8,3222.4,2448.2
169847.54,40,2960.6,3105,2346.2
169847.58,40,3112,2955.8,2272
169847.62,40,3201.8,2821.2,2225.6
169847.66,40,3242.6,2748.2,2196.2
169847.7,40,3241.6,2728,2196.6
169847.74,40,3239.2,2781.6,2211.8
169847.78,40,3193,2812.8,2225.4
169847.82,40,3142.6,2889.8,2252.8
169847.86,40,3060,2967,2290
169847.9,40,2945.8,3075.4,2346.6
169847.94,40,2795.2,3178,2430.4
169847.98,40,2629,3256.2,2547.6
169848.02,40,2462.4,3257.2,2718.6
169848.06,40,2335.2,3138.8,2911
169848.1,40,2251.8,2966.2,3035.6
169848.14,40,2248.6,2857.4,2910.2
169848.18,40,2306.2,3089,2961.4
169848.22,40,2399.2,3221.6,2808.6
169848.26,40,2544.8,3308.4,2645
169848.3,40,2724.4,3271,2490.4
169848.34,40,2915.6,3163.4,2369.8
169848.38,40,3091.6,3020,2292.6
169848.42,40,3204.4,2876.4,2238.2
169848.46,40,3259.8,2772.4,2204.8
169848.5,40,3272.2,2725,2190.6
169848.54,40,3269.4,2751,2198.4
169848.58,40,3231.6,2833,2227.4
169848.62,40,3174,2922.4,2253.8
169848.66,40,3063,3033.2,2302
169848.7,40,2916.6,3147.8,2372.6
169848.74,40,2741.6,3264.6,2482.6
169848.78,40,2540.8,3314,2648.6
169848.82,40,2376,3215,2859
169848.86,40,2266.2,3017.8,3028.2
169848.9,40,2241.2,2831.4,2906.6
169848.94,40,2274.2,3009.4,2983
169848.98,40,2346.6,3103,2841.2
169849.02,40,2463.8,3207.8,2694.4
169849.06,40,2620.4,3213.6,2540.4
169849.1,40,2783,3124.8,2411.8
169849.14,40,2949.4,3004.2,2315.4
169849.18,40,3072,2864.4,2256.6
169849.22,40,3133.2,2749,2216.8
169849.26,40,3153.8,2675.4,2189.4
169849.3,40,3144.4,2653.4,2180.2
169849.34,40,3132.6,2695.4,2199.4
169849.38,40,3090.8,2732.4,2213.8
169849.42,40,3047,2801,2241.6
169849.46,40,2960.6,2876.2,2281.6
169849.5,40,2854,2970.2,2338.2
169849.54,40,2719.4,3056,2414.6
169849.58,40,2575.4,3126.6,2536.6
169849.62,40,2425.8,3099.6,2685.2
169849.66,40,2303.2,2987.4,2859.6
169849.7,40,2220.8,2837.4,2984.6
169849.74,40,2215,2716.4,2856.6
169849.78,40,2248.4,2889,2940.2
169849.82,40,2332.8,3037,2828.8
169849.86,40,2464.8,3178.8,2678.4
169849.9,40,2644.8,3248.8,2527.8
169849.94,40,2843.6,3154.2,2396.4
169849.98,40,3044,3024,2304.2
169850.02,40,3182.2,2875,2242.2
169850.06,40,3256.4,2759.8,2200.6
169850.1,40,3286.2,2687,2175.6
169850.14,40,3268.2,2675.4,2177.2
169850.18,40,3251.8,2737,2198.4
169850.22,40,3202.2,2822.6,2225.6
169850.26,40,3108,2928.6,2269.8
169850.3,40,2977,3049.8,2333.4
169850.34,40,2797.6,3151.6,2416.6
169850.38,40,2618.4,3225.6,2544.8
169850.42,40,2440.6,3195.6,2717.6
169850.46,40,2303.8,3032.8,2896.2
169850.5,40,2220.8,2828.6,3001
169850.54,40,2202.8,2701.8,2892.8
169850.58,40,2230.2,2766,2857.6
169850.62,40,2296.2,2975,2872
169850.66,40,2404.4,3137,2738.4
169850.7,40,2566.8,3227,2588.4
169850.74,40,2750.6,3214.2,2452.4
169850.78,40,2944.4,3106.8,2351.2
169850.82,40,3102.6,2977,2278.4
169850.86,40,3205.4,2866.2,2236.8
169850.9,40,3247.8,2809.8,2214.2
169850.94,40,3260.4,2818.4,2215
169850.98,40,3242.6,2877.8,2235.2
169851.02,40,3201.8,2949.6,2258
169851.06,40,3125.6,3028.2,2292.6
169851.1,40,3016.2,3135.4,2345.6
169851.14,40,2871.2,3238.8,2415.6
169851.18,40,2700,3341,2528.4
169851.22,40,2527.2,3346.2,2683.8
169851.26,40,2373.6,3226.6,2882.2
169851.3,40,2266,3019.6,3039.6
169851.34,40,2220.4,2830.8,3005.4
169851.38,40,2239.6,2811.6,2879.6
169851.42,40,2305.4,3049.4,2922
169851.46,40,2416.4,3192.2,2763.2
169851.5,40,2572.2,3253.2,2591.8
169851.54,40,2754,3207,2451.4
169851.58,40,2941.8,3090.2,2349
169851.62,40,3085.4,2959.6,2276.4
169851.66,40,3177,2836.6,2232
169851.7,40,3228.4,2762.4,2208
169851.74,40,3226,2736.2,2197.6
169851.78,40,3206.6,2778.4,2210.2
169851.82,40,3162.4,2844.8,2235
169851.86,40,3086.4,2900.6,2263.4
169851.9,40,2980.2,2989.8,2309.2
169851.94,40,2834.4,3062.6,2375
169851.98,40,2677.2,3140,2474.8
169852.02,40,2507.6,3144.8,2605.6
169852.06,40,2366.6,3053.6,2756.6
169852.1,40,2272.8,2920.2,2894.6
169852.14,40,2230.8,2785.4,2877.6
169852.18,40,2245,2815,2849.8
169852.22,40,2303.6,2997.4,2876.2
169852.26,40,2384.8,3121.2,2774.4
169852.3,40,2511.6,3265.4,2661.4
169852.34,40,2667,3289.6,2532.6
169852.38,40,2832.4,3224.8,2418
169852.42,40,3011.2,3131.4,2341.2
169852.46,40,3145,3001.6,2278.2
169852.5,40,3223.2,2902.8,2241.6
169852.54,40,3249.6,2825.4,2217.4
169852.58,40,3252.6,2806.8,2215.8
169852.62,40,3218.4,2841.2,2227.4
169852.66,40,3159.4,2903.2,2251
169852.7,40,3075,2953.2,2281.4
169852.74,40,2977.8,3012.2,2320.8
169852.78,40,2862,3081.6,2371.2
169852.82,40,2714.6,3146.4,2449.6
169852.86,40,2572.2,3178.8,2563
169852.9,40,2433,3155.8,2719.2
169852.94,40,2314.2,3045.8,2878.2
169852.98,40,2245.4,2907.8,2983.8
169853.02,40,2238,2824,2907.6
169853.06,40,2281.4,3004,2948
169853.1,40,2371.4,3141.8,2817.2
169853.14,40,2514,3235,2642.8
169853.18,40,2702.2,3222,2484.8
169853.22,40,2911.8,3116.8,2364.8
169853.26,40,3087.8,2948.2,2274.4
169853.3,40,3206.4,2803,2219
169853.34,40,3263.6,2682.6,2182
169853.38,40,3271.8,2604.6,2159.4
169853.42,40,3264.2,2594.6,2156
169853.46,40,3260.8,2634.8,2170.2
169853.5,40,3219.4,2677.6,2186
169853.608,108,3012,2870.8,2267.2
169853.776,168,2416.8,3050.8,2666.8
169853.943,167,2309.6,2961.4,2808.4
169854.109,166,3007.4,2985.2,2297
169854.278,169,3271.8,2594,2156
169854.447,169,3108.8,2902.6,2260.8
169854.679,232,2278.6,2979.2,2944.6
169854.846,167,2729.6,3188,2462
169855.014,168,3259,2675.2,2180.4
169855.181,167,3276,2777.6,2204.6
169855.35,169,2758,3243.2,2468.8
169855.517,167,2361.6,3129,2832
169855.685,168,3090,2956.4,2279.8
169855.853,168,3236.4,2427.2,2110.2
169856.02,167,3365.6,2504.6,2124
169856.189,169,3062,3155.2,2338.2
169856.357,168,2856.2,3250.4,2418.4
169856.526,169,3339,2646.4,2163
169856.695,169,3203.8,2409.8,2104
169856.863,168,3290,2517,2134.4
169857.031,168,3098.6,2860.2,2255.4
169857.264,233,2902.2,3181.6,2384.6
169857.304,40,3074.4,3049,2304.6
169857.344,40,3245.4,2884.8,2233.4
169857.384,40,3345.8,2717.2,2182
169857.424,40,3374,2582.8,2145.2
169857.464,40,3339.6,2486,2121.8
169857.504,40,3277.8,2426.6,2106.6
169857.544,40,3242.4,2409.6,2100.8
169857.584,40,3290.6,2426.6,2108.6
169857.624,40,3330.4,2461.4,2117.4
169857.664,40,3356.8,2499.6,2123.2
169857.704,40,3370.8,2557.6,2140.2
169857.744,40,3364.4,2627.2,2160.6
169857.784,40,3326.6,2727.8,2190.6
169857.824,40,3247.4,2867.4,2232.2
169857.864,40,3101.4,3050.4,2302.2
169857.904,40,2892.6,3250.6,2411.2
169857.944,40,2665.8,3367.4,2565
169857.984,40,2537,3352,2673.6
169858.024,40,2571.6,3368,2646.4
169858.064,40,2664.2,3349.8,2550.6
169858.104,40,2816.4,3271.6,2447.4
169858.144,40,3016.2,3120,2336
169858.184,40,3190.6,2934.8,2254.6
169858.224,40,3315,2755.8,2197.4
169858.264,40,3348.4,2608.2,2150.2
169858.304,40,3326.2,2500.8,2124.6
169858.344,40,3284,2450,2110.2
169858.384,40,3289.8,2436.4,2111.2
169858.424,40,3333.8,2470.4,2118.6
169858.464,40,3399.8,2520.2,2128.8
169858.504,40,3421.6,2581.8,2139.8
169858.544,40,3421.8,2655.2,2160.4
169858.584,40,3388,2749.4,2182.8
169858.624,40,3318.8,2871.4,2224.4
169858.664,40,3188.2,3018.4,2278.4
169858.704,40,3008.8,3177.4,2354.4
169858.744,40,2805.8,3309.6,2460.8
169858.784,40,2590.4,3330,2614.2
169858.824,40,2421.4,3207.6,2765.6
169858.864,40,2310.2,3005.2,2861.6
169858.904,40,2282,2912,2857.4
169858.944,40,2332.4,2972.6,2771.2
169858.984,40,2446.8,3086.4,2650
169859.024,40,2606,3125.4,2509.6
169859.064,40,2812,3089.8,2387.8
169859.104,40,3007.4,2962,2293.2
169859.144,40,3154.8,2815.6,2226.8
169859.184,40,3262.6,2694.2,2184.2
169859.224,40,3299.4,2614.2,2158.4
169859.264,40,3314.6,2580.6,2147.4
169859.304,40,3347,2612.4,2152.8
169859.344,40,3361.8,2663.8,2167.2
169859.384,40,3355,2725.8,2182.8
169859.424,40,3315.2,2793.4,2207.8
169859.464,40,3260.8,2883.8,2236.2
169859.504,40,3169,2990.8,2272.6
169859.544,40,3035.4,3106.6,2332.2
169859.584,40,2865.2,3222,2410.8
169859.624,40,2678,3293,2529.6
169859.664,40,2494,3247.8,2679.8
169859.704,40,2355.4,3103.2,2820.6
169859.744,40,2283.4,2958,2898
169859.784,40,2293.6,2960.8,2873
169859.824,40,2368.4,3073.4,2772.8
169859.864,40,2497.6,3189.4,2644
169859.904,40,2686.6,3222.2,2496.6
169859.944,40,2906.8,3134.6,2367.4
169859.984,40,3116.4,2971.6,2273
169860.024,40,3267,2805.2,2214.2
169860.064,40,3330.6,2658.4,2167.6
169860.104,40,3351.2,2559.2,2139.6
169860.144,40,3326.2,2498.6,2123
169860.184,40,3326.2,2483.4,2121
169860.224,40,3381.6,2526.4,2129.4
169860.264,40,3411.4,2576,2142.4
169860.304,40,3426.6,2635.8,2158
169860.344,40,3412.6,2722,2176.2
169860.384,40,3368,2827.6,2209.8
169860.424,40,3267,2971.4,2254
169860.464,40,3104.6,3134.6,2322.6
169860.504,40,2891.8,3301.8,2424.4
169860.544,40,2657.6,3396.2,2578
169860.584,40,2459.2,3322.2,2770.8
169860.624,40,2325.2,3123,2919
169860.664,40,2266,2961.8,2967.2
169860.704,40,2290.4,2972.2,2893.6
169860.744,40,2373.8,3054.6,2749.2
169860.784,40,2508.2,3129.8,2595.4
169860.824,40,2694.4,3111.2,2444.2
169860.864,40,2894.4,3006,2334
169860.904,40,3064.2,2854,2254.8
169860.944,40,3183.8,2715,2196.2
169860.984,40,3234.2,2595.8,2160.8
169861.024,40,3237,2511.4,2137
169861.064,40,3212.4,2465.6,2121.2
169861.104,40,3220.2,2466,2123
169861.144,40,3273,2506.2,2136.2
169861.184,40,3277,2536.2,2139
169861.224,40,3304.2,2600.8,2155.4
169861.264,40,3287.2,2678,2181.2
169861.304,40,3242.8,2804,2219.2
169861.344,40,3133.6,2964.6,2277.2
169861.384,40,2960.6,3159,2368.2
169861.424,40,2740.4,3309.4,2496.6
169861.464,40,2549.8,3342.6,2658.2
169861.504,40,2447.6,3267,2759.8
169861.544,40,2490.8,3302.8,2707.6
169861.584,40,2625.2,3312.4,2577
169861.624,40,2799,3249.2,2443.6
169861.664,40,3001.6,3106.6,2335.2
169861.704,40,3154.8,2939.2,2263.8
169861.744,40,3274.6,2792,2207.6
169861.784,40,3315,2669.8,2174.4
169861.824,40,3335.8,2588.6,2149.6
169861.864,40,3330.4,2544.8,2138
169861.904,40,3330.6,2538.2,2137.8
169861.944,40,3360.8,2576.4,2142
169861.984,40,3348.8,2603.6,2152.2
169862.024,40,3353.4,2650.2,2163
169862.064,40,3301.6,2698.2,2182.8
169862.104,40,3239.4,2767.2,2208
169862.144,40,3142.2,2841.2,2243.4
169862.184,40,3031.6,2927,2282.2
169862.224,40,2896.6,3012.8,2344.4
169862.264,40,2745.4,3084.8,2418
169862.304,40,2581,3116.2,2526.6
169862.344,40,2438.2,3067.2,2648.2
169862.384,40,2344.6,2970.8,2744.4
169862.424,40,2336.2,2905.6,2701.4
169862.464,40,2414.6,3003.8,2638.4
169862.504,40,2540.2,3041.2,2520.6
169862.544,40,2689.8,2990.8,2409
169862.584,40,2837.4,2902.2,2316.8
169862.624,40,2954.4,2782.4,2250.6
169862.664,40,3030,2670.8,2202
169862.704,40,3083.6,2585,2170
169862.744,40,3096.2,2520.8,2147
169862.784,40,3094,2494.2,2140.4
169862.824,40,3104.2,2515.6,2142
169862.864,40,3112.6,2563.2,2164.2
169862.904,40,3086.8,2625.4,2183
169862.944,40,3050.8,2705.2,2213
169862.984,40,2975.2,2804,2253.8
169863.024,40,2873.8,2925,2318
169863.064,40,2739,3040.4,2402.6
169863.104,40,2584,3135.4,2524.2
169863.144,40,2441.6,3132,2687.2
169863.184,40,2321.4,3035.6,2843
169863.224,40,2272,2895.8,2864
169863.264,40,2299.2,2905.4,2794.8
169863.304,40,2385.2,3108,2773.6
169863.344,40,2500.2,3169.2,2623.4
169863.384,40,2657.8,3147.8,2486
169863.424,40,2820.2,3045.8,2369.6
169863.464,40,2959.8,2915.8,2286.2
169863.504,40,3071,2781.6,2232.8
169863.544,40,3127.8,2676.2,2193
169863.584,40,3155.4,2612.4,2171
169863.624,40,3163.2,2586.2,2160.2
169863.664,40,3163,2619.2,2171.8
169863.704,40,3155.4,2670.6,2185.6
169863.744,40,3126.4,2717.2,2206
169863.784,40,3084.6,2796.2,2229.4
169863.824,40,3019.8,2879.8,2270.2
169863.864,40,2920.6,2976.8,2320.2
169863.904,40,2804.4,3076.6,2384.8
169863.944,40,2671.2,3146.4,2480.2
169863.984,40,2525.2,3176.4,2598
169864.024,40,2398.8,3109.6,2742.6
169864.064,40,2299.6,2983.8,2874.6
169864.104,40,2249.2,2859.4,2912.2
169864.144,40,2261.4,2805.6,2786.4
169864.184,40,2332.4,2988.8,2784.8
169864.224,40,2448.4,3084.4,2636.8
169864.264,40,2615.6,3108.2,2493.8
169864.304,40,2795.8,3035.2,2378
169864.344,40,2963,2915.8,2291
169864.384,40,3089,2790.4,2229.2
169864.424,40,3170,2683,2193
169864.464,40,3242.2,2625.6,2167.6
169864.504,40,3242.2,2617.8,2165
169864.544,40,3257.2,2670,2175.4
169864.584,40,3263,2730.6,2198
169864.624,40,3224,2797.6,2214.4
169864.664,40,3162.8,2888,2251.8
169864.704,40,3063.6,2995.4,2292.6
169864.744,40,2929.8,3117.6,2362.4
169864.784,40,2758.6,3227,2461.4
169864.824,40,2584.8,3277,2593.4
169864.864,40,2420.8,3213.4,2764.6
169864.904,40,2307,3055.6,2915
169864.944,40,2254.2,2888.2,2914.4
169864.984,40,2284.2,2829,2768
169865.024,40,2358.8,3057.4,2778
169865.064,40,2503.6,3162,2621.6
169865.104,40,2687,3159.2,2472.8
169865.144,40,2884.8,3060.8,2354.2
169865.184,40,3060,2905,2267.2
169865.224,40,3185.6,2756.4,2207.4
169865.264,40,3253.6,2632,2167.2
169865.304,40,3259.8,2538.8,2142.8
169865.344,40,3234.8,2483.8,2125.8
169865.384,40,3235.4,2473.4,2124.2
169865.424,40,3280,2500.6,2132.2
169865.464,40,3295.2,2534.4,2140
169865.504,40,3316.8,2588,2149.2
169865.544,40,3296.2,2632.2,2166.4
169865.584,40,3260.8,2703.8,2189.8
169865.624,40,3190.6,2783,2220.2
169865.664,40,3095.2,2886.6,2259.4
169865.704,40,2956.6,2995,2316.8
169865.744,40,2800.2,3106,2400.4
169865.784,40,2625.2,3183.4,2524
169865.824,40,2464,3170.2,2674.6
169865.864,40,2349.2,3077.6,2812.6
169865.904,40,2315.4,2973,2816.8
169865.944,40,2360.4,3023.4,2754.4
169865.984,40,2464,3161.6,2665.6
169866.024,40,2615.4,3247.4,2552.6
169866.064,40,2790.4,3190.6,2430
169866.104,40,2960.6,3086,2339.4
169866.144,40,3107,2945.2,2271
169866.184,40,3208,2823.2,2224.8
169866.224,40,3272.2,2726.6,2190.8
169866.264,40,3297.2,2652.4,2169.6
169866.304,40,3297,2615.8,2160.4
169866.344,40,3308.4,2616.2,2157.8
169866.384,40,3324.8,2649.4,2167
169866.424,40,3309,2686,2179.8
169866.464,40,3283.4,2743.2,2190
169866.504,40,3236.8,2789.4,2214.6
169866.544,40,3169,2885.2,2243.4
169866.584,40,3073.8,2990,2295.4
169866.624,40,2934.4,3125.6,2363.4
169866.664,40,2761.4,3246.2,2468.8
169866.704,40,2578,3306.8,2609
169866.744,40,2417.2,3245,2787.4
169866.784,40,2320.6,3116,2925.2
169866.824,40,2305.2,2991.8,2853.4
169866.864,40,2371.4,3177,2838.6
169866.904,40,2482.4,3240.8,2686
169866.944,40,2639.8,3256.8,2533.6
169866.984,40,2811.2,3157.6,2410.4
169867.024,40,2969.6,3013.4,2316.6
169867.064,40,3077,2860.2,2253.4
169867.104,40,3145.8,2741.2,2205.8
169867.144,40,3171.6,2648.2,2182
169867.184,40,3185.8,2587.4,2157.2
169867.224,40,3167.4,2565.2,2153.8
169867.264,40,3165.8,2592.2,2163.8
169867.304,40,3141.4,2631.4,2177.2
169867.344,40,3114,2692.6,2202
169867.384,40,3054.8,2759.6,2230.4
169867.424,40,2986.6,2853,2266.2
169867.464,40,2886.2,2964.2,2326.6
169867.504,40,2756.4,3083.2,2410.4
169867.544,40,2605,3162,2519
169867.584,40,2462.2,3163.4,2666.4
169867.624,40,2345,3075,2818
169867.664,40,2270.6,2960.4,2933.4
169867.704,40,2261.2,2857,2853.8
169867.744,40,2310.2,3009,2865.2
169867.784,40,2398,3084.6,2721
169867.824,40,2539.6,3175.4,2585.8
169867.864,40,2705.4,3123,2446.2
169867.904,40,2875.6,3004.8,2340.2
169867.944,40,3009.4,2862.6,2264.6
169867.984,40,3093.6,2733.2,2212.6
169868.024,40,3153.4,2639.8,2176.4
169868.064,40,3166.4,2577,2157.2
169868.104,40,3172.2,2564.8,2154.2
169868.144,40,3181,2604,2166.4
169868.184,40,3181.8,2656.6,2175.6
169868.224,40,3162.4,2701.2,2197.6
169868.264,40,3131,2765.2,2219
169868.304,40,3076.8,2833.6,2244.8
169868.344,40,3003.4,2917.4,2287.4
169868.384,40,2903.4,3013.8,2340.6
169868.424,40,2771.2,3114,2414.6
169868.565,141,2286.4,2959.8,2895
169868.609,44,2255.8,2797,2813
169868.649,40,2293.4,2906.8,2807.8
169868.689,40,2378.6,2999.8,2700
169868.729,40,2518.6,3155.6,2599.8
169868.769,40,2689.6,3133.2,2459.6
169868.809,40,2868,3037.4,2354.6
169868.849,40,3013.8,2901.6,2274.6
169868.889,40,3105.2,2774,2223.4
169868.929,40,3167.4,2680,2189.2
169868.969,40,3187,2621,2169
169869.009,40,3184.2,2618,2166.8
169869.049,40,3183.6,2667.8,2184.4
169869.089,40,3161.4,2720.2,2202.8
169869.129,40,3117.4,2790,2227.2
169869.175,46,3036.4,2893.6,2273.6
169869.215,40,2943.4,3000.6,2324.4
169869.255,40,2812,3110.8,2397.4
169869.295,40,2655,3199.2,2504.2
169869.335,40,2489.2,3199.8,2655.4
169869.375,40,2352.4,3093.4,2816.6
169869.415,40,2272,2955,2931.2
169869.455,40,2262.4,2804.2,2792
169869.495,40,2317.6,2996,2821
169869.535,40,2422.8,3108,2695.4
169869.575,40,2576.6,3157.4,2543
169869.615,40,2761.8,3104,2413.6
169869.655,40,2926.2,2970.6,2315
169869.695,40,3055.4,2825.8,2246.6
169869.735,40,3131.2,2701.4,2198.8
169869.775,40,3169.8,2607.2,2169.4
169869.815,40,3171,2574.8,2157.8
169869.855,40,3175.2,2592.4,2162
169869.895,40,3163,2648.2,2178.8
169869.935,40,3134.8,2711.2,2201.4
169869.975,40,3084.6,2791.4,2233.6
169870.015,40,3012.4,2883,2273.8
169870.055,40,2903,2991.8,2328.2
169870.095,40,2772.8,3103,2407.8
169870.135,40,2614.2,3177,2523
169870.175,40,2454.6,3164,2674.4
169870.215,40,2334.2,3061,2836.2
169870.255,40,2257,2909.6,2944.4
169870.295,40,2244.4,2779,2829.4
169870.335,40,2280.6,2875.2,2807.4
169870.375,40,2379.2,3084,2752.8
169870.415,40,2522.4,3164.4,2597.6
169870.455,40,2705,3136.2,2454.6
169870.495,40,2880,3029.8,2349.2
169870.535,40,3019.6,2882,2271.2
169870.575,40,3120.2,2752.4,2215.4
169870.615,40,3169.8,2657.4,2182.4
169870.655,40,3187,2611.2,2168.2
169870.695,40,3195.4,2615.8,2168.6
169870.735,40,3194.4,2665.4,2185.4
169870.775,40,3179.2,2704.2,2195.8
169870.815,40,3149,2760,2212.8
169870.855,40,3093,2823,2242.6
169870.895,40,3021.2,2916.6,2281.6
169870.935,40,2917.6,3018.2,2335.2
169870.975,40,2788.4,3119,2412.6
169871.015,40,2634,3183.8,2515.2
169871.055,40,2482,3181.6,2655.2
169871.095,40,2355.2,3076,2805.8
169871.135,40,2272.8,2945.2,2928
169871.175,40,2250.6,2822.4,2854.4
169871.215,40,2294.4,2873,2784.8
169871.255,40,2395.8,3079.4,2728.4
169871.295,40,2541,3161.2,2581.4
169871.335,40,2724.8,3126.2,2438.4
169871.375,40,2905,3015.8,2338.2
169871.415,40,3041.8,2868.2,2261.8
169871.455,40,3128.4,2744,2211.6
169871.495,40,3172,2657.4,2178.6
169871.535,40,3179.4,2626.8,2170
169871.575,40,3176.2,2648.8,2179.2
169871.615,40,3165,2698.6,2196.4
169871.655,40,3136.4,2750,2217
169871.695,40,3089,2817,2240
169871.735,40,3027.8,2895.6,2273
169871.775,40,2934.4,2994,2320.4
169871.815,40,2813.8,3095,2388.2
169871.855,40,2671.4,3172.6,2486
169871.895,40,2522.8,3191.4,2614.4
169871.935,40,2384,3118.4,2769
169871.975,40,2291.8,2989.2,2906
169872.015,40,2234.2,2848.8,2950.8
169872.055,40,2253.8,2801.6,2822.4
169872.095,40,2318,3006,2838.8
169872.135,40,2426,3104.6,2688.6
169872.175,40,2578.2,3142,2537.2
169872.215,40,2739,3087,2416.2
169872.255,40,2909.8,2972,2316.4
169872.295,40,3025.8,2846.2,2259.2
169872.335,40,3090.2,2745,2216.8
169872.375,40,3129,2679.6,2196
169872.415,40,3133.8,2665.2,2186.8
169872.455,40,3135.6,2702.4,2198.6
169872.495,40,3124.8,2738.8,2210
169872.535,40,3097.2,2783.2,2230
169872.575,40,3063.2,2849.6,2247.8
169872.615,40,3004,2913.8,2285.2
169872.655,40,2927.2,2998.4,2324
169872.695,40,2828,3085.2,2382
169872.735,40,2704,3147.6,2458.8
169872.775,40,2576.2,3186.4,2563
169872.815,40,2441.2,3151.2,2692.6
169872.855,40,2333.4,3054,2829.8
169872.895,40,2267.2,2933.8,2925
169872.935,40,2256.2,2847.6,2856
169872.975,40,2310.8,2956.6,2817.2
169873.015,40,2406.6,3093.2,2707.4
169873.055,40,2556,3153.2,2565.2
169873.095,40,2730.8,3114.6,2434.2
169873.135,40,2901.4,3004.8,2332.4
169873.175,40,3043.4,2876,2260.4
169873.215,40,3125.8,2757.8,2213
169873.255,40,3179,2676.6,2186.2
169873.295,40,3189.8,2641.8,2175.4
169873.335,40,3198.4,2667.4,2182.2
169873.375,40,3188.4,2704.8,2195
169873.415,40,3166.6,2753.6,2209.6
169873.455,40,3126,2798.8,2228.8
169873.495,40,3084.2,2870.4,2258.8
169873.535,40,3010.6,2946.6,2294.4
169873.575,40,2917.6,3038,2343.6
169873.615,40,2796.6,3127.6,2403.8
169873.655,40,2658.6,3188.8,2499.4
169873.695,40,2511.6,3193.6,2624.8
169873.735,40,2390.2,3125.2,2760.4
169873.775,40,2309,3017,2872
169873.815,40,2290.8,2910,2819.8
169873.855,40,2348.6,3056.6,2797.6
169873.895,40,2449.2,3121.6,2659.8
169873.935,40,2596.8,3161.2,2527.2
169873.975,40,2766,3104.2,2412
169874.015,40,2936.4,2991.2,2320.2
169874.055,40,3069.4,2864.2,2255
169874.095,40,3153.6,2756.2,2212
169874.135,40,3206.4,2679.4,2186.2
169874.175,40,3221.6,2648,2173
169874.215,40,3234.6,2657.6,2178
169874.255,40,3229,2701.4,2188.2
169874.295,40,3207.4,2748.2,2203.2
169874.335,40,3173.6,2799.6,2224
169874.375,40,3116.8,2870.8,2251.8
169874.415,40,3034.4,2950.8,2293.4
169874.455,40,2922.2,3058,2343.4
169874.495,40,2788.4,3149.4,2421.2
169874.535,40,2629.2,3206.4,2530.4
169874.575,40,2478,3194.4,2666
169874.615,40,2357.6,3098,2813
169874.655,40,2270,2955.8,2943.8
169874.695,40,2231.6,2816,2924.8
169874.735,40,2249.2,2805.4,2828.2
169874.775,40,2313.2,2979.6,2816.6
169874.815,40,2414.4,3059.8,2678.2
169874.855,40,2553,3088,2533.8
169874.895,40,2699.8,3032.6,2412.8
169874.935,40,2843.6,2927.4,2321.4
169874.975,40,2939.8,2808.6,2261.8
169875.015,40,3013.2,2715,2216.2
169875.055,40,3054.6,2639.8,2189.2
169875.095,40,3069.4,2599.4,2173.6
169875.135,40,3060,2599.8,2177
169875.175,40,3056,2638.2,2190.4
169875.215,40,3043.8,2686.8,2203.4
169875.255,40,3003.8,2732,2227.6
169875.295,40,2960.4,2797,2252.8
169875.335,40,2891,2878,2292.4
169875.375,40,2810.2,2969.6,2351.2
169875.415,40,2697.6,3062.4,2424.2
169875.455,40,2572,3123.8,2538.2
169875.495,40,2438.6,3120.4,2678.2
169875.535,40,2332.8,3052.4,2836.4
169875.575,40,2261.2,2933.2,2950.6
169875.615,40,2253.8,2837.6,2867.2
169875.655,40,2298,2938.6,2834.8
169875.695,40,2391.8,3137.4,2769.4
169875.735,40,2525.4,3211,2619
169875.775,40,2690.8,3192.8,2480.8
169875.815,40,2864.6,3096.6,2375.8
169875.855,40,3014.6,2965.6,2295.6
169875.895,40,3111.2,2836.6,2242
169875.935,40,3174,2741.2,2208.4
169875.975,40,3196.2,2698.4,2191.2
169876.015,40,3199.4,2701.8,2192.2
169876.055,40,3202.2,2753.8,2208.8
169876.095,40,3167.2,2791.6,2218.6
169876.135,40,3118.4,2857.8,2248.2
169876.175,40,3048.8,2932.2,2277.8
169876.215,40,2963,3032.2,2327.6
169876.255,40,2843.2,3133.4,2392.8
169876.295,40,2699.2,3210.4,2485.2
169876.335,40,2543.2,3241.2,2614.6
169876.375,40,2404.4,3169.2,2771
169876.415,40,2300.2,3027.4,2921.6
169876.455,40,2236.6,2875.8,2988.8
169876.495,40,2238.6,2774.8,2835.6
169876.535,40,2286,2960.8,2888
169876.575,40,2374.6,3057,2747.6
169876.615,40,2504.2,3132,2607.8
169876.655,40,2664.8,3112,2466.2
169876.695,40,2820.8,3022,2362
169876.735,40,2949.2,2897.2,2283.6
169876.775,40,3034.8,2777,2232.6
169876.815,40,3086.6,2694,2202.8
169876.855,40,3102.2,2652.6,2185.8
169876.895,40,3095.2,2664.2,2191.4
169876.935,40,3095.6,2713.8,2204.6
169876.975,40,3068.6,2746.6,2219.4
169877.015,40,3044.2,2808.4,2243.8
169877.055,40,2998.6,2877.6,2274.6
169877.095,40,2931.8,2965.6,2313.4
169877.135,40,2845.6,3059.6,2370.8
169877.175,40,2726.4,3152.8,2447.2
169877.215,40,2592,3212.6,2559.4
169877.255,40,2461.8,3209.8,2699.2
169877.295,40,2345.2,3124,2858
169877.335,40,2265.2,2983.4,2991
169877.375,40,2238.8,2844.4,2946.4
169877.415,40,2265.6,2876,2862.4
169877.455,40,2345.8,3063,2811.4
169877.495,40,2472.8,3146.6,2648.8
169877.535,40,2623.4,3125,2498.2
169877.575,40,2774.2,3031.6,2379.2
169877.615,40,2898.8,2892.2,2294.2
169877.655,40,2985.6,2769.2,2239.2
169877.695,40,3027.6,2676.8,2203.6
169877.735,40,3045.6,2628,2183.8
169877.775,40,3035.8,2622.6,2186.8
169877.815,40,3035,2652.8,2194.4
169877.855,40,3008.2,2689,2211.4
169877.895,40,2989.6,2743.6,2231
169877.935,40,2953.8,2798.6,2257.2
169877.975,40,2907.2,2876.8,2291
169878.015,40,2837.6,2959,2337
169878.055,40,2749,3056,2403.6
169878.095,40,2627.8,3138.8,2502.2
169878.135,40,2497.8,3168.2,2627.4
169878.175,40,2373.2,3115.4,2789.2
169878.215,40,2279.2,2996.6,2956.2
169878.255,40,2213.4,2844.2,3057.8
169878.295,40,2186.8,2743.6,3051
169878.335,40,2206,2736.2,2928.8
169878.375,40,2258,2905.2,2946.4
169878.415,40,2340.2,3047.4,2814.4
169878.455,40,2464.8,3142.2,2655
169878.495,40,2622.6,3124.2,2500.2
169878.535,40,2774.8,3031.6,2380.2
169878.575,40,2896.4,2900,2301.2
169878.615,40,2979.2,2787,2245.4
169878.655,40,3031.8,2699.4,2208.8
169878.695,40,3065.6,2643.2,2187.4
169878.735,40,3057,2628.2,2183.8
169878.775,40,3043.4,2666.4,2199.2
169878.815,40,3011.8,2685.8,2210.8
169878.855,40,2974.6,2732,2228.4
169878.895,40,2934.8,2789,2261
169878.935,40,2880,2877,2299.6
169878.975,40,2807.6,2975.4,2354.2
169879.015,40,2702,3076.6,2432.4
169879.055,40,2572.6,3147.6,2546.6
169879.095,40,2442.2,3148.6,2693.6
169879.135,40,2329.6,3070,2867
169879.175,40,2245.6,2934,3024.4
169879.215,40,2196.2,2807,3085
169879.255,40,2207.4,2755.8,2972.2
169879.295,40,2251.8,2943.4,3008.4
169879.335,40,2338.2,3110.6,2885.2
169879.375,40,2469.2,3259.6,2715.8
169879.415,40,2645.8,3286,2545.8
169879.455,40,2848.6,3208.6,2412.6
169879.495,40,3036.8,3066.4,2315.6
169879.535,40,3163.2,2907.2,2257.2
169879.575,40,3237.2,2795,2211.8
169879.615,40,3253.6,2737,2197
169879.655,40,3257.4,2744.2,2198.6
169879.695,40,3245,2793.4,2211
169879.735,40,3208.8,2848.6,2226.4
169879.775,40,3157.8,2914.4,2254.6
169879.815,40,3079.6,2992.2,2291.2
169879.855,40,2985.4,3079.6,2338
169879.895,40,2861.4,3176.2,2401.4
169879.935,40,2721.4,3244.6,2487.4
169879.975,40,2568.4,3270,2602.6
169880.015,40,2429.2,3211.2,2753.8
169880.055,40,2309.4,3063.4,2913.6
169880.095,40,2227.6,2875.8,3041.2
169880.135,40,2174.4,2718.4,3093.2
169880.175,40,2176.2,2644.6,2943.2
169880.215,40,2200.4,2745.6,2970
169880.255,40,2261.6,2893.2,2902.4
169880.295,40,2358.4,3045,2758.6
169880.335,40,2505,3124.2,2596.4
169880.375,40,2677.4,3100.2,2456.8
169880.415,40,2850,3006.2,2348.2
169880.455,40,2987.6,2869.4,2270.8
169880.495,40,3072,2750.6,2218.6
169880.535,40,3121,2664,2187.6
169880.575,40,3135.6,2627.2,2176.4
169880.615,40,3143.4,2654.4,2182.8
169880.655,40,3127,2705,2199.2
169880.695,40,3116.6,2760.6,2222
169880.735,40,3072,2833,2242.2
169880.775,40,3016.2,2921.6,2283.8
169880.815,40,2939.2,3017,2328.8
169880.855,40,2823.6,3127.4,2395.4
169880.895,40,2683.2,3201.8,2493.4
169880.935,40,2539.6,3239,2622.4
169880.975,40,2400.6,3179.6,2785.6
169881.015,40,2288,3030.8,2950.2
169881.055,40,2220.6,2866.2,3048
169881.095,40,2204,2742.2,2945.2
169881.135,40,2231.4,2789,2876.4
169881.175,40,2302.6,2991.8,2866.2
169881.215,40,2419.6,3095.6,2698.8
169881.255,40,2575.4,3126.6,2533
169881.295,40,2751.8,3059.8,2399.6
169881.335,40,2912.4,2929,2304.8
169881.375,40,3026.2,2791.4,2238.8
169881.415,40,3087,2682.4,2201.6
169881.455,40,3114,2606.6,2172.6
169881.495,40,3107.6,2588.6,2165.8
169881.535,40,3114.2,2618.4,2177
169881.575,40,3107,2663.4,2190.4
169881.615,40,3093.6,2722.4,2211.6
169881.655,40,3056.2,2783.2,2234.8
169881.695,40,3000.6,2865.8,2269.8
169881.735,40,2924.4,2964.2,2314.4
169881.775,40,2829.6,3071.8,2379.8
169881.815,40,2690.8,3164.4,2469.8
169881.855,40,2547.4,3214.8,2604.8
169881.895,40,2406.8,3171.8,2766.2
169881.935,40,2301.4,3042,2932
169881.975,40,2227.4,2881.8,3042.6
169882.015,40,2218.4,2783.6,2942.6
169882.055,40,2254.2,2894.4,2933.8
169882.095,40,2332.4,3051.4,2847.4
169882.135,40,2450.2,3149.6,2677
169882.175,40,2618,3162.4,2516.4
169882.215,40,2795.8,3082.8,2387.8
169882.255,40,2955.4,2936,2295.2
169882.295,40,3074,2793.2,2233.4
169882.335,40,3138.4,2675.6,2189.4
169882.375,40,3160.2,2583,2162.8
169882.415,40,3158.4,2540,2148.6
169882.455,40,3163.8,2539.4,2147.4
169882.495,40,3186.6,2585.4,2159.8
169882.535,40,3178.6,2623.4,2171
169882.575,40,3179.2,2675.2,2190.2
169882.615,40,3144.6,2743.4,2209.6
169882.655,40,3096,2845.2,2247.8
169882.695,40,3005.4,2958.8,2297.2
169882.735,40,2862.4,3112.4,2380.6
169882.775,40,2689,3232.2,2499.2
169882.815,40,2518.2,3271.8,2663.2
169882.855,40,2378,3191.4,2843.4
169882.895,40,2301.6,3068,2963
169882.935,40,2311.6,2996.2,2865.8
169882.975,40,2380.6,3200,2846.4
169883.015,40,2503.6,3291,2687.2
169883.055,40,2677.2,3293.8,2527.8
169883.095,40,2879.8,3204.8,2399.6
169883.135,40,3068.6,3047.6,2308.2
169883.175,40,3203.4,2874.8,2237.4
169883.215,40,3277.8,2738.8,2195.2
169883.255,40,3294,2633.8,2166.2
169883.295,40,3288,2571.8,2149.2
169883.335,40,3273.4,2555,2144.4
169883.375,40,3277.2,2576.6,2148
169883.415,40,3263.2,2615,2162.2
169883.457,42,3251.8,2665.8,2178.6
169883.497,40,3209,2714.6,2196.2
169883.537,40,3147,2793.6,2227
169883.577,40,3048,2887.8,2267.4
169883.617,40,2930.4,3018.6,2333.4
169883.657,40,2763.2,3142.8,2429.8
169883.697,40,2579.2,3219.2,2570.8
169883.737,40,2421,3189.2,2749
169883.777,40,2307.8,3061.8,2920.6
169883.817,40,2259.8,2949.8,2973
169883.857,40,2286.6,2959,2890.6
169883.897,40,2365.4,3163.8,2850.8
169883.937,40,2491.8,3285.6,2697
169883.977,40,2665,3294,2533.4
169884.017,40,2869.6,3219.8,2407.6
169884.057,40,3063.6,3069.4,2311.8
169884.097,40,3199.6,2910.4,2245.2
169884.137,40,3282.6,2776,2200
169884.177,40,3319.6,2679,2175.8
169884.217,40,3319.2,2631,2159.8
169884.257,40,3317.4,2634.6,2164.4
169884.297,40,3318.8,2676,2172.4
169884.337,40,3295.2,2721.6,2189.4
169884.377,40,3250.6,2777,2209.8
169884.417,40,3199.6,2839.8,2233.6
169884.457,40,3129.8,2923.8,2266.8
169884.497,40,3040.2,3023.2,2309
169884.537,40,2914.6,3139.2,2374
169884.577,40,2755.8,3246.6,2471.6
169884.617,40,2579.2,3302,2609
169884.657,40,2412.2,3242.6,2801.2
169884.697,40,2287.8,3063.2,3001.6
169884.737,40,2213.8,2860.8,3091.4
169884.777,40,2212.8,2769.8,2955
169884.817,40,2252.4,2967.4,3028.4
169884.857,40,2333.6,3116.6,2892
169884.897,40,2457.6,3223.4,2710.8
169884.937,40,2639.2,3249.4,2538.2
169884.977,40,2829.4,3155.4,2401
169885.017,40,3006.6,2996.8,2305
169885.057,40,3130.2,2842,2241
169885.097,40,3209.6,2713.6,2195.6
169885.137,40,3235.8,2622.2,2164.6
169885.177,40,3233,2581.6,2158.8
169885.217,40,3228.4,2603,2160.2
169885.257,40,3219,2638.8,2171.4
169885.297,40,3185,2692.8,2189.2
169885.337,40,3119.4,2755.4,2215.8
169885.377,40,3039,2825.6,2249.2
169885.417,40,2932.2,2904.2,2297.6
169885.457,40,2812.4,2993,2357.4
169885.497,40,2674.8,3051.6,2440.4
169885.537,40,2530.8,3074.6,2550
169885.577,40,2397.2,3010.2,2678.2
169885.617,40,2287.8,2877.8,2799.2
169885.657,40,2218.6,2745,2880.2
169885.697,40,2190.4,2672,2893.2
169885.737,40,2208.6,2724.6,2887
169885.777,40,2261.4,2842.4,2843
169885.817,40,2337.4,2994.2,2778.8
169885.857,40,2453.4,3129.8,2665.8
169885.897,40,2612,3185,2527.2
169885.937,40,2820.8,3172.2,2411.2
169885.977,40,3021.4,3052.2,2316.2
169886.017,40,3186.6,2899.4,2248.4
169886.057,40,3287.4,2774.2,2204.4
169886.097,40,3340.2,2694.4,2178.2
169886.137,40,3359.4,2675.8,2171
169886.177,40,3367.8,2724.2,2180.6
169886.217,40,3352.2,2795,2196.8
169886.257,40,3294.4,2864.6,2223
169886.297,40,3219.6,2960.6,2257.2
169886.337,40,3115.2,3064.8,2304.6
169886.377,40,2961.2,3184.4,2373
169886.417,40,2785,3268.8,2460
169886.457,40,2605.8,3298.6,2586.2
169886.497,40,2441,3223.6,2742.8
169886.537,40,2311.4,3060,2902.6
169886.577,40,2227.4,2857.4,2995
169886.617,40,2210.8,2708.8,2844.8
169886.657,40,2243.2,2819.2,2880.2
169886.697,40,2300.4,2920.4,2799
169886.737,40,2396.8,3050.2,2701.8
169886.777,40,2528.4,3123.2,2571.8
169886.817,40,2684.2,3113.8,2456.6
169886.857,40,2841.2,3038.6,2361.8
169886.897,40,2987,2935.6,2294.2
169886.937,40,3091.8,2828.8,2240.6
169886.977,40,3165.8,2754,2208
169887.017,40,3193.2,2717.2,2196
169887.057,40,3199.2,2751.2,2205.6
169887.097,40,3187.6,2787.6,2222.8
169887.137,40,3147.8,2833.8,2237
169887.177,40,3084.2,2887.8,2259.4
169887.217,40,3009.2,2957.2,2294.6
169887.257,40,2909.2,3037.4,2344.6
169887.297,40,2786,3114.4,2411.4
169887.337,40,2647.2,3150.6,2495
169887.377,40,2499.6,3142.6,2614.2
169887.417,40,2376,3048,2739.2
169887.457,40,2274,2905,2856.6
169887.497,40,2221.2,2779.6,2910
169887.537,40,2211.4,2731.2,2874.8
169887.577,40,2247.6,2798.6,2833.6
169887.617,40,2306.2,2895.2,2763.8
169887.657,40,2394.2,2985.8,2660
169887.697,40,2513.2,3048.6,2550.4
169887.737,40,2659.2,3056.4,2443.6
169887.777,40,2819.4,3014.8,2360.8
169887.817,40,2954.8,2931,2294.8
169887.857,40,3076.8,2857.8,2249.8
169887.897,40,3166.8,2793,2220.2
169887.937,40,3233.2,2752.2,2202.2
169887.977,40,3255.4,2768.8,2204.8
169888.017,40,3245.6,2849.6,2227.8
169888.057,40,3179,2913.8,2252.4
169888.097,40,3084.8,3017.6,2296.6
169888.137,40,2956.2,3118.4,2351.4
169888.177,40,2800.6,3215.2,2437.2
169888.217,40,2630.6,3248.4,2544.8
169888.257,40,2471,3201.6,2683.2
169888.297,40,2345.2,3073,2832.4
169888.337,40,2253.6,2907.8,2937.8
169888.377,40,2202,2768,2988.2
169888.417,40,2196.8,2707.8,2928
169888.457,40,2222.4,2798.8,2942.4
169888.497,40,2273.6,2920.6,2882.4
169888.537,40,2362.8,3103,2806.8
169888.577,40,2491.8,3215,2662
169888.617,40,2664.6,3246,2518.4
169888.657,40,2875.2,3178.2,2394
169888.697,40,3074,3027.2,2296.6
169888.737,40,3245.4,2871.2,2232
169888.777,40,3323.2,2731.2,2186
169888.817,40,3352.8,2658,2163.4
169888.857,40,3360.4,2645,2161
169888.897,40,3382.8,2692.6,2172.2
169888.937,40,3354.8,2737.6,2184
169888.977,40,3325.6,2811.6,2207.6
169889.017,40,3252.4,2895.4,2238
169889.057,40,3149.4,3002.6,2280.6
169889.097,40,3010.2,3115.6,2339.6
169889.137,40,2838.6,3218.6,2423
169889.177,40,2653.8,3283.2,2543.6
169889.217,40,2480.4,3241.6,2694.2
169889.257,40,2343.4,3108.6,2850.6
169889.297,40,2257.2,2938.4,2972.4
169889.337,40,2218.6,2800.2,2945.8
169889.377,40,2239.4,2806.6,2880
169889.417,40,2296.6,2963.4,2864.4
169889.457,40,2388,3113.6,2761.8
169889.497,40,2532.4,3238.2,2626.6
169889.537,40,2707.8,3228.8,2483.6
169889.577,40,2916.6,3152.4,2370
169889.617,40,3110.6,3015.8,2288.8
169889.657,40,3254,2870,2231
169889.697,40,3332.2,2752.2,2194.6
169889.737,40,3367.4,2684.6,2171.8
169889.777,40,3363.4,2690.8,2173
169889.817,40,3365.2,2745.8,2187.8
169889.857,40,3342.4,2815.8,2207
169889.897,40,3282,2891.4,2233.4
169889.937,40,3194.4,2993,2270.6
169889.977,40,3065.8,3087.6,2319
169890.017,40,2908,3192.2,2388.8
169890.057,40,2740.4,3263.6,2482.6
169890.097,40,2573.6,3276.4,2608
169890.137,40,2432.2,3192.8,2744.6
169890.177,40,2326,3058.8,2862
169890.217,40,2269,2924,2907
169890.257,40,2276.2,2881.2,2832
169890.297,40,2326.8,2988.4,2784.4
169890.337,40,2419.4,3065.4,2668
169890.377,40,2558.8,3121.2,2546.8
169890.417,40,2725.8,3108,2433.2
169890.457,40,2899.6,3023,2341
169890.497,40,3052.6,2901,2268
169890.537,40,3160.2,2789.2,2218.4
169890.577,40,3223,2690.8,2185.6
169890.617,40,3253.8,2649.6,2172.2
169890.657,40,3251,2662,2176
169890.697,40,3240,2719.2,2193.6
169890.737,40,3205,2772.2,2214.2
169890.777,40,3138.2,2834.6,2239
169890.817,40,3052.4,2914.8,2275
169890.857,40,2940.4,3001.8,2325.4
169890.897,40,2817.4,3089.6,2392.6
169890.937,40,2662.6,3147.6,2480.4
169890.977,40,2510.6,3151.8,2605.6
169891.017,40,2383,3068.6,2741
169891.057,40,2286.6,2937.8,2861.8
169891.097,40,2234.4,2825.6,2929
169891.137,40,2238.6,2780,2839.2
169891.177,40,2292.2,2917.2,2832
169891.217,40,2377.8,3026.6,2716.8
169891.257,40,2517,3129.6,2587.4
169891.297,40,2675.8,3124.6,2466.4
169891.337,40,2851.4,3061.6,2364.8
169891.377,40,3015.8,2952.2,2288.2
169891.417,40,3134.2,2838,2239.6
169891.457,40,3216.2,2742.8,2201
169891.497,40,3239.4,2696,2189.2
169891.537,40,3247,2711.4,2189.2
169891.577,40,3228.2,2756,2200.8
169891.617,40,3164.4,2807.6,2222.6
169891.657,40,3093.4,2872.6,2256.2
169891.697,40,2993,2948,2300
169891.737,40,2871,3024.6,2351.4
169891.777,40,2728.8,3098.6,2428.2
169891.817,40,2577.2,3118.8,2531.8
169891.857,40,2428.4,3074.2,2668.6
169891.897,40,2315.4,2950.2,2794.4
169891.937,40,2239.6,2817,2881.2
169891.977,40,2221.6,2725.2,2822.4
169892.017,40,2253.8,2827.6,2841.2
169892.057,40,2320.2,2935.8,2765
169892.097,40,2420.4,3028.6,2645.6
169892.137,40,2561.6,3067.2,2516
169892.177,40,2736.6,3029.4,2395.8
169892.217,40,2901.4,2913.6,2303
169892.257,40,3026.8,2789.8,2240
169892.297,40,3113,2676,2193.2
169892.337,40,3142,2597.6,2163.4
169892.377,40,3141.4,2564.6,2153.2
169892.417,40,3148,2589.6,2164.4
169892.457,40,3129.4,2623.4,2175.8
169892.497,40,3104,2661.4,2192.8
169892.537,40,3056.6,2708.8,2211
169892.577,40,2996.8,2778.8,2244.6
169892.617,40,2920.2,2855.4,2280.8
169892.657,40,2826.6,2959.6,2345.8
169892.697,40,2708.8,3048,2422
169892.737,40,2570.4,3110.8,2534.6
169892.777,40,2431.4,3095.2,2672.4
169892.817,40,2326,3001,2812
169892.857,40,2263.6,2906.8,2916.8
169892.897,40,2260.8,2814.8,2799.8
169892.937,40,2323.6,3027.8,2840.2
169892.977,40,2428,3145.8,2711.2
169893.017,40,2586.4,3203.6,2559.2
169893.057,40,2786,3181.8,2432
169893.097,40,2979.2,3046.6,2328
169893.137,40,3154,2898.6,2253.6
169893.177,40,3250.6,2746.2,2200.4
169893.217,40,3302,2643.4,2168.6
169893.257,40,3295.4,2581.4,2151.4
169893.297,40,3297.4,2581,2148.6
169893.337,40,3303.4,2631.2,2162.8
169893.377,40,3273.6,2696.2,2184.6
169893.417,40,3216.4,2780.4,2211
169893.457,40,3130.8,2885.2,2257.6
169893.497,40,3006.8,2999.6,2308.8
169893.537,40,2859.6,3118.2,2383.8
169893.577,40,2693.8,3210.8,2490.8
169893.617,40,2521.2,3234.2,2635.6
169893.657,40,2384.6,3152.6,2792.4
169893.697,40,2291.6,3019.4,2926
169893.737,40,2273.2,2870.6,2845.2
169893.777,40,2309.8,2997.4,2845.4
169893.817,40,2399.6,3087.8,2717.8
169893.857,40,2537,3186,2600
169893.897,40,2701.6,3145.6,2459.6
169893.937,40,2876.8,3043,2351.6
169893.977,40,3019.2,2897.4,2273.6
169894.017,40,3111.4,2771.4,2226.4
169894.057,40,3148.8,2675.2,2187.2
169894.097,40,3155,2623.2,2174.8
169894.137,40,3134.8,2619,2170.4
169894.177,40,3116.6,2650.4,2186.8
169894.217,40,3056.2,2671.2,2202.4
169894.257,40,2999.8,2719.8,2221.6
169894.297,40,2921.6,2764.8,2252
169894.337,40,2846.8,2842,2291
169894.377,40,2760,2920.4,2350
169894.417,40,2646.8,3001.6,2423.4
169894.457,40,2522.4,3044,2540.8
169894.497,40,2396.4,3019.2,2678.2
169894.537,40,2299,2940.4,2822.8
169894.577,40,2253.6,2833.2,2852.6
169894.617,40,2278,2857.6,2792.4
169894.657,40,2357.6,3055,2783.4
169894.697,40,2478.4,3187.2,2664.4
169894.737,40,2651.8,3203,2513.6
169894.777,40,2847.4,3130.6,2390.2
169894.817,40,3027.8,2989.6,2299.4
169894.857,40,3159.8,2848.6,2236.2
169894.897,40,3228.2,2724.4,2193.2
169894.937,40,3264,2649,2171
169894.977,40,3262,2635.6,2166.8
169895.017,40,3246.4,2676,2181.6
169895.057,40,3217.2,2740.6,2200.6
169895.097,40,3154.8,2804.8,2230
169895.137,40,3081.4,2897.4,2263.4
169895.177,40,2978.4,2995.4,2313
169895.217,40,2851.4,3112.8,2388.6
169895.257,40,2694.6,3196.6,2482.2
169895.297,40,2529.8,3234.8,2629.6
169895.337,40,2386.2,3166.8,2798.8
169895.377,40,2279.8,3012.2,2964.6
169895.417,40,2239,2871.4,2973.2
169895.457,40,2263.8,2873.8,2859.6
169895.497,40,2346.4,3071.2,2824
169895.537,40,2475.4,3208.8,2678.8
169895.577,40,2660.4,3221.2,2518
169895.617,40,2858,3128.4,2384.8
169895.657,40,3042.2,2982.8,2296.2
169895.697,40,3170.8,2840.6,2235.2
169895.737,40,3254.2,2719.2,2190.8
169895.777,40,3285.2,2627.6,2163.4
169895.817,40,3282.6,2578.4,2147.4
169895.857,40,3278.2,2583.4,2150.2
169895.897,40,3299.6,2631.6,2168
169895.937,40,3253,2668.6,2175.6
169895.977,40,3229,2738.8,2205.4
169896.017,40,3148.6,2806.4,2230.6
169896.057,40,3079.4,2903.6,2267.8
169896.097,40,2969.8,3001.4,2322
169896.137,40,2843.4,3115,2384.4
169896.177,40,2697.6,3191.8,2484.2
169896.217,40,2545.4,3225.6,2610.2
169896.257,40,2404.4,3165.8,2764.2
169896.297,40,2304.2,3047,2913.8
169896.337,40,2248.4,2906.8,2982.4
169896.377,40,2247.6,2834.8,2878.2
169896.417,40,2301.6,2995.6,2883.4
169896.457,40,2388.6,3090,2742
169896.497,40,2526.2,3193.4,2608
169896.537,40,2698.4,3185.6,2476.8
169896.577,40,2878.8,3087,2368.8
169896.617,40,3045.8,2953.4,2286.6
169896.657,40,3163.6,2816.2,2227.6
169896.697,40,3228.2,2707.2,2191.8
169896.737,40,3252.6,2642.6,2173
169896.777,40,3254.2,2634.8,2170.2
169896.817,40,3248.6,2674.6,2183.2
169896.857,40,3237.2,2714.6,2192.6
169896.897,40,3198,2752.8,2209.6
169896.937,40,3140,2800.8,2229
169896.977,40,3066.4,2846.8,2253.6
169897.017,40,2984.4,2910.6,2288.4
169897.057,40,2880.6,2966.6,2332.2
169897.097,40,2771.6,3022.8,2389.2
169897.137,40,2642,3059.6,2461.2
169897.177,40,2504.6,3063.2,2564.4
169897.217,40,2390.8,3001.8,2675.8
169897.257,40,2301,2899.6,2778.2
169897.297,40,2254,2805,2819.8
169897.337,40,2261.4,2816.8,2794.2
169897.377,40,2327.6,2890.2,2720.4
169897.417,40,2416.6,2989.6,2631.6
169897.457,40,2546.2,3051.6,2513.6
169897.497,40,2710.6,3049.8,2416.4
169897.537,40,2891.6,2995,2331.8
169897.577,40,3055,2896.8,2264.8
169897.617,40,3189.8,2796.4,2219
169897.657,40,3271.8,2717.8,2188.6
169897.697,40,3316.6,2689.2,2175
169897.737,40,3342.8,2710,2179.6
169897.777,40,3339.8,2778.6,2197.8
169897.817,40,3307,2831.6,2214.6
169897.857,40,3239.6,2897.2,2240.8
169897.897,40,3144.6,2972.2,2274.4
169897.937,40,3025.8,3061.2,2324.2
169897.977,40,2875.6,3143,2388
169898.017,40,2712,3195.6,2477
169898.057,40,2546.8,3184.8,2593.8
169898.097,40,2410.2,3106,2719
169898.137,40,2305.4,2961.4,2827.4
169898.177,40,2244,2832,2878.2
169898.217,40,2247.6,2794.4,2824.6
169898.257,40,2299,2889.4,2790.2
169898.297,40,2377.6,3004,2698
169898.337,40,2498.8,3086.2,2587.8
169898.377,40,2648,3109.2,2473.8
169898.417,40,2823.6,3068,2378
169898.457,40,3006.6,2979,2301.2
169898.497,40,3138.2,2862.6,2246
169898.537,40,3251.4,2770,2203.4
169898.577,40,3299.8,2697.6,2182.4
169898.617,40,3324,2675.4,2173.6
169898.657,40,3326.8,2708.6,2181.6
169898.697,40,3314.4,2775.6,2199.6
169898.737,40,3246.8,2831.6,2223.8
169898.777,40,3153.6,2929.4,2263.6
169898.817,40,3005.2,3039.2,2321.8
169898.857,40,2829.6,3155.6,2408
169898.897,40,2634.8,3206.4,2524.6
169898.937,40,2465.4,3166,2674
169898.977,40,2338,3025.2,2811.4
169899.017,40,2252.2,2854.6,2899.8
169899.057,40,2213.2,2736.6,2895
169899.097,40,2222.6,2756.2,2870.8
169899.137,40,2272.8,2854.4,2828.6
169899.177,40,2339.6,2951.4,2735.6
169899.217,40,2448.6,3068.8,2634
169899.257,40,2586.4,3110,2515.6
169899.297,40,2774.6,3115.8,2412.2
169899.337,40,2952.8,3028.6,2328.4
169899.377,40,3122.2,2914.8,2259.6
169899.417,40,3235,2799.8,2215.4
169899.457,40,3309.8,2710.4,2180.4
169899.497,40,3341.6,2650.8,2162.2
169899.537,40,3355.2,2629.2,2157
169899.577,40,3348.6,2651.6,2166.4
169899.617,40,3330,2708.6,2180.4
169899.657,40,3276.4,2755.8,2201.2
169899.697,40,3197.8,2813.4,2222.4
169899.737,40,3102.2,2869.4,2256
169899.777,40,2984.8,2933.4,2293.8
169899.817,40,2852.8,2997.8,2347.6
169899.857,40,2709.4,3053,2423.8
169899.897,40,2568,3069.6,2512.6
169899.937,40,2441.6,3038.8,2626.8
169899.977,40,2343.4,2945.8,2721.2
169900.017,40,2292.6,2870,2772.6
169900.057,40,2305.2,2878.8,2752.6
169900.097,40,2365.8,2959,2688.6
169900.137,40,2474.4,3049.8,2590.6
169900.177,40,2630.2,3097.2,2480
169900.217,40,2827.8,3069.6,2379.2
169900.257,40,3020.6,2966.2,2289.2
169900.297,40,3180.4,2841.2,2233.6
169900.337,40,3290.6,2727.2,2188.6
169900.377,40,3353.4,2628,2161.6
169900.417,40,3370.4,2570.2,2140.2
169900.457,40,3378.4,2552.8,2136.4
169900.497,40,3412.8,2596,2145
169900.537,40,3408.8,2628.6,2153.6
169900.577,40,3381.2,2670.8,2169.2
169900.617,40,3318.8,2715,2183.6
169900.657,40,3245.6,2764,2206.2
169900.697,40,3131.4,2827,2239.2
169900.737,40,3008.4,2906,2282.8
169900.777,40,2858.6,2988,2340.4
169900.817,40,2699.4,3050,2422.6
169900.857,40,2540,3058.4,2529.2
169900.897,40,2407.2,3008,2658.6
169900.937,40,2305,2895.4,2761
169900.977,40,2252.4,2803.6,2824.2
169901.017,40,2262.6,2798.2,2800.2
169901.057,40,2314.6,2900.2,2758
169901.097,40,2401.6,3015,2671.2
169901.137,40,2530,3085,2549.2
169901.244,107,3024,2949.2,2290.6
169901.411,167,3311.4,2594.4,2156
169901.578,167,3207.6,2814.4,2227.6
169901.744,166,2699.4,3176,2477.4
169901.911,167,2265.4,2881.2,2876.2
169902.077,166,2705.8,3237.2,2491.4
169902.31,233,3343.4,2601.4,2148
169902.477,167,3251.8,2802.4,2219
169902.646,169,2744.8,3174.8,2451.2
169902.813,167,2256.4,2909.6,2947.4
169902.98,167,2583.8,3201.4,2559.8
169903.148,168,3254,2734.8,2200
169903.316,168,3324.8,2637.4,2161.2
169903.484,168,3040.4,2937.4,2288.2
169903.653,169,2403,3105.2,2729
169903.823,170,2319,2991.4,2830.8
169903.991,168,3053.6,3032.8,2304.4
169904.159,168,3353.6,2562.2,2139.8
169904.327,168,3200.2,2809,2221.8
169904.493,166,2624.6,3110.8,2495.8
169904.663,170,2240.6,2778.2,2830.6
169904.813,150,2597.8,3195.4,2546.4
169904.853,40,2808,3167.6,2417.6
169904.893,40,3020.6,3044,2316.4
169904.933,40,3212,2885.6,2235.4
169904.973,40,3341.4,2739.6,2189.4
169905.013,40,3370,2628.4,2155
169905.053,40,3367,2568,2139
169905.093,40,3361.4,2574.2,2140
169905.133,40,3380.6,2627.4,2156.4
169905.173,40,3356.6,2676,2173
169905.213,40,3309.2,2741.6,2194
169905.253,40,3236.8,2820.2,2224.8
169905.293,40,3136.6,2912,2262.6
169905.333,40,3005.2,3015.6,2313.2
169905.373,40,2849.4,3121.2,2391.4
169905.413,40,2676.6,3193.4,2495.2
169905.453,40,2511.8,3206.4,2630
169905.493,40,2386.4,3129,2775.2
169905.533,40,2294.4,2998.4,2894.8
169905.573,40,2265,2886.4,2886.6
169905.613,40,2289.8,2918.6,2823.6
169905.653,40,2371.6,3100.8,2780.4
169905.693,40,2495,3192.6,2644.4
169905.733,40,2669.4,3223,2508.6
169905.773,40,2870.6,3154,2386.2
169905.813,40,3062.6,3011.4,2297.8
169905.853,40,3222,2862.2,2231.6
169905.893,40,3315.6,2731,2188
169905.933,40,3346.2,2638,2162.6
169905.973,40,3337.4,2588,2148.4
169906.013,40,3339,2588.8,2144.6
169906.053,40,3362.6,2645.8,2162.6
169906.093,40,3355.6,2690.8,2175.4
169906.133,40,3320.4,2746.4,2193.8
169906.173,40,3257.8,2815.2,2219.4
169906.213,40,3180.8,2907,2250.6
169906.253,40,3072.4,3006.4,2295.8
169906.293,40,2935.4,3122.6,2363
169906.333,40,2777.6,3223.2,2450.2
169906.373,40,2600.6,3281.6,2577.6
169906.413,40,2450.6,3241.8,2733.6
169906.453,40,2335.6,3126.2,2892.4
169906.493,40,2272,2988.4,2975
169906.533,40,2277,2871.4,2823.6
169906.573,40,2337.6,3080,2846
169906.613,40,2436.8,3162.4,2703.8
169906.653,40,2585.2,3203.8,2561.2
169906.693,40,2751.4,3158.8,2434.8
169906.733,40,2926.2,3039.4,2336.8
169906.773,40,3078.8,2906.2,2265.4
169906.813,40,3184.2,2783.6,2220.8
169906.853,40,3232.2,2685.4,2182.2
169906.893,40,3247.6,2626,2165.8
169906.933,40,3244.4,2607,2162.2
169906.973,40,3244.6,2634.4,2170.4
169907.013,40,3248.2,2682.4,2187
169907.053,40,3216,2713.6,2193.6
169907.093,40,3181.6,2761.4,2210.6
169907.133,40,3131,2822.8,2236.4
169907.173,40,3055.8,2898,2275.4
169907.213,40,2958.6,2987.8,2318.2
169907.253,40,2835.4,3087.4,2382.6
169907.293,40,2693,3175.6,2474.8
169907.333,40,2551,3215.8,2597.6
169907.373,40,2423.8,3172.4,2737.8
169907.413,40,2331.6,3084.8,2860.8
169907.453,40,2291.2,2987.4,2900.6
169907.493,40,2317.2,3004.4,2831.8
169907.533,40,2398.8,3120.6,2742.6
169907.573,40,2520.2,3170.2,2603.8
169907.613,40,2682.2,3156.2,2471.2
169907.653,40,2869.6,3062,2365.2
169907.693,40,3041.8,2931.4,2284.8
169907.733,40,3166.4,2789.6,2221.8
169907.773,40,3226.4,2678,2182.8
169907.813,40,3247.2,2596.2,2160.2
169907.853,40,3244,2560.2,2145
169907.893,40,3254.8,2577.8,2150.4
169907.933,40,3275.6,2629,2166.4
169907.973,40,3253.4,2663.8,2178.2
169908.013,40,3226.6,2721.4,2195.8
169908.053,40,3168.4,2781.6,2223.6
169908.093,40,3098.4,2863.2,2253
169908.133,40,2994,2949.6,2301.2
169908.173,40,2869.8,3048,2363.6
169908.213,40,2723.6,3138,2448.8
169908.253,40,2562.8,3184,2572.8
169908.293,40,2429.6,3146.8,2716
169908.333,40,2329.2,3050.4,2848.4
169908.373,40,2291.2,2932,2841.4
169908.413,40,2322.8,2949.8,2763
169908.453,40,2426,3133.4,2708.4
169908.493,40,2571.6,3196.8,2575
169908.533,40,2753.4,3165.2,2437.2
169908.573,40,2954.6,3060,2339
169908.613,40,3123.2,2920.8,2264
169908.653,40,3250.8,2784.8,2207.2
169908.693,40,3307,2674.8,2174
169908.733,40,3328.6,2604,2158.6
169908.773,40,3340.2,2586,2146.6
169908.813,40,3349.8,2612.4,2153.8
169908.853,40,3352,2651.4,2163
169908.893,40,3342.6,2706.4,2182.4
169908.933,40,3293.4,2755.4,2201.2
169908.973,40,3230.2,2826,2224.8
169909.013,40,3142.4,2912,2262
169909.053,40,3017,3011.2,2313.2
169909.093,40,2858,3116,2382.2
169909.133,40,2691,3189.4,2488.2
169909.173,40,2524.6,3202.2,2615.6
169909.213,40,2401.6,3126.6,2748.4
169909.253,40,2326.6,3026.4,2830.8
169909.293,40,2330.4,3014.2,2803.2
169909.333,40,2404.8,3105.4,2716.6
169909.373,40,2531.6,3188.6,2600.4
169909.413,40,2711.4,3192.6,2467.2
169909.453,40,2906.6,3103.6,2362.8
169909.493,40,3089.2,2974,2284
169909.533,40,3211,2845.4,2227.2
169909.573,40,3285.6,2733.4,2193.4
169909.613,40,3321,2656.6,2167.6
169909.653,40,3321.8,2598.6,2154.2
169909.693,40,3336,2587.4,2145.2
169909.733,40,3346.4,2610,2153.8
169909.773,40,3362.4,2668,2168.8
169909.813,40,3328.4,2707,2183.8
169909.853,40,3289.6,2767,2202.6
169909.893,40,3215.2,2845.6,2230.6
169909.933,40,3118,2954.8,2278
169909.973,40,2966.6,3073.8,2339.6
169910.013,40,2799.8,3191.8,2430.8
169910.053,40,2623,3254.4,2554.6
169910.093,40,2475,3225.6,2693.4
169910.133,40,2377,3138.2,2798.4
169910.173,40,2372.4,3096.6,2787.6
169910.213,40,2447.8,3139.8,2679
169910.253,40,2570.2,3150.6,2545.2
169910.293,40,2739,3092.6,2422.2
169910.333,40,2923.2,2976.2,2319.6
169910.373,40,3073,2828,2243
169910.413,40,3167.6,2692,2191.6
169910.453,40,3187.4,2588.2,2159.2
169910.493,40,3189,2509.6,2134
169910.533,40,3174.2,2459,2120.8
169910.573,40,3184.8,2448.2,2120
169910.613,40,3220.8,2479.6,2127.4
169910.653,40,3273.8,2522,2133.2
169910.693,40,3302,2576.4,2146
169910.733,40,3310.4,2642.2,2164.6
169910.773,40,3299.2,2735.8,2192.6
169910.813,40,3246.4,2867,2236.8
169910.853,40,3116.8,3023.4,2292.8
169910.893,40,2950.6,3181.4,2371
169910.933,40,2786.6,3297.4,2466.6
169910.973,40,2678,3334,2544.4
169911.013,40,2707.8,3302,2510.6
169911.053,40,2809.8,3232.8,2435
169911.093,40,2947.2,3111.6,2353.4
169911.133,40,3102.4,2976.4,2283.4
169911.173,40,3227.4,2832.4,2225.8
169911.213,40,3289.8,2704.4,2186
169911.253,40,3302.8,2609.8,2157.8
169911.293,40,3293,2539.4,2136
169911.333,40,3267.8,2491.8,2128.4
169911.373,40,3260.6,2465.2,2116.6
169911.413,40,3254.8,2458.2,2116.6
169911.453,40,3283.2,2464.8,2120.6
169911.493,40,3321,2483,2120.4
169911.533,40,3353.8,2506,2125.4
169911.573,40,3360.2,2515.4,2128.4
169911.613,40,3377.2,2534.4,2131.8
169911.653,40,3384.8,2547.2,2136
169911.693,40,3405.2,2574,2142.4
169911.733,40,3403.8,2614,2150.6
169911.773,40,3401,2667.2,2163
169911.813,40,3374.6,2742.4,2185.6
169911.853,40,3314.8,2846.8,2220.2
169911.893,40,3201,2976.8,2266.6
169911.933,40,3040.8,3116.8,2332.6
169911.973,40,2849.4,3241,2424
169912.013,40,2679.2,3297.2,2528.2
169912.053,40,2563,3274.4,2613.4
169912.093,40,2560.4,3224,2594.2
169912.133,40,2640.4,3170,2504.6
169912.173,40,2739.6,3090.6,2419.2
169912.213,40,2843,2990.2,2346.4
169912.253,40,2944.4,2894.8,2288.2
169912.293,40,3025.8,2802.6,2243.8
169912.333,40,3079.8,2721.6,2212.8
169912.373,40,3111.6,2661.2,2189.8
169912.413,40,3123.2,2612,2174
169912.453,40,3128.4,2591.4,2164.2
169912.493,40,3126.6,2583.8,2168.4
169912.533,40,3124,2611.4,2174.8
169912.573,40,3104,2637.8,2183.6
169912.613,40,3073.4,2646.4,2191.6
169912.653,40,3040.8,2658,2196.2
169912.693,40,3019.8,2674.6,2206.2
169912.733,40,2988.4,2710,2220
169912.773,40,2955.8,2764.4,2246.4
169912.813,40,2905,2840.6,2279.8
169912.853,40,2845.4,2940.6,2328.8
169912.893,40,2744,3044.2,2400
169912.933,40,2638.8,3129.8,2488.4
169912.973,40,2560.6,3187.8,2573
169913.013,40,2550.8,3198,2593.2
169913.053,40,2625,3180,2520.6
169913.093,40,2732.4,3142.4,2439.4
169913.133,40,2856.2,3061.2,2363.6
169913.173,40,2986.4,2962.8,2297.6
169913.213,40,3103.4,2845.6,2248.8
169913.253,40,3181.4,2731.8,2205
169913.293,40,3215.2,2635.4,2170
169913.333,40,3221.6,2573.2,2154.2
169913.373,40,3218,2531.2,2139.8
169913.413,40,3223.6,2517.6,2139.4
169913.453,40,3254,2537.8,2144
169913.493,40,3286.8,2577,2151.2
169913.533,40,3298.4,2625.4,2163.4
169913.573,40,3292.2,2675.8,2176.8
169913.613,40,3280.2,2744.8,2196.6
169913.653,40,3227.4,2823.2,2222
169913.693,40,3136.2,2929,2263
169913.733,40,3018.8,3036.6,2318.4
169913.773,40,2874.8,3154.6,2393
169913.813,40,2695,3246.6,2502.8
169913.853,40,2534.2,3266.4,2638.6
169913.893,40,2432.4,3212,2754.4
169913.933,40,2429.8,3199.2,2740.4
169913.973,40,2515.2,3229.8,2634.6
169914.013,40,2663.2,3234.8,2516.4
169914.053,40,2849.4,3160.8,2401
169914.093,40,3038,3034.2,2308
169914.133,40,3200.8,2874.6,2237.8
169914.173,40,3306,2733.8,2191.2
169914.213,40,3327,2624,2161
169914.253,40,3334,2550.2,2138.8
169914.293,40,3316.6,2510.6,2127.4
169914.333,40,3329.6,2512,2128.8
169914.373,40,3377,2545.4,2135.8
169914.413,40,3408.8,2606.2,2150.8
169914.453,40,3408,2669,2166.6
169914.493,40,3403.6,2755,2186.6
169914.533,40,3353,2853.8,2216.2
169914.573,40,3250.2,2984.2,2261.8
169914.613,40,3086.8,3128.6,2324.8
169914.653,40,2892.6,3286,2415.2
169914.693,40,2682,3366.4,2553
169914.733,40,2506.6,3336.8,2707
169914.773,40,2408.4,3245,2810.4
169914.813,40,2430.2,3223,2761.6
169914.853,40,2513.2,3223.2,2640.4
169914.893,40,2636,3210.6,2521
169914.933,40,2790.4,3133.6,2412.8
169914.973,40,2939.4,3008.2,2326.4
169915.013,40,3079.8,2875.4,2255
169915.053,40,3187.6,2749.6,2209.4
169915.093,40,3246.8,2647.8,2174.2
169915.133,40,3262.4,2573.2,2149.4
169915.173,40,3271.4,2529.6,2135.6
169915.213,40,3284.8,2526,2138.2
169915.253,40,3326,2569,2145
169915.293,40,3339.8,2616.4,2154.8
169915.333,40,3330.4,2659.8,2166.8
169915.373,40,3319.4,2719.4,2187.8
169915.413,40,3268.8,2792.8,2209.8
169915.453,40,3183.2,2880.6,2243.2
169915.493,40,3071.6,2982.6,2290.4
169915.533,40,2928.6,3100.6,2358
169915.573,40,2761.2,3198.2,2449
169915.613,40,2608.8,3237,2556.2
169915.653,40,2505.8,3215.6,2645.8
169915.693,40,2524.6,3186.6,2608.8
169915.733,40,2623.2,3166.2,2516.4
169915.773,40,2760.6,3116.2,2415.2
169915.813,40,2925.2,3008,2327.4
169915.853,40,3087.4,2874.2,2254.6
169915.893,40,3202.8,2739.6,2201.6
169915.933,40,3263.2,2622.4,2166.2
169916.04,107,3220.2,2437.8,2115.8
169916.143,103,3231.8,2441,2114.8
169916.183,40,3249.2,2463.6,2120.2
169916.223,40,3265.6,2500.8,2130
169916.263,40,3262.8,2541.6,2143.8
169916.303,40,3253.4,2607.6,2160.4
169916.343,40,3209.2,2690.4,2186.8
169916.383,40,3138.8,2800.6,2230.4
169916.423,40,3020.6,2923.6,2284.2
169916.463,40,2872.4,3070,2366
169916.503,40,2691.8,3184.6,2485
169916.543,40,2524.6,3213,2624.4
169916.583,40,2402.4,3154.4,2753.8
169916.623,40,2383.4,3098.4,2756.2
169916.663,40,2460,3197,2696.4
169916.703,40,2579.4,3215.4,2566.8
169916.743,40,2740.2,3174.6,2446.8
169916.783,40,2907.8,3061.4,2350
169916.823,40,3053.2,2927.8,2272.2
169916.863,40,3158.8,2797.6,2226.6
169916.903,40,3223.6,2696.8,2187.2
169916.943,40,3238.4,2622,2167.4
169916.983,40,3245.2,2574.8,2154.8
169917.023,40,3261.6,2548,2141.4
169917.063,40,3272.2,2547.2,2141.6
169917.103,40,3291.4,2584,2148.6
169917.143,40,3299.4,2619,2161.6
169917.183,40,3267.8,2646.6,2169.8
169917.223,40,3235.8,2693.2,2187
169917.263,40,3157.2,2736.6,2208
169917.303,40,3069,2801.4,2239.2
169917.343,40,2951.6,2871,2282.6
169917.383,40,2815.8,2949.2,2344.8
169917.423,40,2670.8,3013.6,2424.6
169917.463,40,2521,3017.4,2527.4
169917.503,40,2403.2,2981,2642.8
169917.543,40,2317.6,2898.4,2734.2
169917.583,40,2291.6,2869.4,2778
169917.623,40,2324.2,2938.4,2757
169917.663,40,2403.2,3056.4,2691
169917.703,40,2526.2,3130.8,2582.4
169917.743,40,2680.6,3143.6,2472.6
169917.783,40,2858,3085.2,2371.8
169917.823,40,3024,2971.8,2294
169917.863,40,3151.8,2847.2,2238.8
169917.903,40,3233,2744.8,2199.2
169917.943,40,3264.8,2656.8,2174.2
169917.983,40,3265.4,2610.8,2163
169918.023,40,3269,2610,2162.2
169918.063,40,3275,2655.2,2171
169918.103,40,3244,2681.4,2183.2
169918.143,40,3216.4,2741.8,2202
169918.183,40,3137.6,2810,2231.8
169918.223,40,3051.4,2911,2277.4
169918.263,40,2930,3008.8,2331.2
169918.303,40,2791.6,3122.2,2414.8
169918.343,40,2621.6,3189.6,2528.6
169918.383,40,2464,3185.8,2680.2
169918.423,40,2341.4,3083.6,2837.2
169918.463,40,2273,2956,2923.2
169918.503,40,2283.4,2866.8,2809.2
169918.543,40,2342.2,3057.8,2818
169918.583,40,2457.4,3180.8,2691.2
169918.623,40,2616.2,3195.8,2535.8
169918.663,40,2805.6,3135.8,2407.4
169918.703,40,2985.6,2985,2308.6
169918.743,40,3120.6,2833.2,2238.4
169918.783,40,3198,2693.4,2192.8
169918.823,40,3200,2597.4,2161.6
169918.863,40,3187.2,2531.4,2142
169918.903,40,3171.6,2508.8,2139.4
169918.943,40,3177.6,2531.6,2146.8
169918.983,40,3186.8,2571.6,2154
169919.023,40,3187.2,2622.4,2171.8
169919.063,40,3151.2,2678.4,2193.2
169919.103,40,3095.2,2753.2,2224.4
169919.143,40,3004.6,2835.2,2261.2
169919.183,40,2893.2,2943.4,2317.6
169919.223,40,2755.8,3049.8,2400.4
169919.263,40,2593.4,3123.8,2521.4
169919.303,40,2441.6,3114.2,2669.4
169919.343,40,2327.2,3023.6,2816.2
169919.383,40,2260.2,2901.6,2903.2
169919.423,40,2262.8,2831.6,2810.2
169919.463,40,2316,3018.8,2848
169919.503,40,2405.4,3112.4,2723.8
169919.543,40,2536.6,3159,2586
169919.583,40,2700.4,3131.4,2456.6
169919.623,40,2871.6,3024.6,2348.4
169919.663,40,3012,2885,2275.6
169919.703,40,3099.4,2758.8,2218.4
169919.743,40,3141.8,2673.8,2190.2
169919.783,40,3145.2,2624,2175
169919.823,40,3142.8,2635.6,2181
169919.863,40,3139.4,2681.4,2191.8
169919.903,40,3104,2734.6,2216
169919.943,40,3064.2,2809,2240.6
169919.983,40,2989.4,2895.4,2280.8
169920.023,40,2895.4,3002.6,2335.2
169920.063,40,2778.8,3123,2414.8
169920.103,40,2632.8,3217,2527.8
169920.143,40,2480.2,3242,2691
169920.183,40,2358.4,3173.6,2864.6
169920.223,40,2282.8,3038,2983
169920.263,40,2296.2,2929.8,2846.4
169920.303,40,2359.2,3160.4,2859.2
169920.343,40,2481.4,3257.8,2700.8
169920.383,40,2644.4,3257.6,2536.2
169920.423,40,2825.4,3164.4,2407
169920.463,40,2992.6,3015.2,2314
169920.503,40,3116.2,2867,2251.4
169920.543,40,3182.6,2744.8,2205.8
169920.583,40,3207.2,2665,2180.4
169920.623,40,3207.4,2638,2171
169920.663,40,3209.8,2664,2183.6
169920.703,40,3208,2712.4,2196.2
169920.743,40,3187.6,2752.8,2210.8
169920.783,40,3165.4,2827.2,2236
169920.823,40,3102.4,2905,2263
169920.863,40,3021.6,3014.4,2307.2
169920.903,40,2919.6,3141.4,2373.6
169920.943,40,2766.4,3272.6,2472.6
169920.983,40,2584,3353.2,2627.2
169921.023,40,2437.8,3309.6,2797
169921.063,40,2346.8,3179.6,2916.4
169921.103,40,2353.2,3124.6,2849
169921.143,40,2442,3279.8,2776.4
169921.183,40,2574.6,3328.8,2622
169921.223,40,2760.4,3261.6,2467.6
169921.263,40,2949,3107.6,2351
169921.303,40,3121.6,2941.8,2269.8
169921.343,40,3233.6,2772.2,2208.8
169921.383,40,3251.6,2646.6,2172.2
169921.423,40,3221.6,2554.2,2147.4
169921.463,40,3183.8,2511,2140.4
169921.503,40,3166.6,2506.2,2136.2
169921.543,40,3161.6,2545,2147.2
169921.583,40,3150.8,2597.6,2166
169921.623,40,3122.8,2658.4,2189.6
169921.663,40,3086.6,2742.2,2222.4
169921.703,40,3010.8,2835.6,2260.8
169921.743,40,2917.6,2953.4,2319.4
169921.783,40,2791.2,3080.4,2393.6
169921.823,40,2641,3190.6,2511.4
169921.863,40,2490.4,3229.2,2669.4
169921.903,40,2363.6,3175,2852.2
169921.943,40,2294.8,3066.4,2979.4
169921.983,40,2301.8,2983.4,2864.8
169922.023,40,2381.8,3213.6,2840.6
169922.063,40,2520.2,3296,2668.8
169922.103,40,2704.6,3280.8,2505.8
169922.143,40,2902.6,3163.4,2382
169922.183,40,3081.8,3004.8,2291.8
169922.223,40,3205,2849.4,2232.6
169922.263,40,3281.4,2730.4,2192
169922.303,40,3303.4,2644.8,2168.6
169922.343,40,3304,2612.2,2155.6
169922.383,40,3289.2,2636.8,2168.8
169922.423,40,3276.8,2701.6,2188.6
169922.463,40,3223.6,2755.2,2205.2
169922.503,40,3152.2,2835.4,2242.8
169922.543,40,3044,2936.2,2284.2
169922.583,40,2905.8,3053.6,2349.6
169922.623,40,2738.4,3170.8,2448.8
169922.663,40,2557.4,3237.2,2606.4
169922.703,40,2395,3181,2796.8
169922.743,40,2288.6,3041.2,2963.8
169922.783,40,2278.8,2869.6,2832.8
169922.823,40,2334.8,3004,2806.2
169922.863,40,2449.4,3196.4,2710.8
169922.903,40,2628.8,3292.8,2563.6
169922.943,40,2838.6,3220,2423.6
169922.983,40,3035.6,3065.6,2320.8
169923.023,40,3198.2,2902.6,2246.4
169923.063,40,3284.2,2761.8,2196.4
169923.103,40,3317,2659,2169.8
169923.143,40,3314.8,2609,2158.4
169923.183,40,3311.6,2616.2,2159.4
169923.223,40,3317.8,2674.4,2174.4
169923.263,40,3292.8,2732,2192
169923.303,40,3245.2,2807.4,2223.4
169923.343,40,3166.4,2901.2,2256
169923.383,40,3059.6,3018,2302.6
169923.423,40,2922.4,3153.2,2379.6
169923.463,40,2745.4,3279.6,2481.6
169923.503,40,2560.4,3333.6,2644.4
169923.543,40,2398.2,3252.4,2836.2
169923.583,40,2292.2,3076.4,2999.2
169923.623,40,2269.8,2888,2879
169923.663,40,2309.4,3049.2,2893
169923.703,40,2407.8,3165.2,2760
169923.743,40,2546.4,3202.8,2594.8
169923.783,40,2734.2,3162.4,2449.6
169923.823,40,2912.6,3034.8,2341
169923.863,40,3064.8,2873.2,2259.6
169923.903,40,3155.8,2730.4,2205.8
169923.943,40,3186.8,2617.6,2169.6
169923.983,40,3167,2540.8,2149
169924.023,40,3140.2,2517.6,2144.4
169924.063,40,3158,2547.4,2150.6
169924.103,40,3147.8,2581,2161.6
169924.143,40,3111.2,2619.6,2180.2
169924.183,40,3071.4,2671.6,2197.2
169924.223,40,3010.4,2727.8,2224.8
169924.263,40,2935.6,2802,2263
169924.303,40,2849.2,2888.4,2308.4
169924.343,40,2740.6,2987.2,2382.4
169924.383,40,2610.2,3078,2486.2
169924.423,40,2461.2,3100.2,2644.6
169924.463,40,2334,3036.2,2808.8
169924.503,40,2285.2,2925.8,2865.2
169924.543,40,2307,2925.4,2781.4
169924.583,40,2400,3157.2,2768.8
169924.623,40,2547.6,3250.8,2624.4
169924.663,40,2736.6,3248.6,2473.2
169924.703,40,2940.8,3130.4,2362.2
169924.743,40,3116.2,2980.4,2278.6
169924.783,40,3247.4,2827.6,2221
169924.823,40,3302.4,2699.6,2183.8
169924.863,40,3308.8,2615.6,2157.4
169924.903,40,3305,2566.2,2146.4
169924.943,40,3311,2594.2,2150.8
169924.983,40,3341.4,2652.8,2166.8
169925.023,40,3313,2714.4,2188.4
169925.063,40,3283.2,2822.2,2215
169925.103,40,3190.6,2935.2,2260.4
169925.143,40,3058.6,3086,2318.2
169925.183,40,2892.4,3227.6,2405.8
169925.223,40,2702.2,3342.4,2526
169925.263,40,2512,3350.8,2695.4
169925.303,40,2373.8,3235.8,2876.6
169925.343,40,2281,3062.8,3012.2
169925.383,40,2271.8,2971.2,2964.2
169925.423,40,2325,3062.6,2874.2
169925.463,40,2431,3146.8,2710.2
169925.503,40,2584.2,3149,2534.6
169925.543,40,2765.6,3075.4,2404
169925.583,40,2932.4,2942,2308.6
169925.623,40,3064.2,2799.4,2240.8
169925.663,40,3141.2,2680.2,2194.4
169925.703,40,3163.4,2589.2,2163
169925.743,40,3153.8,2536.4,2146.2
169925.783,40,3143.6,2531.4,2148.4
169925.823,40,3157.2,2573.8,2159.8
169925.863,40,3123.4,2606.8,2171.4
169925.903,40,3081.6,2658.6,2192.8
169925.943,40,3011.8,2717.4,2223.2
169925.983,40,2931,2797.6,2264.8
169926.023,40,2827.6,2879.8,2312
169926.064,41,2708.2,2976.6,2396.8
169926.104,40,2579.4,3055.4,2495.4
169926.144,40,2441,3067,2639.2
169926.184,40,2333.2,3000.8,2790.6
169926.224,40,2271.8,2917.2,2893.6
169926.264,40,2272.8,2848.4,2808
169926.304,40,2339,3052.6,2826
169926.344,40,2454.2,3180.2,2693.2
169926.384,40,2627.6,3227.6,2536.8
169926.424,40,2834,3171.4,2404.2
169926.464,40,3033.6,3026.2,2307
169926.504,40,3197.6,2865,2238.4
169926.544,40,3276.2,2722.6,2191
169926.584,40,3309.2,2620,2159.2
169926.624,40,3293.6,2552.6,2143.2
169926.664,40,3296.2,2542.4,2135.8
169926.704,40,3315.6,2594,2152
169926.744,40,3298.2,2658,2173.2
169926.784,40,3262.4,2746.4,2200.2
169926.824,40,3189.8,2853.8,2238.4
169926.864,40,3072.4,2970,2289
169926.904,40,2919.4,3098.2,2362.6
169926.944,40,2763.2,3219.4,2454.8
169926.984,40,2580.6,3287.6,2599.6
169927.024,40,2426.4,3246.6,2776.2
169927.064,40,2311.2,3103.6,2961.8
169927.104,40,2257.8,2945.8,2999.6
169927.144,40,2278.4,2899.4,2861.4
169927.184,40,2351.4,3130,2856
169927.224,40,2472,3205.4,2683
169927.264,40,2636.6,3197.4,2514.4
169927.304,40,2820,3088.2,2387.2
169927.344,40,2981.2,2936.6,2295.4
169927.384,40,3097.2,2788.4,2232.2
169927.424,40,3140.4,2661.2,2186
169927.464,40,3148.6,2574.2,2159.6
169927.504,40,3131.6,2528.4,2147.8
169927.544,40,3127,2535.2,2152
169927.584,40,3135.8,2575.6,2163.2
169927.624,40,3115.4,2615.2,2173.6
169927.664,40,3096.2,2675.4,2198
169927.704,40,3044,2748.6,2225.8
169927.744,40,2973,2840.8,2267.4
169927.784,40,2871,2952,2329.8
169927.824,40,2742.4,3066.2,2408.8
169927.864,40,2590.4,3164.8,2538.2
169927.904,40,2437.8,3162,2703.2
169927.944,40,2322.4,3062.6,2885.2
169927.984,40,2269.2,2947.6,2957.4
169928.024,40,2288.4,2896.6,2832.6
169928.064,40,2367.2,3163,2849.2
169928.104,40,2501.2,3274.4,2679.6
169928.144,40,2697.8,3287,2509.2
169928.184,40,2917.2,3176.6,2376.4
169928.224,40,3111.8,3008,2288.6
169928.264,40,3241.6,2842,2224.2
169928.304,40,3311.6,2707.4,2182.6
169928.344,40,3312.2,2622.2,2159.2
169928.384,40,3308,2589.8,2151.4
169928.424,40,3315.8,2622.8,2158.2
169928.464,40,3319.6,2697.6,2180
169928.504,40,3282.2,2757.8,2199.4
169928.544,40,3226.6,2863.4,2236.4
169928.584,40,3122,2979,2281.8
169928.624,40,2980,3125,2350.2
169928.664,40,2813.4,3256.6,2439.6
169928.704,40,2625.8,3333.4,2582.8
169928.744,40,2451.4,3296.4,2767.2
169928.784,40,2312,3134.8,2967.2
169928.824,40,2243.2,2927.4,3041.4
169928.864,40,2252.8,2847,2890
169928.904,40,2312.6,3085.8,2919.2
169928.944,40,2429.8,3203.6,2743.4
169928.984,40,2594.2,3226,2563
169929.024,40,2779.4,3146,2422.4
169929.064,40,2948.6,3001.4,2319.6
169929.104,40,3079.2,2847.8,2246.4
169929.144,40,3155.4,2725.8,2204.2
169929.184,40,3166.2,2633.6,2173.8
169929.224,40,3166.8,2605.2,2166.8
169929.264,40,3167,2629.4,2173.6
169929.304,40,3159.8,2689.6,2193.2
169929.344,40,3123.4,2749,2215.6
169929.384,40,3070.2,2837.2,2248.4
169929.424,40,2987.8,2925.2,2292
169929.464,40,2883.8,3036.2,2349
169929.504,40,2754.4,3137.8,2432.8
169929.544,40,2595.2,3215.4,2555.2
169929.584,40,2430.8,3205.8,2738
169929.624,40,2301.2,3075.2,2949.6
169929.664,40,2241.4,2865.6,2980
169929.704,40,2260,2799.8,2824.8
169929.744,40,2327.4,3094,2887.8
169929.784,40,2458.4,3237.8,2716.6
169929.824,40,2636.6,3256.2,2540
169929.864,40,2830.4,3160.6,2401.2
169929.904,40,3005.4,3005.6,2305.4
169929.944,40,3126.8,2856.2,2241
169929.984,40,3196.6,2743.2,2207.4
169930.024,40,3203.2,2671,2184.4
169930.064,40,3209.4,2650.6,2176.6
169930.104,40,3200.8,2682.2,2189.2
169930.144,40,3185,2734.8,2206.2
169930.184,40,3139.4,2775.8,2222.4
169930.224,40,3090.8,2841,2248
169930.264,40,3023,2910.6,2280
169930.304,40,2939,3006.2,2325.4
169930.344,40,2825,3105.6,2392
169930.384,40,2685.8,3212.4,2494
169930.424,40,2520.4,3256.2,2647.6
169930.464,40,2384.2,3207.6,2847.6
169930.504,40,2275.6,3053.8,3030.4
169930.544,40,2247,2900.6,2971.8
169930.584,40,2290.2,3012,2929.6
169930.624,40,2394.8,3235.6,2836
169930.664,40,2556,3324.6,2637.4
169930.704,40,2786,3289,2464.8
169930.744,40,3001.4,3124.8,2341.6
169930.784,40,3173.4,2928.8,2260.6
169930.824,40,3286.4,2767.4,2200.6
169930.864,40,3316.4,2648.4,2169.8
169930.904,40,3308.6,2577.8,2144.8
169930.944,40,3301,2557.4,2144.8
169930.984,40,3314.4,2591.6,2151.8
169931.024,40,3321.2,2647.4,2169.6
169931.064,40,3295.8,2700.4,2184.4
169931.104,40,3260.2,2768.8,2206.2
169931.144,40,3193.2,2848.4,2236.8
169931.184,40,3098.8,2942.8,2279.6
169931.224,40,2976,3058.8,2333.8
169931.264,40,2830,3179.4,2414
169931.304,40,2659.8,3278.6,2527.6
169931.344,40,2499.8,3281.4,2687
169931.384,40,2374.2,3203.8,2861.4
169931.424,40,2285.8,3064.2,3002.2
169931.464,40,2259,2939.6,2974.4
169931.504,40,2291.8,2984.8,2896.6
169931.544,40,2376.6,3153.6,2811.6
169931.584,40,2503.4,3218.2,2647.8
169931.624,40,2686.6,3225.8,2497.4
169931.664,40,2881.8,3120,2372.2
169931.704,40,3055.4,2976.6,2288.2
169931.744,40,3180.6,2829,2232.4
169931.784,40,3245,2711.6,2190.8
169931.824,40,3258,2637.6,2167.6
169931.864,40,3263.2,2615.4,2162.6
169931.904,40,3274,2647.2,2169.8
169931.944,40,3269,2705.8,2184
169931.984,40,3243.4,2756.2,2203.2
169932.024,40,3186.2,2825.6,2229.4
169932.064,40,3102,2902.2,2263.6
169932.104,40,2997.4,2999.8,2312
169932.144,40,2862.8,3091.4,2374
169932.184,40,2707.8,3170.6,2467
169932.224,40,2551,3194.2,2584.6
169932.264,40,2418.2,3146.8,2724.8
169932.304,40,2322.8,3046.2,2857
169932.344,40,2273.2,2943,2908
169932.384,40,2294.4,2935.2,2837
169932.424,40,2365.4,3070.2,2776.2
169932.464,40,2489.8,3165.4,2632.4
169932.504,40,2665,3200.8,2499.6
169932.544,40,2862,3128.8,2382.4
169932.584,40,3042.4,3002.6,2297.4
169932.624,40,3194.4,2869.4,2238.6
169932.664,40,3274.8,2753.8,2198.4
169932.704,40,3318.2,2676.4,2175
169932.744,40,3329.2,2637.8,2164
169932.784,40,3337,2666.2,2165.6
169932.824,40,3345,2729.4,2184
169932.864,40,3314.8,2793.6,2204
169932.904,40,3242.2,2880.8,2236.6
169932.944,40,3130.2,2980,2277.4
169932.984,40,2982,3088.6,2340.8
169933.024,40,2807.2,3186,2424.2
169933.064,40,2627.2,3217.4,2536.2
169933.104,40,2462,3167.6,2673.8
169933.144,40,2337.6,3043.8,2815.2
169933.184,40,2259.2,2893.6,2906.4
169933.224,40,2251,2794.4,2822.6
169933.264,40,2294.8,2919.4,2819
169933.304,40,2388.8,3041.6,2714
169933.344,40,2522.4,3127.4,2581.2
169933.384,40,2703.6,3133.4,2449.2
169933.424,40,2897.8,3048.2,2349
169933.464,40,3077,2921,2272.2
169933.504,40,3208,2789.6,2215.2
169933.544,40,3254.6,2683.6,2184
169933.584,40,3273.2,2624,2164.6
169933.624,40,3276.4,2616,2159.2
169933.664,40,3296.8,2649.4,2169.4
169933.704,40,3284.2,2682.4,2180.4
169933.744,40,3268,2725.6,2192
169933.784,40,3214.4,2768.4,2208.8
169933.824,40,3152.8,2834.2,2238.4
169933.864,40,3066.6,2901.4,2270.8
169933.904,40,2961.6,2987.2,2315
169933.944,40,2830.8,3057.4,2373.2
169933.984,40,2691.8,3129.4,2460
169934.024,40,2541.4,3144.6,2567.8
169934.064,40,2415.2,3100.8,2702
169934.104,40,2315.6,2993.4,2831
169934.144,40,2253,2885.6,2918.8
169934.184,40,2243.4,2825.4,2891.2
169934.224,40,2284,2924,2873.6
169934.264,40,2348.8,3059.8,2788.8
169934.304,40,2471.6,3166.4,2664
169934.344,40,2635.4,3209.2,2527.4
169934.384,40,2826.6,3165.6,2406.6
169934.424,40,3015,3043.4,2313.4
169934.464,40,3171.8,2909.6,2246.6
169934.504,40,3276.8,2783.8,2205.4
169934.544,40,3325,2681.2,2175
169934.584,40,3335.6,2605.6,2154.2
169934.624,40,3332.6,2561.8,2141.8
169934.664,40,3327.4,2532.2,2137.2
169934.704,40,3326.4,2526,2129.2
169934.744,40,3337.6,2538.6,2133.6
169934.784,40,3367,2567.2,2142.2
169934.824,40,3377.6,2582.6,2146
169934.864,40,3400,2606.4,2150.8
169934.904,40,3392.8,2625,2150.8
169934.944,40,3393,2663.4,2162.4
169934.984,40,3373,2720.4,2181.6
169935.024,40,3336,2808.8,2208.8
169935.064,40,3232,2932.4,2254.8
169935.104,40,3079.4,3083.4,2314.4
169935.144,40,2912.6,3199.2,2391.8
169935.184,40,2788,3241.4,2448.8
169935.224,40,2815.8,3200,2426.6
169935.264,40,2922.2,3117.6,2364
169935.304,40,3055.6,2999.4,2296.6
169935.344,40,3174.8,2860,2241.2
169935.384,40,3269.8,2729.6,2194.6
169935.424,40,3296.8,2611,2159
169935.464,40,3273.8,2508.6,2130.4
169935.504,40,3232,2437.6,2113
169935.544,40,3169,2387.6,2097
169935.584,40,3111.8,2352.6,2093.6
169935.624,40,3054.6,2322,2085.2
169935.664,40,3020.8,2306.8,2082.2
169935.704,40,3014.2,2304.4,2079.2
169935.744,40,3007.6,2305.2,2079
169935.784,40,3018.8,2312.6,2081.6
169935.824,40,3046.4,2324,2085.4
169935.864,40,3067.4,2332.4,2087.4
169935.904,40,3080.6,2340.4,2086.8
169935.944,40,3100.8,2349.4,2093.6
169935.984,40,3120.6,2356.6,2089.8
169936.024,40,3137,2364,2091.6
169936.064,40,3150.2,2368.2,2097
169936.104,40,3166.6,2379.2,2096.6
169936.144,40,3183.6,2389.4,2098.8
169936.184,40,3196.8,2395.4,2100.6
169936.224,40,3215,2405.4,2103.6
169936.264,40,3219,2413.8,2106.4
169936.304,40,3219.8,2422,2109.2
169936.344,40,3228.2,2433.4,2114.8
169936.384,40,3234.4,2440.6,2115.4
169936.424,40,3235.2,2455.8,2119.4
169936.464,40,3232,2463.6,2121.4
169936.504,40,3230.8,2471.4,2125.6
169936.544,40,3231,2484,2129.6
169936.584,40,3229.6,2489,2129
169936.624,40,3229.6,2498.6,2133.6
169936.664,40,3229.2,2511.8,2137.6
169936.704,40,3232.8,2524.2,2143
169936.744,40,3237.8,2532,2142
169936.784,40,3247.2,2543.6,2143
169936.824,40,3253,2552,2145.4
169936.864,40,3268.8,2566.8,2151.8
169936.904,40,3280.8,2585,2155.2
169936.944,40,3286.8,2594.4,2159
169936.984,40,3299.2,2608.2,2162.6
169937.024,40,3299,2623.8,2166.6
169937.064,40,3308.2,2632.8,2166
169937.104,40,3303.8,2648,2169
169937.144,40,3298.4,2659.2,2172.2
169937.184,40,3295.2,2670.6,2175.8
169937.224,40,3290.4,2685.2,2180.2
169937.264,40,3277.8,2696.2,2182.8
169937.304,40,3269,2711,2187.6
169937.344,40,3260.4,2716.6,2196
169937.384,40,3253.2,2732.6,2199.2
169937.424,40,3246,2744.2,2200.8
169937.464,40,3243.4,2758.4,2204.2
169937.504,40,3237.8,2773.2,2213.4
169937.544,40,3231.2,2788.2,2216.8
169937.651,107,3232.6,2834,2225.8
169937.82,169,3205.4,2899.8,2248.6
169937.985,165,3125.8,2937.8,2270.6
169938.153,168,3021.4,2957.8,2296.6
169938.319,166,2960.2,2999.2,2321.8
169938.487,168,2912.8,3046.8,2343.6
169938.717,230,2857,3102.8,2379
169938.884,167,2841,3208.6,2420.2
169939.05,166,2784.4,3254,2455
169939.218,168,2696,3192.8,2480.6
169939.388,170,2637.6,3158.4,2507
169939.556,168,2623.4,3260.8,2556.2
169939.724,168,2619,3400.2,2608.8
169939.892,168,2580.8,3472.4,2672
169940.06,168,2519.4,3362.2,2696.2
169940.23,170,2437.8,3123,2679.4
169940.397,167,2381.4,2916.6,2621.6
169940.566,169,2360.8,2934.2,2675.8
169940.735,169,2350,3068.6,2805.4
169940.904,169,2345.6,3210.6,2946.8
169941.071,167,2316.8,3214.8,3048.4
169941.243,172,2293.2,3134.8,3071
169941.283,40,2287,3110.6,3079.6
169941.323,40,2280.4,3105.4,3104.2
169941.363,40,2274.4,3080,3090.2
169941.403,40,2265.4,3057.6,3095.8
169941.443,40,2259,3035.6,3099.8
169941.483,40,2253.8,3015.6,3099.4
169941.523,40,2247,2998.6,3102.6
169941.563,40,2241.6,2979.2,3113
169941.603,40,2238,2971.4,3125.2
169941.643,40,2234.6,2961.2,3145
169941.683,40,2227.6,2951.8,3159.6
169941.723,40,2226.2,2944,3169.8
169941.763,40,2219.6,2931.6,3175.2
169941.803,40,2220.8,2920,3177.4
169941.843,40,2215.2,2905.8,3177.4
169941.883,40,2211.2,2892.2,3180.2
169941.923,40,2207.8,2880.4,3188.4
169941.963,40,2203.6,2867.6,3193.6
169942.003,40,2200.8,2851.6,3192.8
169942.043,40,2194.8,2840.6,3199.4
169942.083,40,2192.6,2823.6,3205.6
169942.123,40,2187.4,2803.2,3211.8
169942.163,40,2183.2,2791.6,3217.2
169942.203,40,2180,2777,3219.4
169942.243,40,2174.6,2765,3220.2
169942.283,40,2173.2,2749.6,3224.8
169942.323,40,2169,2733.6,3222.2
169942.363,40,2165.8,2721.8,3220.6
169942.403,40,2161,2703.8,3222.4
169942.443,40,2154.2,2688.8,3220.8
169942.483,40,2154.6,2679,3220.6
169942.523,40,2147.4,2663.6,3218
169942.563,40,2145.2,2652.2,3221.8
169942.603,40,2143,2639.8,3223.6
