196695.704,40,2463.4,2861.4,2357.8
196695.744,40,2459.2,2859.2,2368.4
196695.784,40,2447.2,2856.6,2369
196695.824,40,2438.4,2854.6,2375.8
196695.864,40,2439.2,2856.8,2377.6
196695.904,40,2428.2,2859.4,2379.4
196695.944,40,2427.8,2866.2,2387.6
196695.984,40,2425.6,2872.6,2391.8
196696.024,40,2419.6,2887.4,2398.6
196696.064,40,2414.8,2892.2,2407.8
196696.104,40,2412.8,2901,2412.2
196696.144,40,2412.4,2921.4,2422.6
196696.184,40,2410,2926.4,2425.2
196696.224,40,2409,2941.8,2437.6
196696.264,40,2405.4,2951.6,2440.6
196696.304,40,2403.6,2973.2,2454
196696.344,40,2400.6,2982.4,2459.4
196696.384,40,2402,3002,2469.6
196696.424,40,2398.2,3016.4,2476.6
196696.464,40,2395,3028.6,2488
196696.504,40,2393.8,3042.2,2496.8
196696.544,40,2389,3051.4,2507
196696.584,40,2382.8,3059.6,2513
196696.624,40,2379.4,3060.8,2526.6
196696.664,40,2379.4,3071.8,2530.8
196696.704,40,2374.4,3076,2539.4
196696.744,40,2367.4,3082.8,2549.2
196696.784,40,2363.4,3089.8,2552.4
196696.824,40,2360.6,3087.4,2568
196696.864,40,2355.2,3093.6,2577.6
196696.904,40,2347.4,3089.2,2587
196696.944,40,2342.2,3089.8,2596.6
196696.984,40,2337,3074.6,2595.2
196697.024,40,2330.4,3072.8,2603.4
196697.064,40,2325.2,3070.2,2612.2
196697.104,40,2319.2,3065.2,2616.6
196697.144,40,2313.8,3049.6,2627.6
196697.184,40,2306.8,3039.4,2629.8
196697.224,40,2298.8,3030.4,2637.6
196697.264,40,2292.2,3015.4,2639.2
196697.304,40,2291,3001,2644.8
196697.344,40,2279.4,2994.6,2653.2
196697.384,40,2277.2,2981.8,2656.6
196697.424,40,2273.8,2970.8,2669.4
196697.464,40,2261.8,2956,2669.8
196697.504,40,2263.2,2945.8,2668.2
196697.544,40,2254.2,2932.8,2675.8
196697.584,40,2253,2911.2,2677.4
196697.624,40,2245.4,2902,2679.8
196697.664,40,2240.8,2881.2,2683.6
196697.704,40,2234,2873.2,2688
196697.744,40,2229.4,2858.2,2686.6
196697.784,40,2223.4,2840.4,2694
196697.824,40,2221.6,2827.8,2690.2
196697.864,40,2219,2814.8,2696.6
196697.904,40,2212.8,2801.2,2700.8
196697.944,40,2204.8,2791.8,2708.6
196697.984,40,2204.4,2783.8,2701.4
196698.024,40,2205.6,2761.4,2695.2
196698.064,40,2203.4,2741.4,2681.6
196698.104,40,2197.4,2737.8,2678.2
196698.144,40,2206.4,2737.6,2677.2
196698.184,40,2201,2734,2677.4
196698.224,40,2202,2740.8,2677.2
196698.264,40,2203.6,2747.8,2685.4
196698.304,40,2203.8,2754.2,2685.4
196698.344,40,2205.6,2748.2,2681.4
196698.384,40,2205.6,2748.2,2685.8
196698.424,40,2205.4,2748.6,2687.4
196698.464,40,2206.8,2747.2,2685.4
196698.504,40,2206,2747.4,2686.4
196698.544,40,2204.6,2750,2685.4
196698.584,40,2205.8,2750.8,2680.2
196698.624,40,2207.6,2749.4,2685.6
196698.664,40,2206,2746.4,2685.8
196698.704,40,2206.8,2744.6,2684.2
196698.744,40,2203.6,2744,2684.8
196698.784,40,2202.4,2748.6,2686.6
196698.824,40,2201.2,2743.2,2684.2
196698.864,40,2203,2747.2,2686.2
196698.904,40,2202.6,2743.8,2683.4
196698.944,40,2204,2749.8,2686.6
196698.984,40,2205.4,2746.8,2687.4
196699.024,40,2203.8,2747.4,2688.2
196699.064,40,2206.4,2749,2684.8
196699.104,40,2206,2746.4,2683.6
196699.144,40,2209.8,2745.4,2687
196699.184,40,2202.6,2745.4,2683.8
196699.224,40,2204,2747.2,2682.8
196699.264,40,2208,2748.2,2683.8
196699.304,40,2205.6,2746,2683.8
196699.344,40,2206.6,2745.6,2686.8
196699.384,40,2205.8,2744.4,2685
196699.424,40,2203,2745.6,2686.4
196699.464,40,2206,2751.6,2684.4
196699.504,40,2202.6,2741,2683.8
196699.544,40,2205.2,2743.2,2683.4
196699.584,40,2201.6,2745.4,2687.6
196699.624,40,2209,2746.4,2689.2
196699.664,40,2204.8,2749.6,2684.8
196699.704,40,2206.4,2748.2,2686
196699.744,40,2203.8,2746.2,2684.6
196699.784,40,2210.2,2747,2686
196699.824,40,2202.6,2745.6,2679.8
196699.864,40,2205.8,2746,2684.6
196699.904,40,2205.4,2739.6,2680.2
196699.944,40,2199.6,2698.8,2654.2
196699.984,40,2199.2,2688.6,2646.2
196700.024,40,2195,2689.8,2663.6
196700.064,40,2194.4,2693.4,2694.2
196700.104,40,2195.8,2704.8,2723.2
196700.144,40,2183.6,2698.4,2743.4
196700.184,40,2183,2688,2761
196700.224,40,2179.8,2670.4,2766
196700.264,40,2170.8,2651,2757.2
196700.304,40,2171.2,2623.6,2745
196700.344,40,2163.4,2599.6,2729.8
196700.384,40,2158.4,2588.2,2714.4
196700.424,40,2159.8,2579.2,2710.4
196700.464,40,2162.4,2567.8,2712
196700.504,40,2158.2,2572.4,2713.6
196700.544,40,2159.2,2580.2,2718.8
196700.584,40,2163.2,2594.8,2737.4
196700.624,40,2169,2620.6,2759.8
196700.664,40,2172.6,2654,2788.2
196700.704,40,2181.6,2689.4,2824.6
196700.744,40,2186.6,2733.2,2868.8
196700.784,40,2192.8,2789.2,2921.6
196700.824,40,2204,2860,2961.2
196700.864,40,2224.8,2943,2954.2
196700.904,40,2264.4,3187.8,2998
196700.944,40,2326.2,3320.4,2896.4
196700.984,40,2431.8,3395.6,2727.2
196701.024,40,2591.8,3384.6,2556
196701.064,40,2793.2,3239,2414
196701.104,40,2999.8,3045.6,2297.4
196701.144,40,3178.2,2811,2212.2
196701.184,40,3279,2607.4,2148.8
196701.224,40,3263.4,2449.2,2113.4
196701.264,40,3101.6,2331.6,2083.4
196701.304,40,2919,2250.4,2064
196701.344,40,2749,2198.4,2050.8
196701.384,40,2633.4,2168,2047
196701.424,40,2599.4,2156.4,2040.2
196701.464,40,2630.6,2166.4,2045
196701.504,40,2697.4,2190.8,2050.4
196701.544,40,2821.8,2234.6,2058.2
196701.584,40,2921.4,2305.6,2074.6
196701.624,40,3000.2,2417.6,2106.6
196701.664,40,2948.8,2585.4,2149.6
196701.704,40,2750.8,2752.6,2222.2
196701.744,40,2539.4,2876.8,2320.6
196701.784,40,2369.2,2879,2440.6
196701.824,40,2266.4,2813.6,2554.8
196701.864,40,2203.2,2737.4,2656
196701.904,40,2185,2613,2582.2
196701.944,40,2214.4,2745.8,2645.4
196701.984,40,2301.4,3009.2,2676.2
196702.024,40,2424.6,3060,2529.8
196702.064,40,2600.4,3053.2,2411.8
196702.104,40,2773.4,2931,2311.4
196702.144,40,2938.4,2798,2234.8
196702.184,40,3050.2,2625.2,2178.6
196702.224,40,3060.4,2480.2,2132
196702.264,40,2969.6,2367.6,2105
196702.304,40,2848,2291.8,2082.4
196702.344,40,2721.2,2239.8,2071.4
196702.384,40,2630.4,2205.4,2059.8
196702.424,40,2574.4,2188,2056.8
196702.464,40,2550.8,2180,2054.4
196702.504,40,2583.8,2191,2055
196702.544,40,2629,2208,2059.2
196702.584,40,2730.4,2243,2066.8
196702.624,40,2827.2,2298.4,2084.4
196702.664,40,2896,2389,2103.2
196702.704,40,2878.6,2516,2140
196702.744,40,2759.2,2681.8,2204
196702.784,40,2587.4,2827,2293.2
196702.824,40,2426.2,2907.4,2407
196702.864,40,2313,2912.8,2538
196702.904,40,2243.6,2891,2674.6
196702.944,40,2219.6,2877.4,2743
196702.984,40,2246.6,2949.6,2731
196703.024,40,2336.6,3159.8,2684.2
196703.064,40,2474.4,3183.8,2518.4
196703.104,40,2660.2,3117.2,2393.4
196703.144,40,2870,2972.6,2293.2
196703.184,40,3012.4,2775.4,2220.8
196703.224,40,3095.4,2605.4,2170
196703.264,40,3082.6,2468.6,2124
196703.304,40,2994,2363.8,2094.6
196703.344,40,2853.8,2285.8,2082.4
196703.384,40,2718.2,2235.4,2069.2
196703.424,40,2621.8,2203.8,2063
196703.464,40,2566.6,2179.8,2057.6
196703.504,40,2541.8,2177.6,2057.4
196703.544,40,2587.8,2191,2058.2
196703.584,40,2624.2,2204.4,2062.4
196703.624,40,2704.4,2236.4,2064.8
196703.664,40,2800,2288.8,2081
196703.704,40,2875.2,2358.8,2096.6
196703.744,40,2888.8,2464.8,2126.2
196703.784,40,2827.6,2592.8,2164.6
196703.824,40,2696.4,2741,2230.4
196703.864,40,2534.6,2870.4,2324.6
196703.904,40,2400.6,2930.8,2439.6
196703.944,40,2289.4,2924.4,2585.8
196703.984,40,2231.4,2909.6,2741
196704.024,40,2205.8,2760,2697.4
196704.064,40,2234.8,2956.6,2804.8
196704.104,40,2296.8,3176.2,2800.2
196704.144,40,2398.6,3288.4,2672.8
196704.184,40,2538,3294.6,2527
196704.224,40,2699.2,3146.8,2395.2
196704.264,40,2855.8,2995.8,2307.2
196704.304,40,2969.8,2818,2238
196704.344,40,3030.4,2661.4,2180
196704.384,40,3022.4,2520,2146.2
196704.424,40,2971.4,2414.4,2117.8
196704.464,40,2872.8,2341,2095.4
196704.504,40,2801.8,2290.2,2084.6
196704.544,40,2756.4,2256.4,2076.8
196704.584,40,2744,2241,2072
196704.624,40,2722.8,2241.6,2068.8
196704.664,40,2714.8,2243.4,2074.2
196704.704,40,2759,2264.6,2074.8
196704.744,40,2814.4,2303,2086
196704.784,40,2876.4,2372.4,2098.2
196704.824,40,2905.6,2473.8,2127.6
196704.864,40,2860,2636.4,2174.8
196704.904,40,2713.2,2791.6,2243.6
196704.944,40,2542.6,2938.4,2342.4
196704.984,40,2402,3029.8,2468.2
196705.024,40,2315.4,3060.8,2625.8
196705.064,40,2260,3068.4,2776.8
196705.104,40,2240,3008.2,2806.6
196705.144,40,2264.8,3086,2795
196705.184,40,2312.2,3163.4,2721.8
196705.224,40,2395.2,3152,2584.2
196705.264,40,2510,3062.2,2450.4
196705.304,40,2642.8,2942,2344
196705.344,40,2760,2798.6,2270
196705.384,40,2876.4,2695.2,2219.8
196705.424,40,2926.8,2577,2169.8
196705.464,40,2926,2475.8,2141.6
196705.504,40,2923.8,2409.2,2116.4
196705.544,40,2901,2355.6,2104.6
196705.584,40,2926.2,2338.4,2093.8
196705.624,40,2814.6,2291.8,2086.2
196705.664,40,2809,2290.6,2082.4
196705.704,40,2818,2303.4,2088.8
196705.744,40,2861,2324,2092.6
196705.784,40,2907.8,2367.2,2099.8
196705.824,40,2941,2416,2112
196705.864,40,2951.4,2503.6,2135.4
196705.904,40,2908,2635.4,2167.8
196705.944,40,2828,2783,2221.8
196705.984,40,2701,2956.8,2291.4
196706.024,40,2557.8,3111.4,2389.2
196706.064,40,2443.8,3209.2,2520.8
196706.104,40,2348.4,3183.2,2636
196706.144,40,2306.6,3073.8,2684.8
196706.184,40,2307.4,3113.8,2691.8
196706.224,40,2360.4,3283.6,2680.2
196706.264,40,2449.8,3307.4,2573.4
196706.304,40,2577,3254.8,2454.6
196706.344,40,2719.2,3074.8,2347.8
196706.384,40,2838,2867.4,2266.4
196706.424,40,2912,2692.2,2207
196706.464,40,2991.2,2582.2,2162.2
196706.504,40,2990.8,2476,2136.4
196706.544,40,2948.2,2386.8,2110.2
196706.584,40,2877.8,2325.8,2090.4
196706.624,40,2796.6,2274,2082.4
196706.664,40,2739.6,2249.4,2071.8
196706.704,40,2724.8,2238.8,2074.2
196706.744,40,2735.8,2245.2,2067.8
196706.784,40,2745.2,2260.2,2079
196706.824,40,2796.2,2286.8,2085.8
196706.864,40,2832.2,2327.2,2092
196706.904,40,2865.8,2391.8,2108.8
196706.944,40,2878.4,2506,2136.4
196706.984,40,2795.6,2639.8,2188.2
196707.024,40,2651.2,2787.6,2264.8
196707.064,40,2489.8,2876.6,2355.8
196707.104,40,2356.6,2911.2,2466.4
196707.144,40,2270.8,2892.2,2607.4
196707.184,40,2215.6,2861.4,2737.2
196707.224,40,2204,2751.8,2693.8
196707.264,40,2228.4,2948.4,2796.6
196707.304,40,2291,3077.8,2734
196707.344,40,2382.4,3129,2600
196707.384,40,2514.8,3088.6,2463.4
196707.424,40,2654,2942.8,2347.8
196707.464,40,2781.2,2809.6,2269
196707.504,40,2886,2677.6,2207
196707.544,40,2942.4,2549.2,2157.4
196707.584,40,2946.6,2447.4,2132.8
196707.624,40,2903.8,2364.2,2104
196707.664,40,2817,2298.6,2088.6
196707.704,40,2748.4,2256.4,2077.6
196707.744,40,2694.6,2233.4,2070
196707.784,40,2664.6,2220.6,2065.4
196707.824,40,2661.4,2218,2067
196707.864,40,2688.6,2227,2068.8
196707.904,40,2739,2252,2074
196707.944,40,2796.4,2283.8,2079.2
196707.984,40,2872.2,2337.6,2090.4
196708.024,40,2929.4,2429.6,2115
196708.064,40,2899.8,2555,2153.6
196708.104,40,2779.2,2687.8,2198
196708.144,40,2613.6,2814.6,2275.8
196708.184,40,2466.4,2882,2371.4
196708.224,40,2351,2905.2,2479
196708.264,40,2276,2891.6,2589.4
196708.304,40,2234.6,2858.4,2677.4
196708.344,40,2217.6,2869.4,2742.4
196708.384,40,2240.2,2954,2744
196708.424,40,2297.6,3062.6,2685.2
196708.464,40,2385.6,3102.8,2567.8
196708.504,40,2498,3062.2,2455.2
196708.544,40,2653.2,3038.6,2368.2
196708.584,40,2754.6,2864.4,2291.4
196708.624,40,2839.2,2743.8,2236.8
196708.664,40,2906,2637.2,2194.4
196708.704,40,2913.8,2526.2,2155
196708.744,40,2935.2,2452.8,2135.6
196708.784,40,2927.8,2394.2,2117.6
196708.824,40,2855.8,2329.4,2096.4
196708.864,40,2845.6,2293.4,2084.8
196708.904,40,2761.4,2263.4,2078.2
196708.944,40,2746.6,2256.2,2072.6
196708.984,40,2762.8,2259.4,2076.2
196709.024,40,2802,2277.8,2081.2
196709.064,40,2861,2315.6,2088
196709.104,40,2892.6,2366.4,2097.8
196709.144,40,2897.2,2458.2,2125
196709.184,40,2854.4,2599.2,2165.6
196709.224,40,2726,2744.4,2230.6
196709.264,40,2564.2,2872.6,2315.6
196709.304,40,2414.2,2923.2,2417.8
196709.344,40,2303.2,2904.4,2540.6
196709.384,40,2235.2,2849.6,2664.2
196709.424,40,2199,2719,2669
196709.464,40,2195.2,2680.2,2639.2
196709.504,40,2229.6,2987.4,2824.4
196709.544,40,2304.8,3087,2711.4
196709.584,40,2413.4,3181.2,2589
196709.624,40,2556.2,3126.6,2454.4
196709.664,40,2707.8,2983,2343.2
196709.704,40,2835,2824,2263.6
196709.744,40,2962,2704.8,2208.8
196709.784,40,3048.2,2576,2161.2
196709.824,40,3069.2,2467.8,2128.6
196709.864,40,3012.6,2382.6,2101.8
196709.904,40,2943.8,2316.2,2084.6
196709.944,40,2862.8,2274.6,2076.2
196709.984,40,2784.8,2247,2066
196710.024,40,2741.2,2231.4,2063.8
196710.064,40,2747.2,2236.2,2063.6
196710.104,40,2781.6,2256.4,2067.2
196710.144,40,2807.2,2292.8,2082.8
196710.184,40,2836.6,2346.4,2098.8
196710.224,40,2872.8,2445.4,2120.4
196710.264,40,2844,2572.6,2159.8
196710.304,40,2725.6,2725.6,2220.2
196710.344,40,2576,2878.8,2309
196710.384,40,2434.2,2974.6,2425.8
196710.424,40,2341.4,3018.4,2562.6
196710.464,40,2278.8,3042.4,2705.8
196710.504,40,2260.2,3008.2,2739.6
196710.544,40,2288.6,3039.6,2697.6
196710.584,40,2352.6,3190.2,2655.8
196710.624,40,2475.6,3352.6,2578.2
196710.664,40,2638.4,3318.4,2453.6
196710.704,40,2814.2,3122,2339
196710.744,40,2983.2,2927,2258.6
196710.784,40,3124.8,2749.2,2196.6
196710.824,40,3194,2593.4,2152
196710.864,40,3184.6,2454.2,2117
196710.904,40,3095.2,2358.6,2097.8
196710.944,40,2970.6,2284.4,2075.8
196710.984,40,2867.2,2240.2,2060.6
196711.024,40,2789.4,2210.2,2056
196711.064,40,2752.6,2203.4,2054.4
196711.104,40,2767.8,2205.2,2058.6
196711.144,40,2802.4,2223.2,2059.2
196711.184,40,2842,2263.6,2073.8
196711.224,40,2860,2311,2085.8
196711.264,40,2908.2,2411.8,2108.2
196711.304,40,2887.6,2544,2152.4
196711.344,40,2742.8,2691.4,2209.4
196711.384,40,2565.6,2807.8,2292
196711.424,40,2413.8,2857.8,2389
196711.464,40,2308.2,2843.4,2499.2
196711.504,40,2241,2804.4,2604.6
196711.544,40,2205.4,2777,2697
196711.584,40,2209,2796,2707
196711.624,40,2257.2,3001.8,2755.2
196711.664,40,2346.4,3106.8,2641.2
196711.704,40,2482.6,3181.2,2524.2
196711.744,40,2657.8,3130.8,2407.6
196711.784,40,2815.4,2959.2,2306.4
196711.824,40,2924.8,2785.4,2233.6
196711.864,40,2986.6,2625.6,2179.2
196711.904,40,2985.6,2497.6,2141
196711.944,40,2936.4,2400.4,2117
196711.984,40,2860.4,2325.2,2095.8
196712.024,40,2768.8,2270.2,2077.8
196712.064,40,2668,2223.4,2071.4
196712.104,40,2608.4,2199,2062.4
196712.144,40,2568.6,2185.2,2055.4
196712.184,40,2562.8,2182.2,2056.8
196712.224,40,2592,2188.4,2060.4
196712.264,40,2629.2,2207.2,2059.6
196712.304,40,2698.4,2236.8,2068
196712.344,40,2794,2283,2075.2
196712.384,40,2896,2357.8,2098
196712.424,40,2899.6,2462.6,2125
196712.464,40,2833.8,2602.6,2168.4
196712.504,40,2684.4,2751.6,2239
196712.544,40,2516.4,2866,2332.4
196712.584,40,2380.8,2916.4,2450
196712.624,40,2280,2904,2583.6
196712.664,40,2224.4,2864,2725.4
196712.704,40,2197.2,2706.8,2661.8
196712.744,40,2214.8,2841.4,2744.6
196712.784,40,2270,3120.8,2815.2
196712.824,40,2355.4,3179,2679
196712.864,40,2488.8,3260.6,2552.2
196712.904,40,2636.4,3101.4,2405.6
196712.944,40,2795.8,2961.6,2313.2
196712.984,40,2949.6,2805.4,2238.8
196713.024,40,3049.4,2658.6,2183
196713.064,40,3085.4,2520.2,2140
196713.104,40,3023.8,2399.2,2113.4
196713.144,40,2915.6,2316.4,2089
196713.184,40,2801,2261.2,2068.4
196713.224,40,2673.4,2212.8,2067.4
196713.264,40,2604.2,2188.6,2057
196713.304,40,2575.8,2177.2,2052.4
196713.344,40,2584.2,2185.6,2058.2
196713.384,40,2631.2,2198,2060.2
196713.424,40,2684.2,2220,2061.8
196713.464,40,2767.4,2262.8,2073.6
196713.504,40,2866.8,2329.2,2084.2
196713.544,40,2936.4,2422.4,2107.8
196713.584,40,2905.8,2554,2147.6
196713.624,40,2788.6,2714.6,2209
196713.664,40,2616.6,2849.2,2294.6
196713.704,40,2455.8,2934.4,2394.4
196713.744,40,2335.2,2931,2520.4
196713.784,40,2251.4,2896.4,2658
196713.824,40,2206.6,2754.8,2689.8
196713.864,40,2188.2,2643.2,2616.6
196713.904,40,2215.4,2836.2,2729.2
196713.944,40,2265,2954.6,2712
196713.984,40,2326.2,2953,2583.8
196714.024,40,2425.4,3028.2,2510.8
196714.064,40,2569.6,3074.8,2425.8
196714.104,40,2726.8,2993.8,2340.8
196714.144,40,2876.8,2873.6,2270.4
196714.184,40,3010.4,2742,2207
196714.224,40,3081.8,2593.8,2159.6
196714.264,40,3077.2,2468.2,2128.8
196714.304,40,3002.8,2367.2,2099.6
196714.344,40,2896.2,2299.2,2082.4
196714.384,40,2765.2,2241.2,2066.6
196714.424,40,2661.2,2207.8,2062.4
196714.464,40,2593.2,2184,2055.8
196714.504,40,2556.2,2170.4,2050.6
196714.544,40,2570.8,2174.2,2047.4
196714.584,40,2610.6,2185.4,2051
196714.624,40,2674.6,2212.8,2060.6
196714.664,40,2761.2,2251.8,2067.8
196714.704,40,2832.6,2312.2,2084
196714.744,40,2892,2400.4,2108.4
196714.784,40,2863,2512.4,2137.4
196714.824,40,2763.2,2648.2,2194
196714.864,40,2608.8,2776.6,2265
196714.904,40,2459.6,2855,2354
196714.944,40,2337.8,2852,2458.4
196714.984,40,2260,2806.8,2558.6
196715.024,40,2210.2,2758.8,2646
196715.064,40,2195.6,2710.8,2650.2
196715.104,40,2218.4,2795.4,2674.8
196715.144,40,2271.6,2888.6,2631.4
196715.184,40,2362.6,2990.2,2555.6
196715.224,40,2488.6,3000.8,2437.2
196715.264,40,2681.4,3002.6,2356.4
196715.304,40,2821.8,2835,2269.8
196715.344,40,2949.6,2704.2,2205.2
196715.384,40,3025,2569.2,2156
196715.424,40,3006,2450.4,2126.2
196715.464,40,2923.8,2348.2,2101.2
196715.504,40,2805.4,2280.4,2078.8
196715.544,40,2673.8,2225.4,2066.2
196715.584,40,2569,2185.6,2058.6
196715.624,40,2500,2161.6,2050.6
196715.664,40,2472,2152.2,2046.4
196715.704,40,2476,2149.6,2047.6
196715.744,40,2511.6,2163.6,2048.8
196715.784,40,2580,2177.6,2050.6
196715.824,40,2652.8,2205.4,2060.6
196715.864,40,2726,2239,2070
196715.904,40,2806,2299,2084.6
196715.944,40,2878.4,2393.8,2111.2
196715.984,40,2874.8,2530.4,2147.8
196716.024,40,2744.2,2707.6,2214.2
196716.064,40,2564.4,2860.2,2306.8
196716.104,40,2398.4,2939,2444
196716.144,40,2293.2,2944.4,2597.8
196716.184,40,2229.2,2931.6,2781.2
196716.317,133,2289,3264.4,2892.4
196716.357,40,2389.2,3396.8,2739
196716.397,40,2558.2,3505.8,2575.8
196716.437,40,2831.6,3594.8,2451.8
196716.477,40,3168.2,3410,2335.2
196716.517,40,3437.4,3086.4,2239.2
196716.557,40,3479,2770.6,2171.4
196716.597,40,3460,2562.6,2126
196716.637,40,3347.4,2419.2,2095.6
196716.677,40,3132.4,2320.6,2079.6
196716.717,40,3018.8,2259.6,2062.2
196716.757,40,2827.6,2213.4,2058.4
196716.797,40,2703.6,2181,2048.4
196716.837,40,2631.8,2161.8,2047.4
196716.877,40,2571.4,2152.4,2039.8
196716.917,40,2557,2150.2,2042
196716.957,40,2590.4,2162.8,2047.4
196716.997,40,2627.4,2181.8,2053
196717.037,40,2708.6,2210.2,2057.2
196717.077,40,2811.2,2258,2066.2
196717.117,40,2935.4,2328.4,2085.6
196717.157,40,3008,2437,2109
196717.197,40,2974,2582.4,2149.4
196717.237,40,2826.8,2775.6,2212.2
196717.277,40,2617.2,2921.8,2310.8
196717.317,40,2440.6,2991.6,2430.8
196717.357,40,2310,2965.6,2580.8
196717.397,40,2230,2894.8,2730
196717.437,40,2187,2632.6,2629.4
196717.477,40,2174.8,2629.2,2695.6
196717.517,40,2198.8,2669.2,2645.6
196717.557,40,2253.8,2944.4,2739.8
196717.597,40,2338.8,3049.6,2630.4
196717.637,40,2449.8,3019.4,2484.8
196717.677,40,2639,3076.4,2397.2
196717.717,40,2849.8,3035.4,2323.2
196717.757,40,2993,2877.4,2249.4
196717.797,40,3066.2,2695.6,2190.8
196717.837,40,3029.6,2535.4,2148.6
196717.877,40,2984.4,2431.2,2122.8
196717.917,40,2880,2344.4,2096.8
196717.957,40,2788.8,2282,2085.8
196717.997,40,2709.2,2245.8,2074.8
196718.037,40,2666.2,2217.2,2064
196718.077,40,2615.8,2204,2061.6
196718.117,40,2637.6,2198.4,2060.2
196718.157,40,2616.6,2201.4,2060.6
196718.197,40,2658.2,2215.8,2065
196718.237,40,2730.4,2242.8,2065.8
196718.277,40,2828,2287.2,2077.8
196718.317,40,2935.6,2364.8,2094.6
196718.357,40,2969.8,2477.8,2122.8
196718.397,40,2896.4,2625.4,2167.2
196718.437,40,2730.8,2792.6,2240
196718.477,40,2546.8,2904.6,2333.4
196718.517,40,2395,2927.2,2444.8
196718.557,40,2294.8,2891,2552.6
196718.597,40,2236.8,2831.2,2640.8
196718.637,40,2212.2,2805.8,2691.4
196718.677,40,2229.6,2821.4,2666.2
196718.717,40,2276.8,2937.2,2647.2
196718.757,40,2362.8,3017.6,2556
196718.797,40,2503,3057.8,2451
196718.837,40,2686.2,3001,2353.4
196718.877,40,2858.4,2859.4,2269.4
196718.917,40,3003.6,2703.4,2203.6
196718.957,40,3082.8,2552.2,2149.8
196718.997,40,3057.6,2426.2,2114.6
196719.037,40,2967.8,2328,2092
196719.077,40,2831.4,2258.8,2075.4
196719.117,40,2712.4,2215,2060.2
196719.157,40,2623.2,2189.6,2055.2
196719.197,40,2570.4,2170.2,2045
196719.237,40,2570.2,2170.2,2049.8
196719.277,40,2620.2,2190.8,2056.8
196719.317,40,2696.8,2216.2,2058
196719.357,40,2791.2,2259.2,2071.6
196719.397,40,2892,2337.4,2089
196719.437,40,2926.6,2447.4,2121
196719.477,40,2846,2588.4,2161.4
196719.517,40,2694.6,2736.2,2234.4
196719.557,40,2507.2,2837.8,2328
196719.597,40,2364.4,2849.4,2433.8
196719.637,40,2262,2810.4,2560.6
196719.677,40,2204.2,2754,2682.8
196719.717,40,2174,2587.6,2608.6
196719.757,40,2190.4,2662,2656.4
196719.797,40,2243,2970.2,2787.8
196719.837,40,2320.4,3073,2673.4
196719.877,40,2454.6,3156.8,2541.6
196719.917,40,2617,3132.4,2427.8
196719.957,40,2798.6,3055,2340.2
196719.997,40,2978.8,2908.2,2264.6
196720.037,40,3139,2764.4,2202.8
196720.077,40,3240,2612,2157.6
196720.117,40,3198.8,2469.8,2119.6
196720.157,40,3105.8,2369.4,2097.4
196720.197,40,2949.6,2290.2,2078.4
196720.237,40,2801.8,2236.8,2067.6
196720.277,40,2673,2198.8,2058.8
196720.317,40,2588.6,2174,2049.6
196720.357,40,2546.2,2163,2048.4
196720.397,40,2534.6,2166.6,2050.2
196720.437,40,2566.6,2177,2052.2
196720.477,40,2623.8,2197.2,2053.2
196720.517,40,2713.2,2231.2,2066.4
196720.557,40,2817.4,2292,2079.6
196720.597,40,2896.8,2378.6,2099
196720.637,40,2891.6,2482.6,2130.4
196720.677,40,2809.6,2617,2175
196720.717,40,2661.2,2747.4,2243.8
196720.757,40,2513.2,2827,2322.2
196720.797,40,2382.2,2872,2424.6
196720.837,40,2295.2,2858.2,2534.2
196720.877,40,2234.4,2817.2,2640.4
196720.917,40,2199.4,2721.4,2670.2
196720.957,40,2186.4,2640.4,2613.4
196720.997,40,2211,2762.2,2687.6
196721.037,40,2247.2,2825.4,2640
196721.077,40,2324.8,2903.2,2555.4
196721.117,40,2442.8,2959.2,2456.6
196721.157,40,2643.2,3049.4,2384.8
196721.197,40,2820.6,2909,2299
196721.237,40,2958.6,2756.4,2223.8
196721.277,40,3038.8,2610.6,2168.6
196721.317,40,3038.2,2488.4,2136.2
196721.357,40,2983.6,2389.2,2105.4
196721.397,40,2892.8,2314.2,2092.2
196721.437,40,2785.2,2261.8,2074.4
196721.477,40,2696.2,2225.6,2065.8
196721.517,40,2619.8,2201.2,2059.4
196721.557,40,2578.8,2186,2056.6
196721.597,40,2574.6,2184.6,2057.4
196721.637,40,2603.6,2201.8,2059.4
196721.677,40,2661.4,2218.6,2062.8
196721.717,40,2745,2259.8,2071.6
196721.757,40,2851.6,2322,2084.2
196721.797,40,2898.2,2403.4,2108.4
196721.837,40,2874.2,2518.4,2144.6
196721.877,40,2783.6,2657.8,2194.6
196721.917,40,2634.4,2788.8,2264
196721.957,40,2477.2,2886.8,2363.6
196721.997,40,2349.6,2897.8,2480.6
196722.037,40,2255.6,2857.6,2613.6
196722.077,40,2207.4,2746.8,2683.6
196722.117,40,2180.2,2640.8,2674
196722.157,40,2192.8,2700.2,2697.4
196722.197,40,2238.2,2935.2,2769.2
196722.237,40,2305.8,3034.8,2677.2
196722.277,40,2398,3076.2,2560
196722.317,40,2519.6,3066,2452
196722.357,40,2643.6,2993.8,2367
196722.397,40,2764.2,2883.4,2296.4
196722.437,40,2878.4,2774.6,2238.6
196722.477,40,2989.8,2661.2,2191.6
196722.517,40,3042.4,2541,2151.6
196722.557,40,3021.2,2436.8,2120.8
196722.597,40,2971.8,2353.8,2098.4
196722.637,40,2896,2293,2085
196722.677,40,2790.6,2247.2,2074.2
196722.717,40,2717.8,2214.8,2064.2
196722.757,40,2687,2204.8,2056.6
196722.797,40,2699.6,2209.4,2056.2
196722.837,40,2737.4,2223.8,2061.4
196722.877,40,2800.8,2252.2,2068.4
196722.917,40,2835.2,2293.2,2076.8
196722.957,40,2921.2,2361.2,2092.2
196722.997,40,2973.8,2469.4,2122.2
196723.037,40,2918.8,2617,2164
196723.077,40,2780.8,2789.2,2228.2
196723.117,40,2595.4,2939,2321
196723.157,40,2433.4,3020,2451.2
196723.197,40,2305.4,2977.8,2597
196723.237,40,2226.8,2892,2749.4
196723.277,40,2180,2619.6,2638.6
196723.317,40,2171.2,2601.6,2678.8
196723.357,40,2190.4,2617.6,2597.4
196723.397,40,2237.2,2827.4,2673.4
196723.437,40,2309,2874,2574.4
196723.477,40,2396.4,2896.8,2474.4
196723.517,40,2534.6,2944,2401.2
196723.557,40,2709.8,2957,2338.4
196723.597,40,2835.2,2824.6,2261.8
196723.637,40,2938.8,2688.8,2205
196723.677,40,3026.4,2572.2,2160.4
196723.717,40,3039.6,2459.8,2127.6
196723.757,40,2975,2363,2102.2
196723.797,40,2884,2288.4,2083
196723.837,40,2766.2,2236.4,2071.2
196723.877,40,2657.4,2197.2,2058.6
196723.917,40,2587.8,2173,2049.6
196723.957,40,2557.8,2165.2,2048.8
196723.997,40,2566,2167.6,2048
196724.037,40,2596.8,2182.2,2052.4
196724.077,40,2664,2205.4,2059.4
196724.117,40,2774.2,2254.6,2073.2
196724.157,40,2857.8,2324.2,2087.8
196724.197,40,2902.8,2425,2116.2
196724.237,40,2845.6,2550.6,2153.2
196724.277,40,2724,2691.8,2212.6
196724.317,40,2572.4,2806,2292.4
196724.357,40,2435.6,2867.8,2384.8
196724.397,40,2331.8,2880.2,2490.8
196724.437,40,2260.4,2851,2600.4
196724.477,40,2223.2,2821.2,2690.6
196724.517,40,2206.2,2786.6,2708.2
196724.557,40,2225.2,2847,2709.2
196724.597,40,2266.2,2897,2641
196724.637,40,2343,2941.8,2546
196724.677,40,2449.8,2936.8,2439
196724.717,40,2597.4,2894.4,2348
196724.757,40,2741.2,2793.6,2264.6
196724.797,40,2865.8,2671.4,2205.8
196724.837,40,2968.8,2547.6,2157.8
196724.877,40,2983.6,2426.6,2124
196724.917,40,2921.8,2332.2,2091.2
196724.957,40,2807.8,2262.6,2077.4
196724.997,40,2676.2,2200.2,2057.8
196725.037,40,2555.6,2163.8,2048.8
196725.077,40,2484.6,2140.8,2045.2
196725.117,40,2461.8,2135.6,2038.2
196725.157,40,2477,2141.4,2042.2
196725.197,40,2518,2151.2,2047.2
196725.237,40,2593.2,2177.2,2051.6
196725.277,40,2700.2,2218.6,2060.8
196725.317,40,2830,2295.2,2081.2
196725.357,40,2889.2,2410.8,2113.8
196725.397,40,2810,2559.2,2162.4
196725.437,40,2650.8,2715.4,2239.4
196725.477,40,2470,2809.8,2334.6
196725.517,40,2333.4,2822.2,2455.8
196725.557,40,2247.2,2777.6,2574.2
196725.597,40,2203.4,2734.6,2673.8
196725.637,40,2188.4,2616.8,2592.6
196725.677,40,2216.4,2723,2628.6
196725.717,40,2278.2,2847.4,2594.6
196725.757,40,2391.8,2928.4,2501.2
196725.797,40,2529.4,2889.6,2382.2
196725.837,40,2691.8,2825,2297.6
196725.877,40,2818.4,2676.6,2213
196725.917,40,2939.8,2544.8,2159
196725.957,40,2909.2,2402.8,2120
196725.997,40,2874.2,2318.2,2092.2
196726.037,40,2723.8,2241.2,2075.6
196726.077,40,2610.8,2192.4,2062.2
196726.117,40,2524.2,2166.6,2052.8
196726.157,40,2467.8,2147.2,2050.6
196726.197,40,2450.2,2141.8,2046.8
196726.237,40,2476.8,2145,2045
196726.277,40,2531.6,2156.4,2046.6
196726.317,40,2631.4,2190.2,2052.8
196726.357,40,2753.6,2239.8,2065
196726.397,40,2879,2325.4,2086
196726.437,40,2916.2,2455,2124.6
196726.477,40,2813.8,2620.8,2179
196726.517,40,2634.6,2789.8,2261.2
196726.557,40,2457.8,2892.8,2375.6
196726.597,40,2325.6,2903.8,2514.4
196726.637,40,2248.4,2874.2,2649.6
196726.677,40,2214.4,2860.2,2738
196726.717,40,2231.4,2893.6,2732
196726.757,40,2291.2,3033,2691.4
196726.797,40,2376.8,3049.4,2560.6
196726.837,40,2508.2,3034.8,2445.8
196726.877,40,2650.8,2932.8,2337.6
196726.917,40,2785.4,2780.6,2256.6
196726.957,40,2906.4,2652.8,2197.6
196726.997,40,2974.6,2520.8,2148.2
196727.037,40,2970.2,2405.6,2116
196727.077,40,2882,2316.2,2091.6
196727.117,40,2767.6,2252.2,2070.8
196727.157,40,2657.8,2210,2062.4
196727.197,40,2584.4,2180.2,2055.2
196727.237,40,2550.2,2168.4,2052
196727.277,40,2556.8,2168.2,2050.2
196727.317,40,2598.2,2183.6,2055
196727.357,40,2672,2206.6,2057
196727.397,40,2765,2243.8,2066
196727.437,40,2877.8,2311.8,2083.6
196727.477,40,2962.4,2413.2,2108.6
196727.517,40,2942.6,2549.4,2145.2
196727.557,40,2837.2,2730,2203.2
196727.597,40,2660.8,2896.4,2293.4
196727.637,40,2480.2,2993.2,2404.2
196727.677,40,2353,3019.2,2545.4
196727.717,40,2272.8,3005,2691.2
196727.757,40,2233.6,2914,2753.6
196727.797,40,2234.4,2913.8,2764
196727.837,40,2279.2,3066.2,2743.6
196727.877,40,2374.2,3217.6,2652.6
196727.917,40,2521.4,3177.2,2485.2
196727.957,40,2729.2,3106.4,2369.6
196727.997,40,2938.4,2931.6,2277.2
196728.037,40,3073.2,2730.4,2197.4
196728.077,40,3135,2549.6,2147.6
196728.117,40,3078.6,2404.2,2107.2
196728.157,40,2956.6,2311.2,2082.8
196728.197,40,2791,2237.2,2071.6
196728.237,40,2648,2191.6,2057
196728.277,40,2553.2,2155,2049.6
196728.317,40,2516.6,2143.2,2044.6
196728.357,40,2541.2,2151.8,2046.8
196728.397,40,2575,2158.6,2044.8
196728.437,40,2654,2183.8,2052.4
196728.477,40,2768.6,2229.4,2060.4
196728.517,40,2924.8,2299.2,2076
196728.557,40,3026.6,2404.4,2104
196728.597,40,3013,2561.8,2142.2
196728.637,40,2905.6,2761.4,2205.6
196728.677,40,2713,2971.4,2289
196728.717,40,2519,3111,2420.6
196728.757,40,2378.2,3127.8,2571.8
196728.797,40,2290.2,3019.6,2681
196728.837,40,2249.8,3020.8,2788.4
196728.877,40,2254,3067.8,2817.8
196728.917,40,2302.4,3239.6,2800.8
196728.957,40,2394,3284.4,2646
196728.997,40,2530,3250.8,2495.4
196729.037,40,2696.2,3056.6,2361.2
196729.077,40,2859,2863.2,2266.2
196729.117,40,2986,2687,2202.4
196729.157,40,3083.2,2549.2,2151.8
196729.197,40,3045.4,2414.8,2115.8
196729.237,40,2933.4,2321,2089.6
196729.277,40,2782.6,2246.6,2073
196729.317,40,2654.8,2201.4,2059.8
196729.357,40,2553.2,2167,2047.4
196729.397,40,2490,2150,2042.6
196729.437,40,2480.6,2142.4,2043.6
196729.477,40,2506.6,2151.8,2046
196729.517,40,2567.4,2167.2,2048.8
196729.557,40,2670.4,2199,2057.4
196729.597,40,2780.8,2247.6,2064.6
196729.637,40,2893.2,2324.8,2085.2
196729.677,40,2951.4,2442.4,2113.6
196729.717,40,2880.4,2591.6,2163
196729.757,40,2713.4,2752.8,2233
196729.797,40,2540.2,2882.2,2332.4
196729.837,40,2389.2,2930.4,2447.2
196729.877,40,2284.8,2907.8,2588.8
196729.917,40,2225.8,2867.2,2729.4
196729.957,40,2195.2,2688.8,2656
196729.997,40,2214.2,2786.4,2713.6
196730.037,40,2274.4,3140,2837
196730.077,40,2374,3263.8,2700.4
196730.117,40,2535.4,3335.8,2548.2
196730.157,40,2747.2,3212.2,2403.2
196730.197,40,2981.4,3036.8,2296.4
196730.237,40,3179.2,2819.4,2212.8
196730.277,40,3310.4,2609.6,2148.6
196730.317,40,3284,2449,2105.2
196730.357,40,3096,2324.8,2083.4
196730.397,40,2875.2,2248.4,2064.4
196730.437,40,2746.2,2203,2055.4
196730.477,40,2623.4,2170,2047.2
196730.517,40,2565.6,2158.4,2047.6
196730.557,40,2552.6,2149.2,2046.2
196730.597,40,2579.8,2162,2049.6
196730.637,40,2637.4,2178,2049.2
196730.677,40,2724,2212.2,2058
196730.717,40,2838.8,2263.4,2069.2
196730.757,40,2945.2,2343.6,2087.4
196730.797,40,2968.6,2467.2,2122
196730.837,40,2886,2623,2172
196730.877,40,2722.6,2803.2,2247.2
196730.917,40,2538.6,2932,2346.4
196730.957,40,2383.8,2968.8,2474
196730.997,40,2280.8,2936,2616.4
196731.037,40,2219.4,2877,2739.2
196731.077,40,2202.2,2727.6,2672.6
196731.117,40,2220.6,2899.4,2772.6
196731.157,40,2288.2,3118,2756.6
196731.197,40,2396.8,3161,2605.8
196731.237,40,2553.4,3179.2,2474.8
196731.277,40,2723,3029.2,2352
196731.317,40,2884.4,2867,2267.2
196731.357,40,2993.8,2710,2205.4
196731.397,40,3041.8,2558.8,2155.8
196731.437,40,3025.6,2448.8,2127.4
196731.477,40,2955.6,2370.2,2101.6
196731.517,40,2862.8,2303.6,2088.4
196731.557,40,2776,2266.4,2078.2
196731.597,40,2702,2236.6,2070
196731.637,40,2688.4,2225.8,2069.8
196731.677,40,2698.4,2241.2,2071.4
196731.717,40,2731.4,2257.6,2076.2
196731.757,40,2778.6,2288.8,2084
196731.797,40,2807.8,2331,2095.6
196731.837,40,2833.8,2401.8,2111.6
196731.877,40,2857.2,2517.8,2145
196731.917,40,2762.2,2640.6,2192.2
196731.957,40,2632.6,2762,2256.8
196731.997,40,2507,2869.8,2339.6
196732.037,40,2407,2950,2446
196732.077,40,2315.6,2963.2,2561.6
196732.117,40,2267.4,2959,2677.2
196732.157,40,2252.8,2998.6,2759.6
196732.197,40,2291.2,3082.4,2724.4
196732.237,40,2397.4,3237.8,2624
196732.277,40,2594.4,3354.4,2492.2
196732.317,40,2861,3238.8,2354.8
196732.357,40,3164.4,2990.6,2255.2
196732.397,40,3314.8,2726.8,2181
196732.437,40,3290,2509.6,2127.6
196732.477,40,3110.4,2365.2,2095.2
196732.517,40,2935.2,2282.6,2077
196732.557,40,2764,2226.8,2065
196732.597,40,2674,2201.4,2058.6
196732.637,40,2652.2,2197.2,2058.8
196732.677,40,2716.4,2217.2,2058.2
196732.717,40,2778,2247.2,2065.2
196732.757,40,2866.8,2298,2081
196732.797,40,2959.4,2384.4,2099
196732.837,40,3005.8,2519.8,2134.2
196732.877,40,2929.2,2712,2193.2
196732.917,40,2787.6,2910.4,2258.6
196732.957,40,2785.8,3105.2,2309.6
196732.997,40,2921,3045.6,2271
196733.037,40,3158.2,2978,2227.2
196733.077,40,3308.2,2759.4,2177.2
196733.117,40,3464.2,2562.6,2126.4
196733.157,40,3328.2,2398.6,2098.4
196733.197,40,3027.6,2288.6,2071
196733.237,40,2819.6,2223.4,2063
196733.277,40,2659.8,2184,2052.8
196733.317,40,2559,2162.2,2046.8
196733.357,40,2544,2152.4,2045.2
196733.397,40,2574.6,2166.2,2045.4
196733.437,40,2641,2185.6,2050.2
196733.477,40,2708.4,2209.2,2054.8
196733.517,40,2834.4,2258,2065.8
196733.557,40,3012.4,2336,2082.2
196733.597,40,3148.6,2461.4,2109.6
196733.637,40,3127.4,2629,2150.2
196733.677,40,3046.4,2831,2198.8
196733.717,40,2976.6,2966.8,2237.6
196733.757,40,3011.8,2932.2,2229.6
196733.797,40,3144.6,2861.6,2209.4
196733.837,40,3152.8,2664.2,2163.4
196733.877,40,3187,2503.4,2122.2
196733.917,40,3119.2,2381.6,2099
196733.957,40,2991,2295.8,2078.2
196733.997,40,2816.8,2234,2067.6
196734.037,40,2705,2201,2054.8
196734.077,40,2632.2,2176.8,2049.8
196734.117,40,2609.2,2170.2,2047.4
196734.157,40,2653,2183.6,2048.6
196734.197,40,2712.8,2202.8,2056.6
196734.237,40,2808.6,2237.2,2061.6
196734.277,40,2957.2,2301.6,2071.4
196734.317,40,3154.2,2415,2096
196734.357,40,3195.6,2589.4,2131.2
196734.397,40,3081.4,2773.2,2182.6
196734.437,40,2986.2,2915.4,2220.6
196734.477,40,3080.6,2952.8,2219.4
196734.517,40,3277.2,2901.8,2194.2
196734.557,40,3337.4,2744,2160
196734.597,40,3356,2565.4,2128
196734.637,40,3243.6,2412.6,2105.6
196734.677,40,3028.8,2308.4,2080
196734.717,40,2853.2,2239.2,2065.8
196734.757,40,2723,2198.4,2050
196734.797,40,2620.4,2171.8,2048
196734.837,40,2564.2,2158,2050.2
196734.877,40,2578.8,2167,2048.4
196734.917,40,2631.2,2179,2050
196734.957,40,2680.6,2201,2058
196734.997,40,2783.6,2242.2,2065.8
196735.037,40,2903.2,2310,2076.4
196735.077,40,2994.6,2420,2107.6
196735.117,40,2973.2,2557.2,2141
196735.157,40,2877.2,2681.8,2186
196735.197,40,2817.4,2753.8,2213
196735.237,40,2817.4,2699,2199
196735.277,40,2858,2608.8,2173.6
196735.317,40,2902.4,2510,2146.6
196735.357,40,2910.4,2412,2116.4
196735.397,40,2839.6,2329,2098
196735.437,40,2750.2,2262,2079
196735.477,40,2644.2,2215.6,2063.6
196735.517,40,2557.2,2177.8,2057.6
196735.557,40,2500.2,2156,2050
196735.597,40,2468,2152.4,2049
196735.637,40,2456.2,2143,2046.8
196735.677,40,2474.8,2152,2047
196735.717,40,2522.6,2163.6,2049.6
196735.761,44,2605.2,2191.2,2054.6
196735.801,40,2679.6,2217.8,2062.2
196735.841,40,2759,2265.4,2072
196735.881,40,2850.4,2335.8,2092.6
196735.921,40,2896.6,2438.4,2118.2
196735.961,40,2863,2565.2,2156.6
196736.001,40,2793.2,2684.4,2199
196736.041,40,2764.2,2717.8,2214
196736.081,40,2772.2,2627.6,2193.6
196736.122,41,2830,2537.2,2160.4
196736.162,40,2850,2443.4,2132.8
196736.202,40,2837.4,2359.6,2109
196736.242,40,2737.4,2283.4,2087.6
196736.282,40,2688.4,2229.4,2070
196736.322,40,2576.4,2188.6,2058.6
196736.362,40,2512,2166.8,2049.8
196736.402,40,2473.4,2153.6,2047.6
196736.442,40,2486,2150.2,2046.4
196736.482,40,2516.2,2154.8,2046
196736.522,40,2587.4,2175.8,2055
196736.562,40,2663.4,2194.2,2053.8
196736.602,40,2726.2,2236.2,2064.6
196736.642,40,2806.2,2281.8,2078.2
196736.682,40,2866.8,2363.4,2101
196736.722,40,2862.4,2462.6,2132.8
196736.762,40,2798.4,2561,2163.6
196736.802,40,2733.6,2640.8,2196.6
196736.842,40,2741,2655.6,2197.4
196736.882,40,2811.6,2622.6,2180.8
196736.922,40,2822.6,2517,2149.4
196736.962,40,2884.6,2444.6,2127.4
196737.002,40,2897,2368.2,2104.6
196737.042,40,2817,2293.6,2084.2
196737.082,40,2699.2,2234.8,2072.2
196737.122,40,2600.8,2197,2060.4
196737.162,40,2534.8,2171.6,2055.2
196737.202,40,2504.6,2160.6,2049.4
196737.242,40,2504.8,2160.4,2047.4
196737.282,40,2540.4,2174.4,2048.6
196737.322,40,2599.8,2182.8,2051.6
196737.362,40,2650.4,2203.8,2057.2
196737.402,40,2720.6,2229.4,2065
196737.442,40,2795.6,2277.6,2069.8
196737.482,40,2862.8,2354.8,2097.8
196737.522,40,2868.2,2450,2126.4
196737.562,40,2824.6,2550,2157.8
196737.602,40,2768.4,2628.8,2186
196737.642,40,2761.2,2657.2,2196.6
196737.682,40,2808.4,2597,2177.6
196737.722,40,2884.8,2533,2152.2
196737.762,40,2932.8,2452.4,2126.4
196737.802,40,2921.4,2367.4,2103.4
196737.842,40,2854.2,2301.8,2086.2
196737.882,40,2756.2,2243.2,2071.2
196737.922,40,2667.2,2204.8,2060.6
196737.962,40,2598.2,2186,2055
196738.002,40,2559.4,2172.4,2053.4
196738.042,40,2569.8,2171.4,2049.6
196738.082,40,2600.4,2185,2052.4
196738.122,40,2652.8,2205.2,2057.4
196738.162,40,2728.6,2228.8,2062.4
196738.202,40,2792.4,2272.8,2077
196738.242,40,2860.4,2333.2,2090.8
196738.282,40,2887.6,2420,2112
196738.322,40,2851.6,2511.6,2142.8
196738.362,40,2791.8,2607,2178.6
196738.402,40,2737.8,2667.2,2206.8
196738.442,40,2731.8,2671.6,2206.8
196738.482,40,2793.2,2637.6,2189.6
196738.522,40,2837.6,2567,2164.2
196738.562,40,2884,2484.8,2141.8
196738.602,40,2921.8,2411,2116.8
196738.642,40,2887,2344.6,2100
196738.682,40,2817.8,2290.8,2084.2
196738.722,40,2729.8,2246.2,2075.4
196738.762,40,2666.6,2225.8,2069.4
196738.802,40,2626.4,2207.6,2063.4
196738.842,40,2618.4,2204.8,2061.2
196738.882,40,2654.2,2214.8,2065.4
196738.922,40,2693.4,2233.6,2064.8
196738.962,40,2737,2251.8,2073.4
196739.002,40,2817.2,2295,2080.4
196739.042,40,2874,2348.4,2094.2
196739.082,40,2892,2422.6,2116.8
196739.122,40,2865.6,2512,2145.2
196739.162,40,2791.8,2608.2,2178
196739.202,40,2714.8,2688,2217.4
196739.242,40,2671,2724.2,2238.8
196739.282,40,2667.8,2678.4,2229.6
196739.322,40,2705.6,2622.4,2203
196739.362,40,2767.2,2553.4,2174.2
196739.402,40,2765.6,2440,2138.4
196739.442,40,2790.8,2365.2,2115.2
196739.482,40,2805.6,2307.6,2091.2
196739.522,40,2730.8,2248,2072.2
196739.562,40,2626,2205.8,2064.6
196739.602,40,2542,2176.2,2056.2
196739.642,40,2511.2,2161.8,2049
196739.682,40,2529.8,2166,2054.2
196739.722,40,2586.2,2183.6,2051
196739.762,40,2653.2,2197.6,2055.8
196739.802,40,2716,2226.4,2062
196739.842,40,2789.4,2261.8,2067.8
196739.882,40,2870.8,2328.4,2085.2
196739.922,40,2909.6,2411.2,2109.6
196739.962,40,2878.8,2514.6,2142
196740.002,40,2808.6,2611.6,2176.8
196740.042,40,2731,2689,2211.6
196740.082,40,2684.2,2729.6,2232.4
196740.122,40,2691,2700.6,2220.8
196740.162,40,2729.4,2634,2198.8
196740.202,40,2836.4,2583.2,2169.4
196740.242,40,2931.6,2513.4,2145.4
196740.282,40,3002.4,2431.8,2119
196740.322,40,3009.4,2356.2,2100.2
196740.362,40,2967.2,2303.2,2082.4
196740.402,40,2873.8,2255.8,2070.4
196740.442,40,2803.6,2228.2,2059.8
196740.482,40,2769.8,2212.2,2057
196740.522,40,2764.6,2212.2,2059.2
196740.562,40,2778.2,2228.6,2060.2
196740.602,40,2797.4,2240.4,2064.2
196740.642,40,2823.4,2266.6,2068.2
196740.682,40,2845,2298.2,2080
196740.722,40,2897.6,2353.6,2094.8
196740.762,40,2880.8,2423.6,2115.2
196740.802,40,2838.2,2518.8,2146
196740.842,40,2743.6,2614.4,2192
196740.882,40,2614.2,2715.2,2249.4
196740.922,40,2484,2775.4,2311.2
196740.962,40,2393.6,2787.4,2377.6
196741.002,40,2334,2789.6,2427.6
196741.042,40,2317.8,2808.2,2457
196741.082,40,2366.2,2843.2,2427.4
196741.122,40,2472.4,2831.6,2354.4
196741.162,40,2669.4,2822.6,2289.4
196741.202,40,2927,2739.6,2218
196741.242,40,3093,2586.4,2159.4
196741.282,40,3181.6,2451.4,2117.8
196741.322,40,3104.6,2333.6,2086.2
196741.362,40,2910.6,2253.8,2068.2
196741.402,40,2692.6,2199.6,2055.4
196741.442,40,2608.4,2175.6,2050.6
196741.482,40,2609.8,2175.2,2047.4
196741.522,40,2751.6,2188.8,2047
196741.562,40,2883.8,2221.8,2054
196741.602,40,2929.6,2261.8,2065.6
196741.642,40,3038.6,2329.4,2078
196741.682,40,3128,2432,2104.4
196741.722,40,3097.8,2581.8,2139.6
196741.762,40,2999.8,2791.2,2199.4
196741.802,40,2800.8,2995.4,2275
196741.842,40,2611.6,3154.4,2381.4
196741.882,40,2470.8,3217,2493.6
196741.922,40,2391.8,3164.2,2552.8
196741.962,40,2392.2,3075,2522.8
196742.002,40,2457.8,3033.4,2447.2
196742.042,40,2578.6,2911.6,2339.2
196742.082,40,2740,2800.8,2266.4
196742.122,40,2914.8,2680.8,2202.8
196742.162,40,2927.2,2510.8,2149.8
196742.202,40,2926,2395,2119.2
196742.242,40,2837.6,2308,2088
196742.282,40,2735.4,2240.6,2071.8
196742.322,40,2654.4,2202.8,2060.2
196742.362,40,2585.8,2181.2,2051
196742.402,40,2553.4,2163,2048.2
196742.442,40,2562.2,2169.4,2048.6
196742.482,40,2614,2182.4,2051
196742.522,40,2669,2198.6,2052.2
196742.562,40,2737.8,2233.6,2063.8
196742.602,40,2823.4,2281,2073.4
196742.642,40,2888,2353.8,2095.2
196742.682,40,2886.2,2449.6,2123.4
196742.722,40,2811.8,2561.4,2167
196742.762,40,2678.2,2670.6,2216.2
196742.802,40,2542.6,2754.4,2282
196742.842,40,2427.6,2776.8,2343.6
196742.882,40,2353.6,2761.2,2395.4
196742.922,40,2316.8,2734,2419.2
196742.962,40,2330.4,2726.2,2398.8
196743.002,40,2361.4,2726.2,2374.4
196743.042,40,2445,2747.6,2333.8
196743.082,40,2586.6,2742.6,2284.6
196743.122,40,2789.2,2709,2229.2
196743.162,40,2922.8,2591.4,2176.8
196743.202,40,3034.2,2477.4,2134
196743.242,40,3068.4,2375.2,2100.4
196743.282,40,2970.4,2288.6,2074
196743.322,40,2819.4,2221.4,2062.2
196743.362,40,2588.2,2178,2052
196743.402,40,2495.2,2152.6,2047.2
196743.442,40,2515,2150.8,2043.8
196743.482,40,2589.4,2154.4,2042.2
196743.522,40,2620.2,2171.6,2047.8
196743.562,40,2654.4,2193.2,2051.2
196743.602,40,2730.8,2230,2063.2
196743.642,40,2803.6,2279.4,2078.4
196743.682,40,2839.2,2344.8,2094.4
196743.722,40,2855,2446,2126
196743.762,40,2782.6,2551.8,2170
196743.802,40,2659.4,2668.4,2221.4
196743.842,40,2529.8,2755,2289.4
196743.882,40,2426.6,2787.8,2348.2
196743.922,40,2362.8,2773.4,2391.6
196743.962,40,2347.8,2756.6,2397.6
196744.002,40,2390.4,2758.8,2370.8
196744.042,40,2452.6,2725,2316
196744.082,40,2597.8,2728.2,2269
196744.122,40,2780.4,2668.8,2216.8
196744.162,40,2949.4,2577.8,2164
196744.202,40,2997.2,2444.6,2125.4
196744.242,40,3005.6,2344.6,2095.4
196744.282,40,2909.6,2266,2069.6
196744.322,40,2750,2206,2054.6
196744.362,40,2569,2171.8,2051.6
196744.402,40,2490.4,2151.2,2046
196744.442,40,2529.2,2150.8,2042.6
196744.482,40,2629.8,2162.2,2043.6
196744.522,40,2678,2186,2045.8
196744.562,40,2750.6,2208,2054
196744.602,40,2871.2,2258.6,2062.8
196744.642,40,3009.8,2332,2081.4
196744.682,40,3123.6,2447.4,2103.4
196744.722,40,3164.4,2616,2140.6
196744.762,40,3039,2822,2203.4
196744.802,40,2876.6,3033.4,2266
196744.842,40,2719,3205.4,2347
196744.882,40,2587.4,3232.6,2419.8
196744.922,40,2502.2,3170.2,2449.4
196744.962,40,2485.6,3083,2429.8
196745.002,40,2505.2,2963.8,2380.6
196745.042,40,2574.8,2854,2311
196745.082,40,2663,2751.2,2257.4
196745.122,40,2816.8,2680.6,2216.6
196745.162,40,2859,2541,2169.2
196745.202,40,2968.2,2466,2135.4
196745.242,40,2873.2,2353.6,2105.2
196745.282,40,2831.8,2294.8,2085.8
196745.322,40,2750.8,2244.8,2070.6
196745.362,40,2702,2207,2058.8
196745.402,40,2643.6,2181,2049.8
196745.442,40,2612,2163,2044.2
196745.482,40,2547.6,2155.4,2046.6
196745.522,40,2549.8,2161.6,2049.2
196745.562,40,2651.2,2180.2,2051.2
196745.602,40,2677.4,2196.8,2054.2
196745.642,40,2745,2229,2062.6
196745.682,40,2816.6,2276.2,2071.2
196745.722,40,2888.4,2357,2092
196745.762,40,2867.8,2454.8,2124.8
196745.802,40,2770.4,2568,2173.2
196745.842,40,2634.2,2679.8,2232
196745.882,40,2499.6,2747.8,2293.4
196745.922,40,2403,2759.8,2354.8
196745.962,40,2361.2,2754.4,2388.2
196746.002,40,2371.6,2742.8,2368
196746.042,40,2451.2,2848.6,2369.2
196746.082,40,2522,2745.4,2298
196746.122,40,2684,2721.8,2249.4
196746.162,40,2840.4,2632.8,2195.8
196746.202,40,2951.4,2523.2,2153.4
196746.242,40,3019.8,2428.8,2120.4
196746.282,40,3014.8,2333.2,2090
196746.322,40,2929.4,2263.2,2070.6
196746.362,40,2793.8,2212.2,2059.8
196746.402,40,2626,2178.8,2049.8
196746.442,40,2554.8,2161.2,2045.4
196746.482,40,2599.2,2164.4,2046.6
196746.522,40,2664.6,2178.4,2048.8
196746.562,40,2733.4,2203.8,2054.8
196746.602,40,2785,2241.2,2065.2
196746.642,40,2875,2294.2,2077.4
196746.682,40,2941.8,2380.4,2100.4
196746.722,40,2918.2,2491,2127.8
196746.762,40,2817.6,2617.2,2178.8
196746.802,40,2677.8,2724.2,2236.4
196746.842,40,2544.4,2785.8,2292.8
196746.882,40,2443.4,2784.8,2345.6
196746.922,40,2381.4,2761.4,2370.6
196746.962,40,2379.6,2746.4,2365.6
196747.002,40,2406,2742.4,2341.2
196747.042,40,2477,2738.4,2310
196747.082,40,2598.8,2727.6,2268.6
196747.122,40,2773.4,2710.6,2225
196747.162,40,2937.6,2623.2,2181.4
196747.202,40,3049,2512.6,2144.4
196747.242,40,3099.8,2415.2,2110.6
196747.282,40,3032.6,2324.8,2084
196747.322,40,2894.6,2253.8,2072.8
196747.362,40,2772.6,2210.6,2057.4
196747.402,40,2657,2176.6,2046.8
196747.442,40,2588.6,2160.6,2046.6
196747.482,40,2569.6,2158.8,2047
196747.522,40,2608.6,2172.2,2048.2
196747.562,40,2661.8,2182.8,2053
196747.602,40,2734,2214.4,2059.8
196747.642,40,2804.6,2249.4,2068.4
196747.682,40,2901,2314.6,2083.2
196747.722,40,2935.2,2400.6,2105.2
196747.762,40,2903.8,2518,2142
196747.802,40,2782.6,2629.6,2186.8
196747.842,40,2635,2727.4,2241.4
196747.882,40,2507.8,2762.2,2301.4
196747.922,40,2423.2,2756.6,2340.2
196747.962,40,2384.8,2742.4,2365.4
196748.002,40,2394.4,2734.8,2350.2
196748.042,40,2443.4,2777.4,2346.8
196748.082,40,2505.4,2775.8,2311
196748.122,40,2628.2,2763.8,2271.8
196748.162,40,2786.6,2715.4,2227.2
196748.202,40,2943.6,2621.8,2179.8
196748.242,40,3099.6,2540.4,2147.6
196748.282,40,3162.6,2438.2,2113.6
196748.322,40,3105,2339.6,2088
196748.362,40,2957.2,2267.8,2072.4
196748.402,40,2826.8,2224,2060.2
196748.442,40,2665.8,2194.6,2056.4
196748.482,40,2608.2,2178.2,2046.8
196748.522,40,2624.2,2178.2,2050.8
196748.562,40,2710.4,2190,2046.4
196748.602,40,2761.2,2206.6,2053.8
196748.642,40,2793.6,2240.8,2061
196748.682,40,2864.2,2290,2076.2
196748.722,40,2911.2,2359.8,2093
196748.762,40,2914.4,2460.6,2126.2
196748.802,40,2824.6,2571.8,2164
196748.842,40,2690.2,2684.8,2218.6
196748.882,40,2560.2,2750.8,2273.8
196748.922,40,2449.8,2770.4,2333.2
196748.962,40,2389,2750.2,2363
196749.002,40,2370.8,2730.4,2368.4
196749.042,40,2401,2776.4,2369.6
196749.082,40,2435.4,2756.8,2341.8
196749.122,40,2517,2761.6,2303.2
196749.162,40,2643.2,2723.8,2257.4
196749.202,40,2783.6,2656.2,2212
196749.242,40,2950,2590.4,2171
196749.282,40,3031.4,2485.2,2138
196749.322,40,3075,2400,2106.4
196749.362,40,3038.2,2320.2,2087.2
196749.402,40,2897.8,2249.8,2070.4
196749.442,40,2775.6,2210.6,2056
196749.482,40,2626.8,2177.4,2054.4
196749.522,40,2577.8,2166,2044.8
196749.562,40,2611.4,2166.6,2045.8
196749.602,40,2666.2,2179,2046.2
196749.642,40,2712.4,2199,2052.2
196749.682,40,2767.2,2232.8,2062.4
196749.722,40,2835.4,2284,2079.8
196749.762,40,2889.6,2359.4,2094
196749.802,40,2863,2458,2126
196749.842,40,2757.8,2550.6,2169.4
196749.882,40,2648.6,2648.6,2214.2
196749.922,40,2553.4,2751.8,2277.2
196749.962,40,2468.2,2757.8,2314.2
196750.002,40,2425.8,2791.4,2347
196750.042,40,2422.6,2799.4,2357.6
196750.082,40,2458.6,2829.2,2352.6
196750.122,40,2497.2,2813.2,2326.6
196750.162,40,2591.2,2778.6,2283.4
196750.202,40,2745,2740.6,2233.6
196750.242,40,2903.2,2643.8,2191.8
196750.282,40,3022,2533.2,2152
196750.322,40,2997.2,2408.8,2113.2
196750.362,40,2903,2317.4,2091.4
196750.402,40,2778.6,2250,2072.2
196750.442,40,2664.8,2202.8,2064.4
196750.482,40,2584.4,2180,2053.6
196750.522,40,2540.8,2166.6,2050.2
196750.562,40,2546.8,2165.4,2047.8
196750.602,40,2568.8,2179.6,2056.8
196750.642,40,2594.2,2182.6,2054.2
196750.682,40,2600.8,2195.2,2056.4
196750.722,40,2625.4,2202.6,2061.4
196750.762,40,2693.6,2229,2060.8
196750.802,40,2742.4,2255.2,2071.6
196750.842,40,2788.2,2286.2,2077.2
196750.882,40,2841.8,2345,2090.6
196750.922,40,2874.4,2420.2,2112.8
196750.962,40,2851.8,2534,2151.8
196751.002,40,2764.6,2675.4,2202
196751.042,40,2638.2,2805.2,2264.8
196751.082,40,2531.8,2892.4,2333.4
196751.122,40,2527.8,2903.6,2341.8
196751.162,40,2594.4,2836.2,2297.8
196751.202,40,2689,2767.6,2248.2
196751.242,40,2802,2647.2,2197.2
196751.282,40,2927.2,2546.6,2157.6
196751.322,40,2923.4,2422.8,2118.8
196751.362,40,2874.2,2330.6,2098.2
196751.402,40,2765,2273.2,2079.4
196751.442,40,2689.6,2225.2,2066
196751.482,40,2629,2202,2063.4
196751.522,40,2612.8,2201.2,2057.6
196751.562,40,2662.8,2214.2,2059.6
196751.602,40,2736.8,2241.2,2068.8
196751.642,40,2818,2285.4,2080.4
196751.682,40,2876.4,2347.6,2091
196751.722,40,2917.2,2456.8,2121
196751.762,40,2843.8,2597.2,2167.8
196751.802,40,2708.4,2747.2,2231.2
196751.842,40,2603.8,2844.4,2291
196751.882,40,2640.8,2822.4,2272.4
196751.922,40,2733.6,2739,2231.8
196751.962,40,2824.6,2626,2185.4
196752.002,40,2900,2513.8,2144
196752.042,40,2911,2405.2,2119.8
196752.082,40,2828.8,2321,2092.2
196752.122,40,2755,2263.4,2076.4
196752.162,40,2693.4,2232.8,2070.6
196752.202,40,2648.8,2218.2,2064
196752.242,40,2654.2,2215,2061.4
196752.282,40,2691.2,2232.2,2064
196752.322,40,2773.4,2259.2,2072.2
196752.362,40,2839,2302.8,2080.2
196752.402,40,2898.6,2365.2,2094
196752.442,40,2931,2466.4,2124.6
196752.482,40,2863.8,2603.2,2167.6
196752.522,40,2756.6,2720.2,2215.2
196752.562,40,2672.6,2801.2,2256
196752.602,40,2717.6,2760,2236.4
196752.642,40,2819.6,2653.2,2193.2
196752.682,40,2914.4,2540.2,2153.2
196752.722,40,2921.6,2418.2,2120
196752.762,40,2864,2327.4,2097.8
196752.802,40,2764.8,2264,2078.8
196752.842,40,2672.4,2219.4,2065.2
196752.882,40,2597.6,2193.4,2061.2
196752.922,40,2596.6,2182,2050.8
196752.962,40,2626,2188.2,2054.8
196753.002,40,2688,2210.2,2056.8
196753.042,40,2756,2242.4,2061.4
196753.082,40,2844,2296,2080.6
196753.122,40,2939.4,2387.2,2097.2
196753.162,40,2956.6,2513.2,2134.4
196753.202,40,2869.8,2651,2176.8
196753.242,40,2775.2,2735.2,2211.8
196753.282,40,2791,2740.2,2213.6
196753.322,40,2912,2682.4,2184
196753.362,40,2982.2,2572,2153
196753.402,40,3001.2,2442.8,2122.6
196753.442,40,2924.8,2337.4,2096.2
196753.482,40,2810.2,2269.8,2078.8
196753.522,40,2698,2224.8,2066
196753.562,40,2613.8,2194.2,2052.6
196753.602,40,2584.4,2184.8,2053.8
196753.642,40,2592,2190,2059
196753.682,40,2639.6,2207.8,2054.8
196753.722,40,2704,2228.2,2063.8
196753.762,40,2773.8,2263.8,2075.6
196753.802,40,2838.8,2297.4,2081.2
196753.842,40,2900.8,2350.4,2089.8
196753.882,40,2926.2,2396.8,2104.2
