91782.978,40,2673,2601.2,2171.4
91783.018,40,2680.6,2605.2,2169.8
91783.058,40,2678.8,2605.4,2168.4
91783.098,40,2684,2604.8,2170.8
91783.138,40,2684.4,2603,2170
91783.178,40,2684.4,2602.2,2167.4
91783.218,40,2678.8,2611.8,2170.2
91783.258,40,2678.8,2617,2179
91783.298,40,2661.8,2624.6,2175.8
91783.338,40,2655,2641.8,2182.6
91783.378,40,2637,2646.8,2186.8
91783.418,40,2625,2658,2195.8
91783.458,40,2612.8,2662.2,2194.6
91783.498,40,2614.8,2653.2,2196.4
91783.538,40,2630.6,2626.4,2183.6
91783.578,40,2675.2,2589.4,2175.2
91783.618,40,2725.8,2529.8,2148
91783.658,40,2782.4,2469.4,2131.4
91783.698,40,2811.4,2409.8,2114
91783.738,40,2820.4,2352,2096.6
91783.778,40,2795.4,2307.4,2084.4
91783.818,40,2745.4,2270.6,2076.4
91783.858,40,2700.2,2244.6,2071.2
91783.898,40,2667.4,2231,2066
91783.938,40,2654.2,2224.2,2068.6
91783.978,40,2650,2226.6,2064.8
91784.018,40,2652.4,2237.2,2071.2
91784.058,40,2661,2242.8,2067.8
91784.098,40,2670,2253.4,2074.8
91784.138,40,2677.6,2263.8,2077.6
91784.178,40,2688.4,2275.2,2075.6
91784.218,40,2697.6,2295.8,2081.4
91784.258,40,2695,2318.2,2092.6
91784.298,40,2691,2354.2,2099
91784.338,40,2684.4,2410.6,2116.4
91784.378,40,2676.8,2491.6,2137.6
91784.418,40,2632,2579.8,2172.8
91784.458,40,2570.2,2652.4,2204.4
91784.498,40,2519.6,2707.6,2233.6
91784.538,40,2497.8,2735,2248.6
91784.578,40,2516.8,2699.4,2236.6
91784.618,40,2580.2,2649.6,2206.6
91784.658,40,2676.4,2569.8,2168
91784.698,40,2765.6,2469.4,2136.8
91784.738,40,2805.4,2381.2,2108.8
91784.778,40,2751.4,2300.6,2088.2
91784.818,40,2678.8,2245.6,2069.6
91784.858,40,2611,2210.6,2065.2
91784.898,40,2557,2189.8,2055.6
91784.938,40,2553.6,2189.2,2059.6
91784.978,40,2570.6,2194.6,2059.6
91785.018,40,2597.8,2214.6,2063.6
91785.058,40,2631.2,2243.4,2069.2
91785.098,40,2674,2290.8,2081.4
91785.138,40,2698,2349.4,2099.6
91785.178,40,2677.6,2426.4,2123.6
91785.218,40,2609.6,2528.4,2165
91785.258,40,2522.6,2611.8,2207.8
91785.298,40,2447,2684.8,2249
91785.338,40,2418.2,2740.6,2289.6
91785.378,40,2454.2,2696.2,2256.6
91785.418,40,2545.8,2661.2,2219.6
91785.458,40,2669,2606,2181.2
91785.498,40,2788.6,2496.4,2143
91785.538,40,2852.4,2399.4,2113.4
91785.578,40,2786.8,2308.2,2087.8
91785.618,40,2716.4,2255,2071.6
91785.658,40,2639.6,2213.4,2060.4
91785.698,40,2585.4,2190,2062.4
91785.738,40,2572.4,2188.2,2055.4
91785.778,40,2588.8,2199.8,2059.2
91785.818,40,2612.6,2220.4,2067.2
91785.858,40,2637.6,2261,2071.6
91785.898,40,2684.2,2318,2082.4
91785.938,40,2708,2411.8,2113.6
91785.978,40,2641,2517.2,2151.4
91786.018,40,2545.8,2626.2,2203.6
91786.058,40,2450.6,2701.4,2261
91786.098,40,2392.6,2756.6,2304.6
91786.138,40,2421.2,2714,2278.6
91786.178,40,2487.8,2683.6,2247.8
91786.218,40,2582.4,2629.2,2202.8
91786.258,40,2708.4,2545,2169
91786.298,40,2782,2444.2,2136.6
91786.338,40,2761,2349,2105.4
91786.378,40,2723.8,2284.6,2084.4
91786.418,40,2651.8,2240.2,2068.4
91786.458,40,2586.2,2209.2,2065.6
91786.498,40,2568.8,2194.8,2060.8
91786.538,40,2576.6,2206,2062.4
91786.578,40,2604.6,2220.8,2061.4
91786.618,40,2648,2247.2,2073.6
91786.658,40,2648,2294.4,2081.2
91786.698,40,2713.6,2372.4,2107.2
91786.738,40,2683.4,2474.8,2136.6
91786.778,40,2603.2,2585.4,2180
91786.818,40,2507.2,2683.4,2233.6
91786.858,40,2430.2,2746.8,2284.8
91786.898,40,2429.6,2816.6,2307.8
91786.938,40,2474.2,2749.2,2270.2
91786.978,40,2548.6,2682.2,2228.6
91787.018,40,2643,2593.4,2186.4
91787.058,40,2747.6,2487,2146.6
91787.098,40,2781.6,2392.6,2109.6
91787.138,40,2750.6,2306.8,2090.8
91787.178,40,2666.2,2249,2071.6
91787.218,40,2605.4,2209,2064.8
91787.258,40,2537.4,2187,2056.4
91787.298,40,2518.4,2175.6,2054.6
91787.338,40,2546.8,2191.8,2063.8
91787.378,40,2587.6,2211.2,2062.2
91787.418,40,2650.2,2248.4,2071
91787.458,40,2698.4,2303.6,2083.8
91787.498,40,2719,2374.8,2102.6
91787.538,40,2694,2464.2,2135.4
91787.578,40,2627,2576.6,2172.2
91787.618,40,2546.2,2678,2218.8
91787.658,40,2480.8,2751.6,2261.8
91787.698,40,2471.6,2796.4,2282.8
91787.738,40,2527.8,2739,2248
91787.778,40,2608.2,2676.8,2215.2
91787.818,40,2716.2,2594.2,2170.8
91787.858,40,2799.4,2475.2,2137.6
91787.898,40,2826.2,2380.4,2109.2
91787.938,40,2753.2,2302.8,2086.6
91787.978,40,2691.6,2255,2074
91788.018,40,2624.2,2219.2,2066.2
91788.058,40,2582.4,2204.6,2064
91788.098,40,2576.2,2204.4,2061.4
91788.138,40,2605,2222.2,2062
91788.178,40,2644.4,2248.2,2072
91788.218,40,2650.6,2280.4,2082.6
91788.258,40,2699.8,2351.2,2095.2
91788.298,40,2684.8,2433.4,2123
91788.338,40,2624,2528,2159
91788.378,40,2542,2617.2,2200.8
91788.418,40,2473.4,2681.8,2244.2
91788.458,40,2429.4,2724.4,2280.8
91788.498,40,2442.4,2726.2,2277.2
91788.538,40,2478,2675.4,2243.2
91788.578,40,2549.6,2627.2,2211.4
91788.618,40,2653.6,2549.8,2169.6
91788.658,40,2757.4,2463,2139.8
91788.698,40,2752.2,2363.2,2108.8
91788.738,40,2731.8,2288.6,2089
91788.778,40,2655.4,2244,2072.2
91788.818,40,2608.8,2211.6,2064
91788.858,40,2560.6,2190.6,2061
91788.898,40,2548.4,2190.6,2058.8
91788.938,40,2570,2201.2,2065.8
91788.978,40,2610,2221.6,2059.6
91789.018,40,2631.6,2249.8,2074.6
91789.058,40,2694,2306.4,2085.8
91789.098,40,2718.2,2374,2102.4
91789.138,40,2691.2,2465,2133.8
91789.178,40,2607,2563,2169.8
91789.218,40,2526.8,2641,2213
91789.258,40,2452.4,2705.8,2257.2
91789.298,40,2422.6,2735,2283
91789.338,40,2443.4,2676.6,2255
91789.378,40,2501.4,2632.4,2224.4
91789.418,40,2586.8,2569,2187.2
91789.458,40,2671,2476.6,2148.4
91789.498,40,2716.4,2387.4,2117.2
91789.538,40,2783.6,2330.4,2093.4
91789.578,40,2711.2,2270,2082.6
91789.618,40,2645.2,2237.8,2074
91789.658,40,2603,2215,2064.4
91789.698,40,2591.8,2206.4,2062
91789.738,40,2605.2,2217.6,2062.4
91789.778,40,2642.2,2232.6,2067.4
91789.818,40,2667.4,2263,2076.2
91789.858,40,2672.6,2312.8,2091.2
91789.898,40,2710.8,2400.8,2110
91789.938,40,2675.4,2508.2,2144
91789.978,40,2593,2619.2,2185.6
91790.018,40,2511.2,2712,2238.6
91790.058,40,2455,2783.2,2282
91790.098,40,2467.4,2747.6,2268.8
91790.138,40,2533,2703.8,2237
91790.178,40,2605.8,2628,2200
91790.218,40,2696.4,2535,2163.4
91790.258,40,2765,2433.6,2133.2
91790.298,40,2761,2348.4,2104.4
91790.338,40,2714,2287.8,2083.8
91790.378,40,2678,2240.8,2073
91790.418,40,2617.2,2214.6,2068.2
91790.458,40,2579,2193.6,2059.2
91790.498,40,2596,2203,2062.2
91790.538,40,2625,2217.8,2065
91790.578,40,2659.6,2251.6,2072.4
91790.618,40,2669.2,2285.4,2084
91790.658,40,2668.6,2338.6,2096.4
91790.698,40,2701.6,2444,2124.8
91790.738,40,2637.2,2547.8,2162.8
91790.778,40,2563.4,2638,2200.2
91790.818,40,2492.8,2711.8,2242.6
91790.858,40,2459.4,2753.2,2273.8
91790.898,40,2475,2732.2,2259.6
91790.938,40,2534.2,2681.2,2230
91790.978,40,2623.6,2613,2191.2
91791.018,40,2725.8,2513.6,2152.8
91791.058,40,2770.2,2411.6,2121.6
91791.098,40,2749.2,2321.6,2091.2
91791.138,40,2726,2276.2,2079.4
91791.178,40,2643.8,2232,2068.6
91791.218,40,2590.8,2202.4,2065.8
91791.258,40,2584.6,2197.8,2060.8
91791.298,40,2610.6,2214.2,2064.4
91791.338,40,2645.2,2232.2,2067.2
91791.378,40,2668.2,2259.6,2074.4
91791.418,40,2669,2309,2086.6
91791.458,40,2706.6,2403.6,2113.2
91791.498,40,2662.4,2501,2146
91791.538,40,2585.4,2616.4,2189.4
91791.578,40,2494,2712.8,2244.2
91791.618,40,2427.4,2778.2,2297.4
91791.658,40,2438.6,2809.4,2303.4
91791.698,40,2493,2758.2,2265.2
91791.738,40,2552.2,2681.6,2230
91791.778,40,2645,2599.8,2188.2
91791.818,40,2744.2,2490.6,2150
91791.858,40,2793,2401.6,2113.8
91791.898,40,2716.6,2305.2,2086.6
91791.938,40,2704.6,2258.2,2070.6
91791.978,40,2627.8,2220.6,2067.6
91792.018,40,2582.6,2196,2055.6
91792.058,40,2558.6,2190.4,2057.4
91792.098,40,2593,2202.4,2060.8
91792.138,40,2634.6,2218,2066.6
91792.178,40,2660.2,2249.2,2071.8
91792.218,40,2670,2289.6,2086.8
91792.258,40,2723.4,2380.4,2106.6
91792.298,40,2712.2,2484.2,2134.8
91792.338,40,2649.2,2605.2,2173.8
91792.378,40,2577.6,2722.8,2216.8
91792.418,40,2522.6,2811.6,2266.4
91792.458,40,2537.6,2883.6,2283
91792.498,40,2611,2828.2,2245.8
91792.538,40,2715.2,2736.6,2209.6
91792.578,40,2838.2,2614,2164.6
91792.618,40,2914.4,2470,2125.6
91792.658,40,2899.4,2369.8,2104
91792.698,40,2786.2,2285,2081.2
91792.738,40,2684.6,2234,2066.8
91792.778,40,2587,2197.2,2059.6
91792.818,40,2522.4,2173.8,2055
91792.858,40,2505,2171.2,2050.6
91792.898,40,2532.8,2182.6,2053.4
91792.938,40,2585.2,2210.2,2060
91792.978,40,2653.8,2250.4,2074.2
91793.018,40,2694.2,2306.4,2082.8
91793.058,40,2708,2384,2108
91793.098,40,2686.4,2479.2,2137.6
91793.138,40,2617.8,2582.6,2175.2
91793.178,40,2550.2,2683.2,2220
91793.218,40,2493.8,2767.2,2258.6
91793.258,40,2502.4,2808,2268
91793.298,40,2583,2753.2,2234.2
91793.338,40,2672,2668.6,2197.2
91793.378,40,2792.2,2561,2158.8
91793.418,40,2854.8,2441,2121.8
91793.458,40,2827.8,2347.4,2095.2
91793.498,40,2738.4,2272.8,2080.2
91793.538,40,2646.6,2228.2,2067.8
91793.578,40,2573.2,2199.6,2056.8
91793.618,40,2541.6,2183.2,2057.2
91793.658,40,2544,2186.8,2059.2
91793.698,40,2583,2206.8,2061
91793.738,40,2624.8,2228.6,2066
91793.778,40,2648.2,2269,2075.8
91793.818,40,2708,2333,2089
91793.858,40,2707,2422.4,2116.6
91793.898,40,2655,2533.4,2153.2
91793.938,40,2576.4,2647.6,2201.6
91794.065,127,2514.4,2758.2,2253.6
91794.105,40,2601.2,2710.8,2222.2
91794.145,40,2683.6,2633.2,2185.4
91794.185,40,2751.4,2503.2,2150.4
91794.225,40,2792.4,2408,2120.6
91794.265,40,2744.2,2322.8,2092.8
91794.305,40,2703.6,2266.2,2074.8
91794.345,40,2635.4,2225,2067.6
91794.385,40,2580,2196.4,2059
91794.425,40,2579,2189.4,2059.6
91794.465,40,2589.8,2201.8,2058.8
91794.505,40,2618.4,2213.4,2060.6
91794.545,40,2639.8,2239.4,2073
91794.585,40,2656.4,2273,2078.2
91794.625,40,2710.4,2345.8,2093.2
91794.665,40,2713.6,2437.4,2117
91794.705,40,2665.6,2544.2,2155.6
91794.745,40,2598.4,2663.2,2199.2
91794.785,40,2518.8,2775,2249.8
91794.825,40,2492.6,2844.6,2283.4
91794.865,40,2578.4,2823,2263
91794.905,40,2677.6,2788.4,2232.2
91794.945,40,2793.8,2706,2199.6
91794.985,40,2896.2,2576.6,2155
91795.025,40,2884.8,2446,2120.6
91795.065,40,2813.2,2344.8,2099.2
91795.105,40,2722.4,2276,2085.6
91795.145,40,2643,2224.8,2068.6
91795.185,40,2587.4,2201.2,2061.6
91795.225,40,2564,2187.4,2056.2
91795.265,40,2569.4,2194.2,2057.6
91795.305,40,2620.6,2211,2061.4
91795.345,40,2664.4,2235.6,2068.8
91795.385,40,2659.8,2256.8,2074.2
91795.425,40,2704.8,2314,2089.6
91795.465,40,2705.6,2377.8,2103
91795.505,40,2676.6,2449,2130.8
91795.545,40,2620.4,2531.6,2160.6
91795.585,40,2568.2,2609.6,2193.4
91795.625,40,2516,2659.4,2219
91795.665,40,2513.2,2697.8,2229
91795.705,40,2574.4,2658.8,2212
91795.745,40,2667.2,2608.2,2185.2
91795.785,40,2777.2,2526.8,2149.6
91795.825,40,2869.6,2435.4,2121
91795.865,40,2877.2,2346.8,2094.6
91795.905,40,2815.2,2282.8,2075.2
91795.945,40,2725,2235.6,2068.2
91795.985,40,2645.8,2204.6,2057
91796.025,40,2626.2,2195.2,2053.4
91796.065,40,2637.2,2195.8,2056.6
91796.105,40,2662.8,2211.6,2058.6
91796.145,40,2686.2,2235.8,2064.8
91796.185,40,2715.8,2270.2,2074.6
91796.225,40,2732.4,2319.4,2089
91796.265,40,2763,2412,2110.4
91796.305,40,2718.8,2514.2,2138.4
91796.345,40,2640.8,2633.4,2181.8
91796.385,40,2547.6,2729,2230.4
91796.425,40,2481.6,2797.6,2273.8
91796.465,40,2500.8,2824.6,2283.2
91796.505,40,2534,2748,2252.6
91796.545,40,2613.4,2666.8,2214.4
91796.585,40,2702.2,2546.8,2167.2
91796.625,40,2806.2,2452.4,2134
91796.665,40,2764.2,2341.4,2101.2
91796.705,40,2720,2274,2078
91796.745,40,2630.4,2220.8,2064.4
91796.785,40,2572.2,2189.2,2057.4
91796.825,40,2527.8,2174,2053.2
91796.865,40,2526,2177.4,2053.6
91796.905,40,2557.4,2184.2,2054.8
91796.945,40,2599.2,2209,2057.4
91796.985,40,2642.2,2237.2,2068
91797.025,40,2699,2284.8,2077
91797.065,40,2716.8,2341.4,2093.8
91797.105,40,2704.6,2415.2,2116.2
91797.145,40,2657.2,2498,2148.6
91797.185,40,2602.8,2578.8,2179.4
91797.225,40,2545.6,2650.2,2207
91797.265,40,2508.4,2704.6,2235.4
91797.305,40,2517.6,2733.6,2244.6
91797.345,40,2601.8,2693.2,2210
91797.385,40,2718.2,2614.4,2175.6
91797.425,40,2841.8,2511.8,2138.4
91797.465,40,2908,2407.6,2111.2
91797.505,40,2875.4,2322.4,2088.8
91797.545,40,2777.2,2259.4,2071.8
91797.585,40,2684.2,2218.6,2061.2
91797.625,40,2612,2192.4,2056.8
91797.665,40,2584,2183.8,2052.4
91797.705,40,2595,2191,2052.2
91797.745,40,2626,2208.2,2060.6
91797.785,40,2648,2234.4,2068.4
91797.825,40,2701.4,2286.4,2077.2
91797.865,40,2746.8,2374,2097.4
91797.905,40,2711.8,2474,2132.6
91797.945,40,2635.4,2580.6,2169.6
91797.985,40,2535.8,2676.6,2221.6
91798.025,40,2463.6,2732.2,2263.2
91798.065,40,2425,2756.2,2286.8
91798.105,40,2452,2710.8,2265.4
91798.145,40,2498.4,2671.6,2238
91798.185,40,2579.2,2608.2,2199.6
91798.225,40,2696.2,2526.8,2163.6
91798.265,40,2734,2420.8,2131
91798.305,40,2758.4,2345.6,2102.6
91798.345,40,2717.4,2282.8,2083.4
91798.385,40,2659,2237.6,2071
91798.425,40,2612.2,2207.6,2065
91798.465,40,2588,2197.6,2058.2
91798.505,40,2598.6,2204.2,2061.8
91798.545,40,2638,2230.2,2065
91798.585,40,2664.8,2260,2073.8
91798.625,40,2664.4,2298.2,2086.4
91798.665,40,2702.6,2373,2106.6
91798.705,40,2666.6,2453.2,2131.8
91798.745,40,2607,2538.4,2165.6
91798.785,40,2533.6,2614,2200.8
91798.825,40,2471.6,2674.8,2238.8
91798.865,40,2448.4,2718.8,2265.4
91798.905,40,2478,2716.8,2252.2
91798.945,40,2557.6,2679.8,2217.4
91798.985,40,2667,2621.2,2187.2
91799.025,40,2798.8,2534.6,2147.4
91799.065,40,2908.4,2435.2,2116.2
91799.105,40,2876.8,2341.8,2094.4
91799.145,40,2805.6,2276.6,2073.2
91799.185,40,2721.8,2227.6,2064.6
91799.225,40,2628,2196.8,2052
91799.265,40,2615.6,2183.8,2050.4
91799.305,40,2624.4,2192,2055.2
91799.345,40,2660.8,2215.4,2056
91799.385,40,2691.4,2235.6,2063.8
91799.425,40,2709.2,2280.6,2076
91799.465,40,2773.2,2356,2091.8
91799.505,40,2760.6,2442.8,2118
91799.545,40,2698.2,2548.8,2151
91799.585,40,2604,2644.4,2194
91799.625,40,2528.6,2704.6,2234.6
91799.665,40,2470.8,2741,2261.6
91799.705,40,2465.4,2701.4,2256.8
91799.745,40,2485.2,2645.4,2226.2
91799.785,40,2554.2,2616.2,2206.4
91799.825,40,2600.8,2497.8,2162.8
91799.865,40,2662.4,2421,2131.2
91799.905,40,2726.4,2363.2,2110.2
91799.945,40,2766,2311.6,2090.8
91799.985,40,2685.4,2256,2079.2
91800.025,40,2620.2,2220,2065.2
91800.065,40,2563.2,2193.2,2060
91800.105,40,2553.4,2188,2054.4
91800.145,40,2577.6,2198,2060.4
91800.185,40,2606.4,2215,2060.4
91800.225,40,2643.4,2240,2068.6
91800.265,40,2657,2276.4,2083.8
91800.305,40,2716.4,2355,2096
91800.345,40,2690.2,2437.2,2123
91800.385,40,2620,2524.2,2158.4
91800.425,40,2535.4,2606.8,2198.2
91800.465,40,2466.6,2661.4,2237.8
91800.505,40,2414.6,2694.2,2268.4
91800.545,40,2416,2684.6,2264.8
91800.585,40,2460.8,2645.2,2234.2
91800.625,40,2553.8,2610.8,2209.8
91800.665,40,2672.2,2529.4,2166.8
91800.705,40,2772.6,2451.4,2133.2
91800.745,40,2778,2356.8,2103.8
91800.785,40,2720,2287.2,2082
91800.825,40,2647.2,2235.6,2070.2
91800.865,40,2572,2201.8,2061.4
91800.905,40,2533.2,2180.8,2055.2
91800.945,40,2539.8,2182,2058.4
91800.985,40,2559.4,2196.8,2057.8
91801.025,40,2602.8,2219.8,2063
91801.065,40,2630.4,2248.8,2075.6
91801.105,40,2690.8,2308.6,2081.8
91801.145,40,2696.4,2370.8,2104.4
91801.185,40,2666.2,2463.6,2135.6
91801.225,40,2592.6,2550.6,2169
91801.265,40,2513.2,2627.2,2209.6
91801.305,40,2450.2,2676.8,2247.6
91801.345,40,2410.4,2714.6,2280.4
91801.385,40,2436,2676.8,2255.4
91801.425,40,2498.4,2642,2226.8
91801.465,40,2566.4,2580,2197.2
91801.505,40,2677.2,2511.2,2158.2
91801.545,40,2759,2420,2130.4
91801.585,40,2755.4,2337,2099.6
91801.625,40,2705.6,2272.6,2082.2
91801.665,40,2636.4,2224.4,2066.8
91801.705,40,2565.2,2192.8,2059.4
91801.745,40,2534.6,2180.2,2050
91801.785,40,2536.4,2183.6,2052.4
91801.825,40,2567,2197.4,2058
91801.865,40,2594.2,2215.6,2063.6
91801.905,40,2650.6,2253.4,2074.4
91801.945,40,2691.2,2305.2,2086
91801.985,40,2696,2368.2,2104
91802.025,40,2671.8,2447.8,2131.6
91802.065,40,2609,2521.8,2160
91802.105,40,2537.4,2593.8,2192.2
91802.145,40,2479.4,2647,2226.2
91802.185,40,2451,2680,2247.8
91802.225,40,2460,2668.8,2244.6
91802.265,40,2516.6,2631.2,2213.6
91802.305,40,2608.4,2572.4,2182.8
91802.345,40,2712.2,2484.4,2142.8
91802.385,40,2810.6,2399.8,2114.2
91802.425,40,2768.6,2314.2,2088.2
91802.465,40,2706.2,2253.4,2073.8
91802.505,40,2627.4,2205.8,2062
91802.545,40,2569.4,2188.2,2052
91802.585,40,2531.8,2175.2,2052.8
91802.625,40,2543.6,2180,2052
91802.665,40,2573.6,2199.4,2056.2
91802.705,40,2608.6,2225.6,2066.8
91802.745,40,2663.4,2275,2078.6
91802.785,40,2699.2,2347,2103
91802.825,40,2663.4,2441.2,2127.4
91802.865,40,2587.2,2541.4,2166.6
91802.905,40,2495,2611.4,2215.6
91802.945,40,2415.6,2663,2262.4
91802.985,40,2365.6,2681.2,2293.6
91803.025,40,2383.6,2722.4,2298.2
91803.065,40,2421.6,2638.4,2253.2
91803.105,40,2514.6,2613.6,2217.4
91803.145,40,2621.8,2545,2178.8
91803.185,40,2686,2441.8,2137.6
91803.225,40,2793.4,2386.2,2113.6
91803.265,40,2714,2297.2,2087.4
91803.305,40,2670,2249.4,2074
91803.345,40,2602.4,2211.4,2065
91803.385,40,2548.6,2183.8,2060.8
91803.425,40,2537,2182,2056.6
91803.465,40,2565.6,2195.4,2062.8
91803.505,40,2588.4,2209.6,2060.6
91803.545,40,2625.2,2242.2,2070.6
91803.585,40,2688.6,2293.8,2080.6
91803.625,40,2723.8,2362.6,2098.4
91803.665,40,2708.6,2450.8,2123.6
91803.705,40,2649.4,2538.4,2160.8
91803.745,40,2569,2638,2204
91803.785,40,2502.8,2702.4,2242
91803.825,40,2457,2746.8,2275.2
91803.865,40,2456.6,2755.4,2272.4
91803.905,40,2521.4,2711.4,2239
91803.945,40,2622.2,2643.2,2205.2
91803.985,40,2716.8,2539.4,2159.2
91804.025,40,2798.6,2440,2127.4
91804.065,40,2778,2342.8,2100.2
91804.105,40,2710,2272.2,2082.2
91804.145,40,2636,2227.4,2067.8
91804.185,40,2585.6,2199.8,2060.8
91804.225,40,2548.2,2188.8,2057.6
91804.265,40,2570,2191.2,2059.8
91804.305,40,2616,2206.4,2060.4
91804.345,40,2668.4,2228.2,2068.8
91804.385,40,2663.8,2258.4,2070.6
91804.425,40,2682.2,2292.2,2078.4
91804.465,40,2714.8,2356,2099
91804.505,40,2692.2,2432.2,2119.6
91804.545,40,2645,2525,2152.2
91804.585,40,2568.6,2605.2,2191.6
91804.625,40,2495.2,2678.4,2228.8
91804.665,40,2453.2,2746,2269.2
91804.705,40,2440.6,2778.2,2286
91804.745,40,2516.4,2750.4,2255.6
91804.785,40,2611.4,2688.4,2216.2
91804.825,40,2761.4,2601.2,2169.6
91804.865,40,2840,2473.6,2134
91804.905,40,2823.8,2365.4,2102
91804.945,40,2744.6,2284,2082.8
91804.985,40,2650.8,2227.2,2066.4
91805.025,40,2573.2,2193.8,2059.2
91805.065,40,2535,2178.4,2055.8
91805.105,40,2541.4,2180.2,2055.8
91805.145,40,2582.2,2196,2058.4
91805.185,40,2620.4,2226.4,2066.8
91805.225,40,2642.6,2250.4,2072.8
91805.265,40,2699.4,2306.6,2085.6
91805.305,40,2701.8,2371.8,2107.6
91805.345,40,2668.2,2448.6,2129.2
91805.385,40,2604.4,2543.2,2166.4
91805.425,40,2522.8,2623.6,2205
91805.465,40,2455.2,2688.8,2252
91805.505,40,2408.2,2732,2286.6
91805.545,40,2432.4,2708,2265.4
91805.585,40,2498.6,2667.8,2236.8
91805.625,40,2598,2605.8,2196.6
91805.665,40,2729.2,2523.4,2156.4
91805.705,40,2796.8,2416.8,2122.6
91805.745,40,2751.4,2327.4,2098.2
91805.785,40,2701.6,2259.6,2080.8
91805.825,40,2627.4,2220.6,2063.8
91805.865,40,2560,2187.4,2059.6
91805.905,40,2524.2,2174.6,2051
91805.945,40,2537.6,2180.6,2052
91805.985,40,2574.2,2193.8,2056
91806.025,40,2605.2,2220.2,2065.4
91806.065,40,2638.8,2259.6,2074.4
91806.105,40,2697.8,2314.2,2084.4
91806.145,40,2701.2,2387.4,2109.8
91806.185,40,2660.2,2471,2138.6
91806.225,40,2586,2557.4,2176.6
91806.265,40,2505.6,2632.2,2215.2
91806.305,40,2451,2678.4,2250.8
91806.345,40,2440.2,2703,2267.6
91806.385,40,2486.4,2656.6,2232.6
91806.425,40,2553,2603.6,2203.2
91806.465,40,2658.6,2538,2167.2
91806.505,40,2767.6,2462.8,2128.4
91806.545,40,2775,2371,2108.8
91806.585,40,2739.2,2296.2,2086
91806.625,40,2687.2,2248.6,2069.4
91806.665,40,2616.6,2208.8,2059.8
91806.705,40,2576,2189.6,2054
91806.745,40,2549.2,2178,2053.4
91806.785,40,2561.6,2181.4,2053.4
91806.825,40,2596,2201,2060.6
91806.865,40,2625.4,2218.8,2063.4
91806.905,40,2677.6,2268.4,2072.2
91806.945,40,2743.8,2341.8,2088.8
91806.985,40,2743,2430.6,2116.2
91807.025,40,2684.2,2539,2151.6
91807.065,40,2603.8,2644.6,2194.4
91807.105,40,2516.6,2717,2239.2
91807.145,40,2474,2763.6,2276.6
91807.185,40,2480.2,2727.4,2261
91807.225,40,2515,2655.6,2225
91807.265,40,2583.8,2589.2,2197.4
91807.305,40,2644.4,2484.8,2154
91807.345,40,2683.6,2393.4,2120
91807.385,40,2753.2,2333.8,2101.2
91807.425,40,2698.2,2269,2082.2
91807.465,40,2640.4,2227.2,2068
91807.505,40,2606.6,2200,2056.6
91807.545,40,2569.8,2187.6,2058.2
91807.585,40,2577.2,2192.2,2056.8
91807.625,40,2606.6,2208.2,2065.6
91807.665,40,2644.8,2234.8,2067
91807.705,40,2666.6,2271.8,2076.6
91807.745,40,2678.8,2323.6,2088.6
91807.785,40,2699.8,2413.4,2114
91807.825,40,2651.4,2501.4,2149
91807.865,40,2573.6,2598.4,2184
91807.905,40,2505.8,2675,2228.8
91807.945,40,2463.6,2733,2262.2
91807.985,40,2477.4,2762,2264
91808.025,40,2538.8,2711,2231.2
91808.065,40,2626.6,2646.6,2201.6
91808.105,40,2750.4,2562.2,2159.2
91808.145,40,2853.4,2462.2,2128.4
91808.185,40,2811.8,2352.6,2100.4
91808.225,40,2741.4,2278.6,2080
91808.265,40,2657.4,2227.2,2067.8
91808.305,40,2570.8,2194.2,2062.2
91808.345,40,2521.8,2172.6,2053.2
91808.385,40,2517.2,2176.2,2053.2
91808.425,40,2545.8,2190.8,2058.2
91808.465,40,2590.8,2212.4,2063.8
91808.505,40,2633.6,2248.6,2070
91808.545,40,2692.8,2301.2,2089.6
91808.585,40,2700.8,2367.8,2106.4
91808.625,40,2671,2456.6,2127.8
91808.665,40,2611.4,2553.4,2163.4
91808.705,40,2536.6,2645.4,2210
91808.745,40,2477.8,2711.2,2249.4
91808.785,40,2468.4,2759.2,2271.4
91808.825,40,2519.6,2689.8,2233
91808.865,40,2631.2,2658,2204.2
91808.905,40,2729.6,2547.4,2164.4
91808.945,40,2818.4,2438.4,2124
91808.985,40,2776.4,2339.2,2096.8
91809.025,40,2709.4,2268.8,2077.4
91809.065,40,2627,2217.8,2066.6
91809.105,40,2557.8,2188.6,2056.4
91809.145,40,2515.8,2171.8,2053.4
91809.185,40,2520.4,2176.4,2054.6
91809.225,40,2550.6,2186.4,2056
91809.265,40,2586.2,2212,2062.8
91809.305,40,2657.4,2244.2,2071.4
91809.345,40,2695.8,2291,2079
91809.385,40,2713,2340.4,2095
91809.425,40,2701.4,2414,2114.4
91809.465,40,2653.4,2494.4,2142
91809.505,40,2586.2,2585,2179.2
91809.545,40,2517.2,2669.2,2225
91809.585,40,2465.6,2735.2,2264.4
91809.625,40,2456.8,2774.4,2280.8
91809.665,40,2504.4,2718,2244.8
91809.705,40,2622.4,2692,2214.6
91809.745,40,2753.4,2599.2,2173.2
91809.785,40,2860.4,2476.2,2128.6
91809.825,40,2873.2,2373,2102.2
91809.865,40,2794,2295.8,2081.6
91809.905,40,2703.6,2240.4,2070.4
91809.945,40,2627.6,2197,2056.8
91809.985,40,2554.6,2177,2051.6
91810.025,40,2528.8,2171.4,2050.8
91810.065,40,2537.8,2180,2049.4
91810.105,40,2600.4,2207.4,2060
91810.145,40,2658.8,2239.2,2068.8
91810.185,40,2690.4,2285.6,2082.6
91810.225,40,2700.2,2350.2,2099.4
91810.265,40,2670,2427.8,2125.4
91810.305,40,2609.8,2514.4,2156.2
91810.345,40,2531.4,2582.6,2197.2
91810.385,40,2463.2,2624.8,2230
91810.425,40,2411.8,2665.6,2260.8
91810.465,40,2401.8,2678.8,2272.6
91810.505,40,2452.4,2662.6,2248.4
91810.545,40,2522.4,2611.4,2214
91810.585,40,2644.8,2567.2,2181.2
91810.625,40,2703,2450.8,2145.8
91810.665,40,2782.4,2380.8,2113.2
91810.705,40,2734.6,2306.6,2091.4
91810.745,40,2691.8,2251.6,2070.4
91810.785,40,2642.6,2220.6,2064.6
91810.825,40,2609.4,2205.4,2061.4
91810.865,40,2604.2,2204.8,2060.2
91810.905,40,2621.8,2216,2063.2
91810.945,40,2640.4,2239,2070.6
91810.985,40,2663.8,2278.2,2079.4
91811.025,40,2705.8,2343,2098.4
91811.065,40,2683,2423.2,2122
91811.105,40,2614.6,2511.6,2154.6
91811.145,40,2528.8,2581,2196.8
91811.185,40,2443.4,2637.6,2239.6
91811.225,40,2395.2,2660.8,2264.6
91811.265,40,2413,2664.4,2260.8
91811.305,40,2469.6,2618.8,2226.4
91811.345,40,2527,2535.2,2190
91811.385,40,2619,2460.6,2150
91811.425,40,2691.6,2389.8,2125
91811.465,40,2756.4,2339.2,2100
91811.505,40,2715.8,2281,2081.8
91811.545,40,2649.2,2230.8,2069.8
91811.585,40,2614,2206.4,2066
91811.625,40,2613,2201.8,2056.6
91811.665,40,2631,2217,2061.6
91811.705,40,2661.4,2232.6,2065.6
91811.745,40,2687.2,2266.2,2077
91811.785,40,2706.8,2319.8,2086.4
91811.825,40,2728.8,2415.8,2113.2
91811.865,40,2669.6,2507.2,2148.2
91811.905,40,2578.8,2612.8,2191.4
91811.945,40,2484.2,2684.6,2236.2
91811.985,40,2418.2,2719.8,2279.6
91812.025,40,2400.8,2710.4,2288.6
91812.065,40,2437.4,2673.4,2255.8
91812.105,40,2482.8,2618.2,2228.2
91812.145,40,2543.2,2527.4,2184.6
91812.185,40,2616.2,2444,2147.8
91812.225,40,2717.4,2391.8,2120.2
91812.265,40,2765.8,2335.8,2097.6
91812.305,40,2747.8,2287.2,2084
91812.345,40,2691.8,2238.2,2071.8
91812.385,40,2633.8,2216.4,2063.4
91812.425,40,2607.2,2204.2,2061
91812.465,40,2602.6,2208.2,2063
91812.505,40,2637,2225,2067
91812.545,40,2676.2,2261.2,2074.6
91812.585,40,2683.6,2290,2083
91812.625,40,2717.2,2360.6,2101.2
91812.665,40,2715.2,2462,2124.6
91812.705,40,2652,2574.8,2171.2
91812.745,40,2556.2,2671.8,2218.2
91812.785,40,2476.4,2745,2258.8
91812.825,40,2436,2780.2,2291.2
91812.865,40,2447.4,2723.4,2265
91812.905,40,2495.8,2673.4,2237
91812.945,40,2586,2615.4,2204.2
91812.985,40,2705.8,2535.2,2162.2
91813.025,40,2748.4,2429.2,2130
91813.065,40,2793.4,2354.4,2102
91813.105,40,2744.6,2289.2,2084.6
91813.145,40,2680.6,2248.6,2077.2
91813.185,40,2633.6,2215.8,2063.6
91813.225,40,2606.6,2203.8,2063.4
91813.265,40,2627.6,2209,2060.6
91813.305,40,2638,2221,2066.2
91813.345,40,2674.2,2248,2072
91813.385,40,2690.2,2282,2081.8
91813.425,40,2682,2321.2,2091.4
91813.465,40,2698.4,2410.2,2115.2
91813.505,40,2660.2,2500,2145.4
91813.545,40,2601,2594.2,2183.4
91813.585,40,2521.4,2670.4,2221.6
91813.625,40,2475,2724.8,2257.4
91813.665,40,2444.2,2772.2,2277.8
91813.705,40,2475.2,2737.2,2258.2
91813.745,40,2566.6,2704.8,2225
91813.785,40,2699.8,2615,2182.4
91813.825,40,2828.8,2498,2133
91813.865,40,2837.2,2373.6,2106.6
91813.905,40,2770.4,2295,2083.6
91813.945,40,2677.8,2234,2072
91813.985,40,2587.6,2196.6,2059.8
91814.025,40,2532,2175.2,2050.4
91814.065,40,2510.2,2169.4,2050.6
91814.105,40,2524,2180.2,2052.6
91814.145,40,2568,2197.4,2058.8
91814.185,40,2639.2,2227.6,2066.8
91814.225,40,2679,2270.2,2076.8
91814.265,40,2702.4,2327.4,2095.8
91814.305,40,2704,2399.8,2113.6
91814.345,40,2650.2,2477.4,2143
91814.385,40,2584.2,2563.8,2175.2
91814.425,40,2519.6,2624.6,2214
91814.465,40,2471.2,2675.2,2244.8
91814.505,40,2446,2708.8,2260
91814.545,40,2476.8,2688.6,2247.2
91814.585,40,2567,2659.8,2211.2
91814.625,40,2666.8,2550.4,2168.4
91814.665,40,2742.8,2451.2,2132.6
91814.705,40,2810.2,2378.8,2109.6
91814.745,40,2716.4,2291.4,2084.4
91814.785,40,2677.4,2246,2073.4
91814.825,40,2617.4,2213,2059.6
91814.865,40,2577.8,2192,2058.8
91814.905,40,2572,2192.6,2059.8
91814.945,40,2617.2,2215,2062.2
91814.985,40,2669.4,2236.4,2070
91815.025,40,2664,2269.4,2077
91815.065,40,2686,2311.8,2088
91815.105,40,2699.4,2382.2,2109.6
91815.145,40,2650.2,2457.2,2133.6
91815.185,40,2592.4,2526.6,2167.6
91815.225,40,2515.4,2593,2197.4
91815.265,40,2458.6,2644.2,2232.2
91815.305,40,2428.6,2680.2,2256.4
91815.345,40,2445.2,2690.4,2257.6
91815.385,40,2503.4,2650,2227.4
91815.425,40,2593.8,2600.6,2194
91815.465,40,2698,2523.8,2158.6
91815.505,40,2768.6,2426,2124.4
91815.545,40,2774.4,2349.2,2100.2
91815.585,40,2736.8,2289.8,2083
91815.625,40,2684.8,2247.8,2071.2
91815.665,40,2647,2221.8,2065.6
91815.705,40,2635,2217.2,2059
91815.745,40,2643,2229.4,2066.2
91815.785,40,2659.6,2252.8,2071
91815.825,40,2678,2280,2081
91815.865,40,2672.4,2329.8,2096.8
91815.905,40,2681.6,2419.2,2123
91815.945,40,2605.2,2497.8,2147.6
91815.985,40,2522.4,2575.8,2191.4
91816.025,40,2453,2616.6,2228
91816.065,40,2397.8,2643.8,2257.2
91816.105,40,2387.2,2652.4,2270
91816.145,40,2427,2644,2248.8
91816.185,40,2486.4,2623.4,2228.4
91816.225,40,2574,2572.4,2194.2
91816.265,40,2667.8,2505,2153.8
91816.305,40,2766.6,2441,2130
91816.345,40,2790.2,2375,2106.6
91816.385,40,2786.4,2320,2092.6
91816.425,40,2772.8,2282.6,2072.8
91816.465,40,2739.4,2257.2,2075.2
91816.505,40,2737.6,2244.6,2067
91816.545,40,2743.6,2259.2,2071.6
91816.585,40,2755,2281.6,2078.4
91816.625,40,2747.2,2314.2,2082.6
91816.665,40,2730,2362.8,2101.6
91816.705,40,2686.2,2436.8,2123
91816.745,40,2614.8,2538.6,2167.2
91816.785,40,2520.2,2614.4,2206.4
91816.825,40,2436.4,2659.4,2248.2
91816.865,40,2387.4,2669,2267.8
91816.905,40,2393.8,2639.2,2257.8
91816.945,40,2422.8,2605,2239
91816.985,40,2453,2557.8,2209.6
91817.025,40,2519.2,2517.2,2179.6
91817.065,40,2609.8,2476,2155.6
91817.105,40,2732.8,2443.6,2136
91817.145,40,2784.4,2387,2111.6
91817.185,40,2774,2326.8,2093
91817.225,40,2761.6,2298.8,2084.8
91817.265,40,2755,2269.4,2070
91817.305,40,2765.6,2267.8,2075.4
91817.345,40,2783.2,2277,2075.4
91817.385,40,2806,2301.4,2081.8
91817.425,40,2809,2337.6,2088.2
91817.465,40,2793.2,2390.8,2104
91817.505,40,2738.8,2470.4,2126.6
91817.545,40,2652.4,2573.2,2167.4
91817.585,40,2553.2,2658.2,2215.2
91817.625,40,2460.8,2700,2254
91817.665,40,2414,2709.6,2280
91817.705,40,2417.6,2674.4,2263.4
91817.745,40,2450,2638.8,2239.2
91817.785,40,2495,2594,2215.6
91817.825,40,2569.4,2518,2175.4
91817.865,40,2670.2,2457.2,2139
91817.905,40,2752.4,2390.8,2118.6
91817.945,40,2740,2319.8,2093.8
91817.985,40,2691.8,2261.8,2076.4
91818.025,40,2646,2223.8,2066.2
91818.065,40,2610.6,2207.2,2063
91818.105,40,2597.4,2201.4,2063.8
91818.145,40,2615.6,2212.4,2064.6
91818.185,40,2644,2231.6,2065
91818.225,40,2663,2260.6,2071.8
91818.265,40,2680.2,2311,2090.6
91818.305,40,2692,2394,2114
91818.345,40,2630.4,2487,2147.8
91818.385,40,2536.6,2574,2186.2
91818.425,40,2460.8,2632.4,2230.4
91818.465,40,2412.6,2671.8,2260.2
91818.505,40,2433.2,2641.8,2246.4
91818.545,40,2497,2628.4,2221.2
91818.585,40,2572.4,2582.8,2192
91818.625,40,2685.2,2507,2156.6
91818.665,40,2809.4,2434.4,2122
91818.705,40,2809.4,2346,2095.2
91818.745,40,2773.4,2281,2081
91818.785,40,2695,2230.6,2068.8
91818.825,40,2641,2199.8,2058.4
91818.865,40,2596.8,2187.6,2051.8
91818.905,40,2598.8,2190.2,2053.6
91818.945,40,2622.8,2205.8,2055
91818.985,40,2644.8,2230.6,2064.6
91819.025,40,2703,2292.8,2080.6
91819.065,40,2724.2,2376.8,2100.8
91819.105,40,2664.8,2489,2138.8
91819.145,40,2563.6,2596.8,2187.6
91819.185,40,2455.6,2667.6,2249.8
91819.225,40,2396,2712,2283.4
91819.265,40,2417.6,2664.4,2257.4
91819.305,40,2489.4,2642.2,2230.6
91819.345,40,2572.4,2586.2,2194.4
91819.385,40,2695.6,2527.2,2159
91819.425,40,2798.6,2442.6,2128.2
91819.465,40,2772,2339.8,2098
91819.505,40,2713,2275.2,2080.6
91819.545,40,2665,2231,2068
91819.585,40,2594.2,2196,2059.8
91819.625,40,2567.6,2186.6,2054.6
91819.665,40,2570.6,2188.2,2054.6
91819.705,40,2583.8,2203.4,2060.8
91819.745,40,2627,2230.4,2066.2
91819.785,40,2643.6,2271.2,2075.2
91819.825,40,2691.6,2333.4,2094.6
91819.865,40,2690,2404.4,2115
91819.905,40,2641.2,2482.6,2141.8
91819.945,40,2577.6,2545.2,2174
91819.985,40,2526.2,2597,2200
91820.025,40,2514.6,2619.6,2214.4
91820.065,40,2535.8,2577,2189
91820.105,40,2593.2,2540.6,2169.6
91820.145,40,2706.4,2500.6,2146.4
91820.185,40,2811,2433,2118.2
91820.225,40,2904.6,2374.2,2098.8
91820.265,40,2934.6,2315.6,2079
91820.305,40,2903,2270.8,2070.6
91820.345,40,2770.8,2227.2,2057.4
91820.385,40,2689.8,2215.2,2057.4
91820.425,40,2751.2,2225.6,2062.4
91820.465,40,2905.2,2267,2064
91820.505,40,2914.6,2304.2,2073.2
91820.545,40,2877.8,2362.8,2086.4
91820.585,40,2849.2,2455.6,2111.2
91820.625,40,2769,2554.8,2143
91820.665,40,2660.2,2638.6,2182
91820.705,40,2560.6,2699,2220.6
91820.745,40,2497,2725.4,2249.8
91820.785,40,2499,2660.6,2229
91820.825,40,2543,2619,2206.6
91820.865,40,2610.2,2559,2175
91820.905,40,2704.4,2483.6,2145
91820.945,40,2780.6,2411.2,2114.4
91820.985,40,2765.2,2332.4,2100.6
91821.025,40,2712.2,2276.2,2079.8
91821.065,40,2667.4,2240.2,2069.8
91821.105,40,2631,2216.8,2065.2
91821.145,40,2616.4,2212.4,2063.8
91821.185,40,2618.6,2218.4,2066.8
91821.225,40,2639.4,2232.6,2068.6
91821.265,40,2669,2261.4,2073.4
91821.305,40,2667,2290.8,2081.6
91821.345,40,2665.6,2334.6,2099
91821.385,40,2669,2411.6,2121.4
91821.425,40,2619.4,2490.6,2155.4
91821.465,40,2536.8,2558.4,2184.8
91821.505,40,2465.6,2612.2,2222.8
91821.545,40,2416.6,2643.6,2250.8
91821.585,40,2414.2,2672,2260.6
91821.625,40,2466,2626,2227.2
91821.665,40,2575.8,2593,2196.4
91821.705,40,2698.4,2505.2,2150.8
91821.745,40,2786.2,2410,2117.8
91821.785,40,2788.2,2327.2,2093.6
91821.825,40,2756.2,2267.8,2076.2
91821.865,40,2663.4,2219.4,2062.8
91821.905,40,2604.4,2189,2053.2
91821.945,40,2582.8,2181.2,2051.6
91821.985,40,2607,2189.4,2052.4
91822.025,40,2635.6,2203.4,2054.8
91822.065,40,2675.4,2229.4,2066.8
91822.105,40,2731.6,2285.2,2076
91822.145,40,2791.6,2373.2,2095
91822.185,40,2774.8,2491.2,2131.6
91822.226,41,2678.6,2633.6,2178.8
91822.266,40,2567.4,2755.4,2235.8
91822.306,40,2477,2842.8,2292
91822.346,40,2479.2,2913.6,2324.4
91822.386,40,2493.6,2799.6,2280.8
91822.426,40,2562.8,2709,2236.6
91822.466,40,2657.4,2603.4,2183.8
91822.506,40,2750.2,2486.8,2146.6
91822.546,40,2775.4,2390.6,2116.8
91822.586,40,2738.2,2309.2,2092.4
91822.626,40,2660.8,2249.8,2076
91822.666,40,2622.4,2216,2064.6
91822.706,40,2580.6,2189.8,2056.4
91822.746,40,2562.8,2180,2050.6
91822.786,40,2562.4,2188.6,2058.4
91822.826,40,2604.8,2215.2,2066.2
91822.866,40,2639.2,2238,2071.2
91822.906,40,2662.4,2272.6,2073.8
91822.946,40,2705.8,2339.2,2097.8
91822.986,40,2699.8,2413.8,2116.2
91823.026,40,2645.8,2509.8,2151.6
91823.066,40,2565.2,2611.2,2190.8
91823.106,40,2488.8,2698.8,2241
91823.146,40,2441.4,2775.8,2284
91823.186,40,2469.2,2812.6,2290.6
91823.226,40,2551.8,2743.4,2238.6
91823.266,40,2680.8,2666.4,2201.6
91823.306,40,2827,2549.6,2151.8
91823.346,40,2908.6,2433.6,2115.8
91823.386,40,2867.8,2336,2091
91823.426,40,2771.4,2263.2,2074.4
91823.466,40,2670,2221,2066.8
91823.506,40,2586.2,2187.8,2055.6
91823.546,40,2564.4,2177,2051
91823.586,40,2582.4,2187,2058
91823.626,40,2601.8,2203.8,2054.6
91823.666,40,2640,2233,2063.4
91823.706,40,2699,2289.2,2078.2
91823.746,40,2732.2,2362.8,2099
91823.786,40,2707,2459.4,2126
91823.826,40,2629.4,2566.8,2166
91823.866,40,2533.4,2656.4,2214.8
91823.906,40,2448.4,2719.2,2265.8
91823.946,40,2410.6,2752.4,2293.2
91823.986,40,2430,2694.8,2267.6
91824.026,40,2487,2652.2,2236
91824.066,40,2583.2,2592.4,2194.4
91824.106,40,2744.2,2529.6,2156.6
91824.146,40,2780.4,2413.2,2121.6
91824.186,40,2759.8,2325,2093.8
91824.226,40,2699,2258.4,2078
91824.266,40,2638.8,2223.6,2065
91824.306,40,2583.2,2198.4,2057.8
91824.346,40,2565.8,2190.2,2058.2
91824.386,40,2593.4,2200.2,2057.6
91824.426,40,2624.4,2226.8,2063.4
91824.466,40,2664,2257,2073.4
91824.506,40,2666.4,2294.2,2084
91824.546,40,2705.4,2369,2100.2
91824.586,40,2669.8,2448,2125
91824.626,40,2601.4,2537.8,2166.6
91824.666,40,2529.8,2635.8,2211.4
91824.706,40,2455.2,2703.4,2255.6
91824.746,40,2412.2,2756,2293.2
91824.786,40,2427,2763.8,2287
91824.826,40,2497,2725.8,2251.6
91824.866,40,2606.4,2666,2212.4
91824.906,40,2747.2,2568.2,2161.6
91824.946,40,2858.6,2450,2125.6
91824.986,40,2832.6,2346.6,2098.8
91825.026,40,2745,2271.4,2075.4
91825.066,40,2648.4,2219.4,2064
91825.106,40,2568.4,2188.6,2057.8
91825.146,40,2528.6,2177.8,2052.8
91825.186,40,2522.8,2173,2051.2
91825.226,40,2556.6,2196.2,2056
91825.266,40,2587.6,2213,2063.4
91825.306,40,2639.8,2250.8,2069.6
91825.346,40,2690.6,2308.8,2093
91825.386,40,2695.4,2374.4,2107.8
91825.426,40,2655,2457,2129.4
91825.466,40,2581,2550,2170.6
91825.506,40,2498.6,2630.2,2217.6
91825.546,40,2433.2,2705.8,2264.6
91825.586,40,2391.4,2770.6,2312.8
91825.626,40,2417.2,2768.6,2299.4
91825.666,40,2493.6,2736.2,2259.8
91825.706,40,2637.2,2671.2,2210.2
91825.746,40,2782.8,2564.4,2159
91825.786,40,2883.4,2455.2,2125.8
91825.826,40,2851,2348,2095.8
91825.866,40,2772.2,2280,2078.2
91825.906,40,2689,2231.2,2065.6
91825.946,40,2629.8,2207,2056.8
91825.986,40,2596,2197.8,2057.8
91826.026,40,2600.8,2204.8,2061
91826.066,40,2625.4,2229.4,2060.4
91826.106,40,2645.4,2264.2,2074.4
91826.146,40,2717,2331.6,2093.2
91826.186,40,2703.4,2414,2113
91826.226,40,2641.6,2517.2,2151.6
91826.266,40,2553,2611.6,2198
91826.306,40,2463.2,2692.4,2252.2
91826.346,40,2398.4,2742.6,2297.6
91826.386,40,2391.8,2767.8,2316
91826.426,40,2444.6,2743.4,2285.8
91826.466,40,2518.6,2690.2,2238.4
91826.506,40,2646.6,2619,2193
91826.546,40,2765.6,2511.2,2152.4
91826.586,40,2820.4,2401.2,2111.2
91826.626,40,2743.8,2307.4,2089
91826.666,40,2676.6,2247.8,2071
91826.706,40,2616.2,2214.8,2061.2
91826.746,40,2553.6,2182.2,2055.8
91826.786,40,2526.8,2173.6,2051
91826.826,40,2548.6,2191.6,2051.6
91826.866,40,2595.8,2213,2061
91826.906,40,2664.2,2252,2067
91826.946,40,2705.8,2304,2083.4
91826.986,40,2714.8,2376.2,2102.6
91827.026,40,2671.8,2463.2,2133.6
91827.066,40,2588.6,2567.8,2178.8
91827.106,40,2489.4,2650,2229.6
91827.146,40,2410.2,2705.2,2280.6
91827.186,40,2368.4,2741,2316.6
91827.226,40,2397.4,2695.2,2283.6
91827.266,40,2454,2658.8,2249.4
91827.306,40,2553.6,2603.2,2206.8
91827.346,40,2667,2516.4,2169.6
91827.386,40,2726,2417.2,2127.8
91827.426,40,2785.2,2348.8,2104.2
91827.466,40,2723.4,2275.4,2084
91827.506,40,2637.6,2227.2,2070.8
91827.546,40,2583.2,2200.4,2059.4
91827.586,40,2557.8,2192.6,2055.2
91827.626,40,2570.8,2200.4,2058.8
91827.666,40,2596.4,2216.2,2063.2
91827.706,40,2630.2,2250.2,2069.8
91827.746,40,2687.4,2296.2,2080.2
91827.786,40,2704.2,2363.2,2102
91827.826,40,2666,2443.2,2128
91827.866,40,2597.6,2531.8,2163.4
91827.906,40,2512.2,2601.4,2205.8
91827.946,40,2441.8,2646,2243
91827.986,40,2411.8,2677.2,2266.4
91828.026,40,2426.8,2643.6,2248.2
91828.066,40,2483.4,2620.8,2219.8
91828.106,40,2561.2,2560.8,2189.8
91828.146,40,2694.4,2523.6,2161.4
91828.186,40,2810.2,2460.8,2130
91828.226,40,2813.4,2374.2,2105
91828.266,40,2820.2,2316.4,2091
91828.306,40,2799.4,2281.2,2077.8
91828.346,40,2780.4,2255,2071.4
91828.386,40,2781.4,2251,2073.6
91828.426,40,2791,2259.2,2071.6
91828.466,40,2803.2,2279.2,2075.8
91828.506,40,2785.2,2309.6,2082.4
91828.546,40,2768.2,2361,2105.8
91828.586,40,2743.2,2442.2,2117.6
91828.626,40,2654.8,2528.4,2151.4
91828.666,40,2553,2599.2,2194.2
91828.706,40,2466.8,2642,2233.4
91828.746,40,2413.6,2642.4,2256.2
91828.786,40,2406.8,2618.2,2248
91828.826,40,2433.6,2574,2221.6
91828.866,40,2485,2528,2190.6
91828.906,40,2576.8,2500.6,2165
91828.946,40,2735,2481,2146.8
91828.986,40,2831.2,2416.8,2121.8
91829.026,40,2820,2338.6,2097.2
91829.066,40,2810.6,2295.8,2080.4
91829.106,40,2766.2,2253.8,2067.2
91829.146,40,2747.6,2229.4,2061.6
91829.186,40,2746.8,2226.2,2060.2
91829.226,40,2767.8,2239,2061.6
91829.266,40,2788,2259,2066.2
91829.306,40,2792.8,2290.6,2074
91829.346,40,2795.8,2335.4,2085.6
91829.386,40,2785.6,2411.8,2107.6
91829.426,40,2725.8,2501.8,2140.4
91829.466,40,2626.6,2601.6,2176.8
91829.506,40,2523.6,2662.2,2223.2
91829.546,40,2433.6,2691.8,2259
91829.586,40,2395.6,2690.4,2284.8
91829.626,40,2411.2,2645.4,2258.4
91829.666,40,2460.8,2589.6,2223.6
91829.706,40,2549.8,2525.2,2180.6
91829.746,40,2669.4,2467.4,2145.6
91829.786,40,2781.2,2407,2121.2
91829.826,40,2734.8,2316.8,2090.4
91829.866,40,2719.2,2268.4,2081.6
91829.906,40,2666,2232,2068.4
91829.946,40,2632.2,2203.4,2059.2
91829.986,40,2624.4,2199.2,2059.8
91830.026,40,2651.4,2213.6,2060.6
91830.066,40,2679,2234,2065.2
91830.106,40,2683.6,2264.2,2071.8
91830.146,40,2702.8,2319,2089.8
91830.186,40,2720.2,2404.2,2109
91830.226,40,2651,2499.6,2147.4
91830.266,40,2556.2,2591,2191.8
91830.306,40,2454,2646.2,2239.8
91830.346,40,2383,2664.4,2277.2
91830.386,40,2366.2,2667.8,2287.6
91830.426,40,2401.4,2623.2,2259.4
91830.466,40,2439.2,2579.4,2224
91830.506,40,2523.8,2538,2189.6
91830.546,40,2647.2,2500.2,2162
91830.586,40,2777.4,2459,2136.6
91830.626,40,2763.4,2369.2,2108.8
91830.666,40,2754,2318.6,2093.4
91830.706,40,2736.2,2283.6,2078.6
91830.746,40,2748.4,2258.8,2072
91830.786,40,2741.8,2247.2,2069
91830.826,40,2757.6,2266.6,2075.4
91830.866,40,2771,2287.2,2077.6
91830.906,40,2752.8,2309.4,2083.6
91830.946,40,2727.2,2347.4,2098.6
91830.986,40,2674.4,2401.2,2111.8
91831.026,40,2632,2475.6,2139.6
91831.066,40,2558,2538.4,2176
91831.106,40,2497.8,2583.2,2203.6
91831.146,40,2462.6,2609,2223.6
91831.186,40,2446.4,2612.6,2230.2
91831.226,40,2476.4,2590,2213.8
91831.266,40,2535.8,2551.2,2189.6
91831.306,40,2638.8,2504.6,2161.2
91831.346,40,2755.6,2438,2123.4
91831.386,40,2853.6,2377,2102.6
91831.426,40,2887,2313.4,2085.2
91831.466,40,2850,2260.2,2067.2
91831.506,40,2821,2231.4,2059.2
91831.546,40,2689,2207.2,2056.2
91831.586,40,2684.4,2206.4,2055
91831.626,40,2805,2228.4,2059.2
91831.666,40,2824.4,2252.6,2057.2
91831.706,40,2803.6,2288,2067.8
91831.746,40,2786.4,2333,2085.4
91831.786,40,2753,2402.8,2109.8
91831.826,40,2675.4,2471.6,2129.2
91831.866,40,2582.2,2533.2,2168.6
91831.906,40,2496,2581.8,2202.6
91831.946,40,2442.6,2615.8,2230.6
91831.986,40,2416.4,2631,2244.6
91832.026,40,2431.4,2604.4,2232.4
91832.066,40,2492.2,2580,2211.2
91832.106,40,2576,2533.2,2175
91832.146,40,2707,2494.8,2150.8
91832.186,40,2824.4,2432.4,2125.6
91832.226,40,2904.4,2375.2,2096
91832.266,40,2921.2,2314.2,2083.8
91832.306,40,2899.4,2266.4,2068.2
91832.346,40,2766.8,2235.2,2061.4
91832.386,40,2708.4,2223.4,2061.8
91832.426,40,2804.2,2248.8,2064.6
91832.466,40,2906.2,2298.4,2074.2
91832.506,40,2891.2,2362.4,2089
91832.546,40,2868,2462.8,2111.4
91832.586,40,2791.6,2606.8,2155.2
91832.626,40,2647.2,2743.8,2210.6
91832.666,40,2512.2,2838.2,2277.4
91832.706,40,2422,2881.6,2340.8
91832.746,40,2419.8,2846,2328.4
91832.786,40,2474.4,2771.2,2285.8
91832.826,40,2545,2667,2229.8
91832.866,40,2663.4,2568.4,2181.4
91832.906,40,2688,2429.8,2135.8
91832.946,40,2729,2356.6,2111.2
91832.986,40,2694.6,2287.6,2084.2
91833.026,40,2662.4,2240.6,2072.8
91833.066,40,2619.6,2208.8,2061.6
91833.106,40,2580.8,2192.2,2057
91833.146,40,2596.8,2194.8,2063.4
91833.186,40,2611.8,2205,2063
91833.226,40,2637.8,2233.4,2069.4
91833.266,40,2658.8,2265.4,2076.2
91833.306,40,2677,2313.8,2086
91833.346,40,2722.8,2410.8,2113.6
91833.386,40,2680.2,2523,2145.4
91833.426,40,2605,2650.4,2196.6
91833.466,40,2523,2763.2,2250.2
91833.506,40,2462.2,2856.4,2300.6
91833.546,40,2495.6,2845,2289.2
91833.586,40,2577.8,2780,2248.8
91833.626,40,2685,2703.4,2207.4
91833.666,40,2781.8,2573.2,2160.4
91833.706,40,2819.4,2453.2,2129.4
91833.746,40,2794.4,2357,2103.6
91833.786,40,2738.6,2293,2086.8
91833.826,40,2670.4,2249,2072.6
91833.866,40,2635.4,2223.6,2063.6
91833.906,40,2620.6,2220.8,2066.6
91833.946,40,2641,2231.8,2067
91833.986,40,2669.2,2248.4,2076.4
91834.026,40,2689.8,2282.4,2084
91834.066,40,2670.2,2323.2,2095.4
91834.106,40,2668.6,2386.4,2109.4
91834.146,40,2662,2475.4,2136.4
91834.186,40,2597.8,2565.6,2173.6
91834.226,40,2526.4,2653.2,2211.6
91834.266,40,2464.6,2729,2260.2
91834.306,40,2422.8,2792.2,2296.6
91834.346,40,2456.4,2799,2289.8
91834.386,40,2533.8,2758,2250.6
91834.426,40,2640,2702,2215.8
91834.466,40,2760.2,2597,2170.2
91834.506,40,2865.2,2486.2,2133.2
91834.546,40,2861.2,2389.4,2108.4
91834.586,40,2800.8,2312.8,2091.6
91834.626,40,2725.8,2259,2074.2
91834.666,40,2662.6,2228.6,2066.2
91834.706,40,2630.4,2217,2063.2
91834.746,40,2638.8,2225.8,2067.8
91834.786,40,2655.8,2248.6,2068.4
91834.826,40,2673.6,2280.4,2080.2
91834.866,40,2674.2,2315.8,2096.2
91834.906,40,2670.6,2382.2,2109.2
91834.946,40,2652.8,2470.8,2139.2
91834.986,40,2584.6,2556,2168.8
91835.026,40,2508.8,2632.4,2219.6
91835.066,40,2450,2686.4,2249.8
91835.106,40,2414.2,2722.8,2283.6
91835.146,40,2430.4,2735,2280.2
91835.186,40,2474.6,2686.4,2247.4
91835.226,40,2568,2648.4,2206.6
91835.266,40,2694.6,2562.6,2169.4
91835.306,40,2796.6,2464,2135.6
91835.346,40,2797.2,2371.6,2107.4
91835.386,40,2760,2300,2084
91835.426,40,2696,2249.2,2073.2
91835.466,40,2637,2217.6,2059.2
91835.506,40,2612.8,2209,2059.4
91835.546,40,2613.4,2213.8,2061.6
91835.586,40,2641.4,2236.6,2070.4
91835.626,40,2660.8,2263.6,2073
91835.666,40,2674.2,2308,2088.2
91835.706,40,2710.4,2392,2105.4
91835.746,40,2676.6,2493.8,2141.6
91835.786,40,2605.4,2610.4,2186.2
91835.826,40,2507.2,2716.8,2242.4
91835.866,40,2430,2795.4,2301.6
91835.906,40,2389.6,2854.6,2344
91835.946,40,2420.2,2817.4,2317
91835.986,40,2487.2,2769.2,2275.2
91836.026,40,2574.2,2675.6,2224.6
91836.066,40,2705,2573,2177.8
91836.106,40,2764.8,2454.4,2138.6
91836.146,40,2761.2,2364,2103
91836.186,40,2750.2,2298.2,2088.2
91836.226,40,2687.8,2252.2,2071.8
91836.266,40,2621.6,2217,2069.6
91836.306,40,2599,2207,2063.4
91836.346,40,2618.4,2218.8,2064.4
91836.386,40,2660.6,2241.8,2073.6
91836.426,40,2680.2,2264,2075.2
91836.466,40,2684.6,2294,2083.6
91836.506,40,2667.6,2337,2098.8
91836.546,40,2692.4,2422.6,2121.2
91836.586,40,2655.2,2521.2,2145.6
91836.626,40,2599.4,2628.2,2194.4
91836.666,40,2529.8,2747.2,2240.6
91836.706,40,2482,2840.8,2281
91836.746,40,2468.8,2918.6,2320.2
91836.786,40,2516.2,2876,2289.8
91836.826,40,2618,2829.6,2247
91836.866,40,2736.4,2719.6,2202.8
91836.906,40,2866.6,2585,2155.8
91836.946,40,2873,2433.4,2121.2
91836.986,40,2825.2,2338.2,2097.8
91837.026,40,2720.8,2272.2,2078
91837.066,40,2627.6,2223.6,2065.2
91837.106,40,2586.2,2199,2060.6
91837.146,40,2575.8,2194.6,2062.6
91837.186,40,2592,2203.8,2062.2
91837.226,40,2643.4,2227.4,2068
91837.266,40,2658,2242.4,2073.6
91837.306,40,2671.8,2280.6,2081.4
91837.346,40,2668,2325.8,2097.8
91837.386,40,2695.6,2416,2111.6
91837.426,40,2645,2503.4,2147
91837.466,40,2569.4,2600.8,2185.8
91837.506,40,2494.6,2673.2,2230.2
91837.546,40,2430,2745,2280.4
91837.586,40,2395.4,2793.4,2316.8
91837.626,40,2438.6,2755.6,2284.2
91837.666,40,2518.4,2715.4,2247.6
91837.706,40,2625.4,2656.6,2200.6
91837.746,40,2753,2556,2163.4
91837.786,40,2817.6,2444.4,2127.8
91837.826,40,2773.8,2349.4,2100.2
91837.866,40,2726.2,2288,2082.4
91837.906,40,2670.4,2243.4,2070.2
91837.946,40,2623,2219,2062.8
91837.986,40,2611.6,2217.2,2062.4
91838.026,40,2636.8,2224.4,2068
91838.066,40,2670.6,2251.2,2071.2
91838.106,40,2684,2284.2,2083
91838.146,40,2683.8,2317.8,2089.4
91838.186,40,2665.6,2379.4,2110.2
91838.226,40,2659,2484.2,2142.8
91838.266,40,2596.8,2578.4,2172.2
91838.43,164,2449,2721.2,2268.6
91838.47,40,2507,2685.2,2233.2
91838.51,40,2585,2616,2201
91838.55,40,2692.6,2537.4,2162.8
91838.59,40,2759.6,2431.8,2126.4
91838.63,40,2762,2348.8,2102.2
91838.67,40,2728.6,2287.6,2083
91838.71,40,2673.4,2244.6,2071
91838.75,40,2620.2,2214.2,2065.4
91838.79,40,2585.4,2202.8,2060
91838.83,40,2589.8,2206.4,2064.4
91838.87,40,2618.2,2220.2,2063
91838.91,40,2640.8,2238.4,2067.2
91838.95,40,2657.4,2273,2076.8
91838.99,40,2676.2,2316.4,2089
91839.03,40,2715.2,2403.6,2110.4
91839.07,40,2670.8,2491,2141.8
91839.11,40,2600.8,2597.2,2181
91839.15,40,2513.2,2690.2,2233.6
91839.19,40,2442,2761.8,2284
91839.23,40,2400.4,2803,2316.8
91839.27,40,2426.8,2815.8,2309.8
91839.31,40,2477.4,2733.4,2264.8
91839.35,40,2560.4,2674.2,2222.8
91839.39,40,2681.6,2591,2179.8
91839.43,40,2752.2,2471,2137.4
91839.47,40,2802.6,2395.4,2113.6
91839.51,40,2767.2,2315,2096
91839.55,40,2695.8,2262.2,2075
91839.59,40,2652.2,2228,2070
91839.63,40,2619,2209.2,2064.2
91839.67,40,2603.2,2205,2058.4
91839.71,40,2624,2214.8,2066.6
91839.75,40,2648.2,2231.6,2066.6
91839.79,40,2675.8,2258.6,2074.8
91839.83,40,2681.8,2292.4,2085
91839.87,40,2686.2,2357.8,2100.4
91839.91,40,2702,2468.8,2129.6
91839.95,40,2655.4,2577.6,2164.4
91839.99,40,2577.6,2703,2213.8
91840.03,40,2519.6,2815.2,2267.8
91840.07,40,2486.4,2895.8,2306
91840.11,40,2527.4,2904.8,2292.4
91840.15,40,2620.6,2827,2246.4
91840.19,40,2736.4,2740.8,2208
91840.23,40,2854,2618.8,2162
91840.27,40,2877.4,2464.2,2126.6
91840.31,40,2837.6,2359.6,2101.6
91840.35,40,2736.2,2281.4,2081
91840.39,40,2654.8,2236.6,2067.4
91840.43,40,2597.4,2210.2,2065.2
91840.47,40,2577.4,2189.6,2061.6
91840.51,40,2597,2203.8,2061
91840.55,40,2648.4,2226.8,2064.6
91840.59,40,2689.8,2257.4,2073.8
91840.63,40,2672.8,2297.6,2081.8
91840.67,40,2707,2350.2,2098.8
91840.71,40,2676,2413.2,2119.2
91840.75,40,2622.8,2493.2,2147.6
91840.79,40,2554.2,2583.4,2184.6
91840.83,40,2488.8,2666.6,2227.8
91840.87,40,2446,2740.4,2269.8
91840.91,40,2436.2,2800,2301.6
91840.95,40,2491.2,2780.8,2271.2
91840.99,40,2598.6,2751.8,2237.4
91841.03,40,2743.4,2675.8,2185.2
91841.07,40,2886.8,2564.8,2148.4
91841.11,40,2963.8,2458.8,2123.4
91841.15,40,2917.4,2365.4,2094.8
91841.19,40,2846.2,2295.8,2078.2
91841.23,40,2755.2,2254.4,2069.6
91841.27,40,2711,2230.8,2065.8
91841.31,40,2689.2,2223.4,2060
91841.35,40,2700,2246,2067.8
91841.39,40,2709.4,2272.2,2073.6
91841.43,40,2713,2313,2087.6
91841.47,40,2715.6,2377.6,2104
91841.51,40,2698.4,2477.8,2133.8
91841.55,40,2617.8,2581.4,2175
91841.59,40,2514,2672.6,2223.2
91841.63,40,2426.6,2725.4,2275.2
91841.67,40,2367.6,2752.8,2318.4
91841.71,40,2371.8,2725,2306
91841.75,40,2419.6,2675.8,2268
91841.79,40,2489.6,2618,2225.4
91841.83,40,2563,2513.2,2176.8
91841.87,40,2654,2445.8,2146.6
91841.91,40,2793.6,2400.8,2118.6
91841.95,40,2767.4,2334.6,2097.2
91841.99,40,2735.2,2278.2,2084.2
91842.03,40,2693.4,2242.8,2075.8
91842.07,40,2634.8,2222.8,2069.4
91842.11,40,2645.2,2232,2068.2
91842.15,40,2664.2,2243,2070.8
91842.19,40,2682.4,2272,2076.2
91842.23,40,2688.6,2304.6,2083
91842.27,40,2668.4,2349.6,2102
91842.31,40,2685.2,2442.6,2123.6
91842.35,40,2636,2536,2156.6
91842.39,40,2571.4,2612.8,2190.6
91842.43,40,2492,2675.2,2230.8
91842.47,40,2454.8,2713,2258.2
91842.51,40,2449.6,2714.8,2264.2
91842.55,40,2500.4,2653.2,2229.6
91842.59,40,2594.6,2588.8,2190
91842.63,40,2721.6,2496.4,2150.8
91842.67,40,2785.8,2400.8,2118.2
91842.71,40,2737.2,2310.2,2090.6
91842.75,40,2699.2,2258,2073
91842.79,40,2623.8,2215.2,2062.8
91842.83,40,2568.2,2190.6,2059.2
91842.87,40,2531.4,2177.6,2057
91842.91,40,2545,2182.4,2052.4
91842.95,40,2595.6,2206.2,2056
91842.99,40,2669,2241.2,2065.8
91843.03,40,2714.8,2289,2080.6
91843.07,40,2754,2364.4,2096.4
91843.11,40,2740.4,2474,2124.4
91843.15,40,2678.2,2614.2,2168.6
91843.19,40,2573,2763.6,2234.4
91843.23,40,2480.2,2896.6,2311
91843.27,40,2421.8,3009.2,2388
91843.31,40,2446.6,2993,2367
91843.35,40,2515.4,2905.2,2313
91843.39,40,2624.8,2791.8,2245.4
91843.43,40,2748,2630.8,2188.6
91843.47,40,2774,2465,2141
91843.51,40,2792.2,2364.2,2103.8
91843.55,40,2728,2280.4,2082.8
91843.59,40,2663.8,2229.6,2067.2
91843.63,40,2581.4,2192.8,2053.8
91843.67,40,2524,2173,2053.2
91843.71,40,2532.6,2179,2052.6
91843.75,40,2572.8,2188.2,2057.8
91843.79,40,2621,2210.4,2057.4
91843.83,40,2650.8,2242.2,2066.2
91843.87,40,2671.4,2287.4,2083
91843.91,40,2723.4,2370.2,2102.8
91843.95,40,2688.6,2483,2139.4
91843.99,40,2605.2,2624,2183.2
91844.03,40,2492.2,2759.8,2255
91844.07,40,2407,2850.2,2333.8
91844.11,40,2395,3020,2408.4
91844.15,40,2427.6,2860.6,2331
91844.19,40,2520,2830.2,2291.2
91844.23,40,2637.8,2733.2,2231.4
91844.27,40,2782.4,2607.2,2181.4
91844.31,40,2783.2,2455.2,2134
91844.35,40,2757.2,2342.8,2098.2
91844.39,40,2726.8,2272.6,2081.8
91844.43,40,2645.6,2222.4,2070.8
91844.47,40,2589.6,2192,2060.2
91844.51,40,2560.4,2184,2057.4
91844.55,40,2570.8,2190.4,2053.6
91844.59,40,2600.6,2203.6,2063.8
91844.63,40,2641.6,2232.2,2068.6
91844.67,40,2670.6,2263.8,2079.6
91844.71,40,2689.8,2329,2091
91844.75,40,2705.2,2432.6,2115.8
91844.79,40,2633.4,2540.6,2159.4
91844.83,40,2538.6,2662.8,2216.4
91844.87,40,2439.2,2760.8,2278.2
91844.91,40,2369.8,2825.6,2347.4
91844.95,40,2375.8,2909.2,2376.8
91844.99,40,2444.6,2828.2,2311.4
91845.03,40,2543.2,2765,2260
91845.07,40,2685.6,2636.8,2192.8
91845.11,40,2788.4,2497.6,2145.6
91845.15,40,2789.6,2372.8,2109.8
91845.19,40,2738.8,2286.6,2083.2
91845.23,40,2639.4,2226.6,2066.6
91845.27,40,2549.8,2184.6,2057.4
91845.31,40,2512,2166.6,2050.8
91845.35,40,2512,2167,2047.2
91845.39,40,2538.8,2175.4,2053.6
91845.43,40,2591,2197.8,2059.8
91845.47,40,2632.6,2232.8,2065
91845.51,40,2694.2,2289.2,2083.8
91845.55,40,2700.6,2355.4,2101.4
91845.59,40,2669.2,2437.4,2127.8
91845.63,40,2602.4,2543.4,2168.2
91845.67,40,2507.6,2639,2214.2
91845.71,40,2422.6,2723,2273.6
91845.75,40,2363.6,2795.8,2337.6
91845.79,40,2378.6,2832.6,2339.8
91845.83,40,2455.6,2794.2,2292.8
91845.87,40,2554.6,2752.6,2251.4
91845.91,40,2705.2,2673.4,2199.6
91845.95,40,2830.4,2543.6,2152.8
91845.99,40,2863.6,2431,2120.8
91846.03,40,2818.8,2335.2,2094.2
91846.07,40,2730.6,2267,2080.4
91846.11,40,2645,2221.2,2064.6
91846.15,40,2583,2201.6,2056.8
91846.19,40,2554.4,2192.4,2057.6
91846.23,40,2584.8,2202.6,2061.8
91846.27,40,2628,2230.2,2067.6
91846.31,40,2659.8,2264.2,2077.6
91846.35,40,2668.6,2310.4,2095.6
91846.39,40,2690.2,2384,2112.6
91846.43,40,2642.6,2464.2,2140.6
91846.47,40,2566.4,2539.8,2170.6
91846.51,40,2477.4,2610.6,2216.4
91846.55,40,2416.4,2655,2258
91846.59,40,2370.2,2685.8,2287.6
91846.63,40,2391.6,2711.6,2292.4
91846.67,40,2471.4,2684.6,2248.8
91846.71,40,2574,2651,2215.8
91846.75,40,2701.6,2577.6,2169.8
91846.79,40,2833.4,2487.4,2139.4
91846.83,40,2876.6,2395.6,2105.8
91846.87,40,2853,2320.6,2089.4
91846.91,40,2805.4,2266.8,2074
91846.95,40,2757.4,2230.6,2061.4
91846.99,40,2743.4,2222.4,2059.2
91847.03,40,2765.2,2224.6,2060.4
91847.07,40,2809.4,2253.6,2066.8
91847.11,40,2842.6,2280.4,2073.4
91847.15,40,2840,2320.4,2085.6
91847.19,40,2927.8,2405,2096.8
91847.23,40,2925.8,2517.8,2123.8
91847.27,40,2884.2,2670.8,2157.2
91847.31,40,2736.4,2792.4,2206.2
91847.35,40,2635,2901,2253.2
91847.39,40,2573.8,2994.2,2293.6
91847.43,40,2587.6,2983.2,2290.2
91847.47,40,2626.8,2841.4,2249.2
91847.51,40,2701.4,2677.2,2193.6
91847.55,40,2776.4,2519.4,2155.2
91847.59,40,2788.2,2398.8,2114
91847.63,40,2756.8,2313.2,2093.4
91847.67,40,2739,2255.6,2075.4
91847.71,40,2617.8,2211,2064.4
91847.75,40,2569.6,2182,2058.2
91847.79,40,2528,2172.4,2053.8
91847.83,40,2545.2,2179.4,2051.8
91847.87,40,2570.8,2189.8,2056.2
91847.91,40,2620.4,2216.2,2066
91847.95,40,2656,2249.8,2072.2
91847.99,40,2701.6,2315.4,2086.6
91848.03,40,2691.6,2399.8,2115.2
91848.07,40,2625,2495.8,2149.6
91848.11,40,2508.8,2586.8,2200.2
91848.15,40,2407.4,2653.4,2259.8
91848.19,40,2341.8,2690.2,2313
91848.23,40,2353,2804,2353.2
91848.27,40,2413,2719,2289.2
91848.31,40,2500.4,2689.4,2248.4
91848.35,40,2662,2622,2198.2
91848.39,40,2795,2511,2150
91848.43,40,2802.6,2382.6,2111.6
91848.47,40,2760.2,2297.2,2083
91848.51,40,2667.4,2232.4,2064.4
91848.55,40,2558.4,2186,2056.2
91848.59,40,2494.4,2164.6,2049.4
91848.63,40,2468.6,2150.2,2048
91848.67,40,2486.6,2158.6,2048.8
91848.71,40,2542.6,2180.6,2051
91848.75,40,2594.6,2205.4,2065.2
91848.79,40,2653.2,2250,2070.4
91848.83,40,2693.2,2307.4,2085.4
91848.87,40,2695.2,2390.6,2113.4
91848.91,40,2631.6,2491.4,2150.8
91848.95,40,2534.2,2610.4,2197.4
91848.99,40,2432,2693,2260.2
91849.03,40,2354.8,2744.4,2325.2
91849.07,40,2380.4,2907.6,2380.2
91849.11,40,2427.4,2727.8,2284
91849.15,40,2522.2,2665.6,2235
91849.19,40,2666.6,2579.8,2184
91849.23,40,2799.8,2478.6,2143.4
91849.27,40,2760.6,2353.2,2104.4
91849.31,40,2714.2,2276.8,2081.6
91849.35,40,2626.2,2223.4,2068.8
91849.39,40,2535.4,2183,2057.4
91849.43,40,2488.4,2162.6,2051.2
91849.47,40,2473.6,2160.6,2046
91849.51,40,2506.4,2167,2050
91849.55,40,2567.4,2192.6,2054.4
91849.59,40,2628.2,2225,2062.2
91849.63,40,2681.4,2274.8,2076
91849.67,40,2697,2335.4,2096.6
91849.71,40,2681.6,2430,2126.6
91849.75,40,2612.4,2537.4,2163.6
91849.79,40,2498,2646.2,2222.4
91849.83,40,2406.4,2729.8,2292.2
91849.87,40,2336.2,2793.6,2370
91849.91,40,2406.6,2993.6,2397
91849.95,40,2471,2781.4,2293.8
91849.99,40,2575.8,2696.8,2235.8
91850.03,40,2714.4,2571.8,2172
91850.07,40,2836,2464.2,2128.4
91850.11,40,2740.6,2325,2095
91850.15,40,2702.2,2260,2075
91850.19,40,2614.4,2203.8,2059
91850.23,40,2533.8,2175.2,2053.8
91850.27,40,2492.2,2157.8,2050.8
91850.31,40,2496.2,2158.4,2050.4
91850.35,40,2530.6,2176.8,2050.8
91850.39,40,2576.4,2190,2055
91850.43,40,2648.8,2233.8,2067.4
91850.47,40,2691.4,2276,2075
91850.51,40,2711.8,2331.2,2092.2
91850.55,40,2699.8,2417.4,2120.2
91850.59,40,2640.8,2529.2,2157.4
91850.63,40,2543.6,2649.6,2211.4
91850.67,40,2430.8,2749.2,2283.4
91850.71,40,2344.2,2814.2,2361.4
91850.75,40,2329.2,2954,2443.6
91850.79,40,2363.8,2775.6,2337.2
91850.83,40,2469,2762.2,2288.2
91850.87,40,2600,2665.8,2221.2
91850.91,40,2740.6,2548.6,2167
91850.95,40,2797.8,2423.8,2122
91850.99,40,2763.2,2320,2093
91851.03,40,2689.4,2254,2075.2
91851.07,40,2595,2206.2,2064.4
91851.11,40,2542.8,2181.4,2055.4
91851.15,40,2532.6,2171.8,2054.8
91851.19,40,2559.4,2187.2,2056
91851.23,40,2606.2,2206.8,2060.4
91851.27,40,2636.6,2229.4,2070.8
91851.31,40,2657.8,2266.8,2079.6
91851.35,40,2709.2,2333.4,2092.4
91851.39,40,2689,2413.4,2116.2
91851.43,40,2621.6,2519.8,2155.8
91851.47,40,2526,2642,2213.6
91851.51,40,2428,2740,2283.8
91851.55,40,2348.8,2804.4,2347.4
91851.59,40,2368,2968.4,2407
91851.63,40,2411.4,2771.2,2306
91851.67,40,2509,2734.2,2257
91851.71,40,2641,2657,2207.4
91851.75,40,2783.6,2550.6,2166.8
91851.79,40,2784,2421.6,2123.8
91851.83,40,2765.8,2335,2096.2
91851.87,40,2716.6,2269,2079.2
91851.91,40,2639.8,2226.6,2066
91851.95,40,2581.2,2194.6,2061
91851.99,40,2539.2,2178.8,2054
91852.03,40,2536.4,2182.4,2054.6
91852.07,40,2563.8,2191.6,2055
91852.11,40,2611.2,2223,2060.4
91852.15,40,2643.2,2250.6,2067.8
91852.19,40,2705,2312.4,2088.4
91852.23,40,2700.2,2398.8,2112.4
91852.27,40,2628.4,2498.2,2152.8
91852.31,40,2530.4,2605.4,2197.2
91852.35,40,2423.2,2683.2,2258.4
91852.39,40,2351.4,2722.8,2320.4
91852.43,40,2334.8,2793,2359.6
91852.47,40,2384.4,2712.6,2301.8
91852.51,40,2484.8,2687.8,2247.2
91852.55,40,2640.2,2637.2,2205.4
91852.59,40,2783.8,2532.8,2161
91852.63,40,2799.2,2411.2,2116.8
91852.67,40,2773.6,2325.2,2096.4
91852.71,40,2715.6,2259,2072.8
91852.75,40,2646.8,2222,2065.4
91852.79,40,2578.4,2194,2058.6
91852.83,40,2544.8,2183.4,2052.2
91852.87,40,2549.6,2179,2049.8
91852.91,40,2585.2,2201,2061.8
91852.95,40,2616.8,2217.2,2060.4
91852.99,40,2670.6,2259.8,2074.4
91853.03,40,2711.6,2332.4,2089.2
91853.07,40,2704.4,2414.4,2112.8
91853.11,40,2634.8,2517.8,2151.8
91853.15,40,2531.8,2617.4,2203
91853.19,40,2430.4,2678.2,2260
91853.23,40,2357.2,2704.6,2312
91853.27,40,2400.8,2786.2,2328
91853.31,40,2456.2,2703.6,2262
91853.35,40,2514.8,2618.2,2219.4
91853.39,40,2621.8,2570,2189.4
91853.43,40,2750,2529.4,2160
91853.47,40,2772.4,2452.4,2133.8
91853.51,40,2783.8,2395.4,2113.6
91853.55,40,2774.4,2356.2,2103.6
91853.59,40,2761.4,2328.6,2093.6
91853.63,40,2759.2,2319.8,2093.4
91853.67,40,2756.8,2327.2,2092.6
91853.71,40,2762.8,2335,2094.8
91853.75,40,2759,2353.2,2102.6
91853.79,40,2752.8,2372.2,2107
91853.83,40,2726.4,2397,2116
91853.87,40,2683.8,2443.2,2131.8
91853.91,40,2613.2,2494.6,2158.6
91853.95,40,2520.8,2587,2193.4
91853.99,40,2435.4,2653.2,2246.8
91854.03,40,2371.6,2686.8,2284.6
91854.07,40,2399.8,2701.6,2287.6
91854.11,40,2510,2677.8,2239
91854.15,40,2662.2,2621.6,2193.8
91854.19,40,2818,2503.4,2147
91854.23,40,2864.4,2386.6,2108.6
91854.27,40,2825.8,2300.4,2084.4
91854.31,40,2728,2240.2,2063
91854.35,40,2645.2,2204,2059
91854.39,40,2585.4,2180.6,2055.6
91854.43,40,2569.6,2175.6,2052
91854.47,40,2591,2188.8,2054.4
91854.51,40,2624,2206.8,2058.6
91854.55,40,2657.6,2227.2,2060.4
91854.59,40,2687.8,2261,2068.6
91854.63,40,2719,2301.8,2077.2
91854.67,40,2721.6,2356.8,2099.8
91854.71,40,2688.8,2419,2119.8
91854.75,40,2626.2,2511,2155.6
91854.79,40,2528.6,2591,2197.4
91854.83,40,2425.6,2658.2,2252.2
91854.87,40,2385.8,2701.4,2290.8
91854.91,40,2491.2,2742.2,2263.4
91854.95,40,2636.8,2663.4,2206.6
91854.99,40,2762.8,2538.4,2153.2
91855.03,40,2850,2428.8,2119.8
91855.07,40,2833.2,2339.2,2094
91855.11,40,2775.8,2271.2,2075.2
91855.15,40,2694.2,2237.4,2066
91855.19,40,2670,2216,2061.6
91855.23,40,2659,2215,2062.8
91855.27,40,2669.8,2231.8,2064.6
91855.31,40,2683.4,2231.2,2067.8
91855.35,40,2692.4,2260.4,2074.8
91855.39,40,2707.2,2289.2,2079.8
91855.43,40,2731.8,2343,2092.8
91855.47,40,2737.2,2423.8,2114.4
91855.51,40,2680.8,2520.2,2150.6
91855.55,40,2583.2,2625.2,2200.2
91855.59,40,2478,2712.2,2251.4
91855.63,40,2395,2770.2,2307.6
91855.67,40,2397.4,2799,2321.8
91855.71,40,2472.6,2773.6,2280.4
91855.75,40,2577.4,2691.8,2231.6
91855.79,40,2691.4,2598.2,2179.6
91855.83,40,2769.2,2490.8,2145.6
91855.87,40,2782.8,2404.8,2118
91855.91,40,2749.6,2332.6,2100.6
91855.95,40,2721.2,2292,2085.2
91855.99,40,2696.6,2261.4,2075.6
91856.03,40,2658.6,2244.4,2071.8
91856.07,40,2650.2,2240.8,2071.8
91856.11,40,2665.8,2251.6,2072
91856.15,40,2681.4,2268.8,2079
91856.19,40,2690,2292.4,2081.6
91856.23,40,2683.6,2322.8,2089.8
91856.27,40,2716.4,2389.8,2106
91856.31,40,2686.8,2478.4,2131
91856.35,40,2626,2575.4,2173.2
91856.39,40,2536,2667.4,2219.4
91856.43,40,2455.6,2737.8,2267
91856.47,40,2441.4,2787.8,2287.4
91856.51,40,2543,2734,2239.6
91856.55,40,2721.6,2663.6,2192
91856.59,40,2860.2,2520.6,2137.8
91856.63,40,2880.8,2395.2,2109.6
91856.67,40,2804.6,2297.4,2081.6
91856.71,40,2698,2235.6,2065.2
91856.75,40,2590,2191.2,2054.4
91856.79,40,2510.4,2169.6,2049.4
91856.83,40,2489,2153.6,2048.8
91856.87,40,2516,2169.2,2051.4
91856.91,40,2570.2,2190.2,2050.8
91856.95,40,2616,2208.8,2057.8
91856.99,40,2666,2236.2,2067.2
91857.03,40,2711.8,2280.8,2073.6
91857.07,40,2750.8,2335.2,2093.6
91857.11,40,2744.4,2428.6,2116.6
91857.15,40,2680.6,2546.2,2154.2
91857.19,40,2576,2670.8,2212.4
91857.23,40,2460,2767.6,2275.4
91857.27,40,2379.2,2809.2,2333.8
91857.31,40,2416,2787,2304.4
91857.35,40,2520.4,2732.8,2247.8
91857.39,40,2697.6,2631.6,2192.2
91857.43,40,2834,2498.4,2142.2
91857.47,40,2851.4,2375.4,2104
91857.51,40,2775,2291,2085.4
91857.55,40,2687.6,2233.2,2063.6
91857.59,40,2593.4,2189.2,2053.2
91857.63,40,2533.4,2165.4,2048.4
91857.67,40,2488.8,2146.6,2044
91857.71,40,2478.2,2145.4,2044.2
91857.75,40,2509,2152.6,2046.8
91857.79,40,2540.2,2167.8,2051.6
91857.83,40,2583,2187.2,2047.6
91857.87,40,2641.4,2216.2,2062.2
91857.91,40,2686.6,2260.6,2068.4
91857.95,40,2712.4,2311.2,2085.2
91857.99,40,2712.8,2382.6,2108.2
91858.03,40,2658,2469,2137.4
91858.07,40,2578.6,2561.2,2178.6
91858.11,40,2467.8,2642,2230.8
91858.15,40,2382.4,2681.8,2283.8
91858.19,40,2393.8,2698,2283.4
91858.23,40,2464.2,2607,2223.4
91858.27,40,2631,2570.8,2181.4
91858.31,40,2812.4,2482.8,2140.2
91858.35,40,2781,2357.8,2104.4
91858.39,40,2752.6,2276.6,2080.4
91858.43,40,2681,2222.2,2064.8
91858.47,40,2593.4,2185,2049.4
91858.51,40,2529.4,2160,2047
91858.55,40,2503.8,2148.2,2042.8
91858.59,40,2532.6,2158.2,2044.2
91858.63,40,2585.8,2176.2,2044.6
91858.67,40,2638.4,2198,2056
91858.71,40,2710.4,2237.4,2058.2
91858.75,40,2792,2292.6,2074
91858.79,40,2831.8,2380.4,2095.2
91858.83,40,2801.8,2491.2,2125.6
91858.87,40,2696.8,2622.6,2172.8
91858.91,40,2562,2748,2235.2
91858.95,40,2453.8,2812.2,2292
91858.99,40,2454.2,2776.4,2289.2
91859.03,40,2544.4,2722.4,2240.6
91859.07,40,2673.8,2602.8,2189.6
91859.11,40,2792.2,2472.2,2138.8
91859.15,40,2806.6,2363,2105
91859.19,40,2738.6,2267.8,2074.4
91859.23,40,2634,2205,2059.4
91859.27,40,2518,2162.4,2047.6
91859.31,40,2448.2,2139.2,2040.8
91859.35,40,2407.6,2124,2042.4
91859.39,40,2413.8,2128.6,2039.2
91859.43,40,2450.8,2141.8,2040.2
91859.47,40,2499.2,2153,2044.8
91859.51,40,2573.8,2187.4,2056
91859.55,40,2635.6,2231.2,2066.8
91859.59,40,2686.6,2296.4,2086.6
91859.63,40,2696,2389.8,2109.6
91859.67,40,2631.6,2487.6,2148.2
91859.71,40,2526.2,2582.2,2195
91859.75,40,2424.8,2634.8,2243.6
91859.79,40,2368.8,2664.4,2283.2
91859.83,40,2402.6,2659.8,2265.8
91859.87,40,2524.2,2634.2,2218.4
91859.91,40,2669.8,2544.4,2173.4
91859.95,40,2807.8,2440,2133.2
91859.99,40,2808.6,2337.2,2093.6
91860.03,40,2751,2262.4,2068.8
91860.07,40,2678.6,2209.8,2053.6
91860.11,40,2578.2,2173.6,2048.6
91860.15,40,2538.8,2153.6,2044.8
91860.19,40,2538,2151.2,2043.8
91860.23,40,2559.2,2164.4,2045.2
91860.27,40,2629.4,2184,2047.2
91860.31,40,2677,2221.4,2054
91860.35,40,2750,2274.6,2070.8
91860.39,40,2776.4,2361.2,2092.8
91860.43,40,2724.2,2463.8,2125.8
91860.47,40,2608,2572.8,2172.2
91860.51,40,2483.2,2658.6,2232.4
91860.55,40,2377.4,2669.6,2283.2
91860.59,40,2334,2643.8,2298.4
91860.63,40,2355,2589.8,2263.2
91860.67,40,2417.6,2528.6,2213.4
91860.71,40,2532.6,2468.8,2168
91860.75,40,2712,2429,2136.8
91860.79,40,2804,2352.6,2104.2
91860.83,40,2710.4,2261.4,2078.2
91860.87,40,2622.6,2206.6,2060.4
91860.91,40,2564.4,2172.4,2051.2
91860.95,40,2502.2,2150.4,2046.4
91860.99,40,2484,2141.8,2041.8
91861.03,40,2497.6,2142.2,2039.8
91861.07,40,2548.6,2158.6,2043.4
91861.11,40,2595.2,2184.6,2051.8
91861.15,40,2663.4,2225.8,2060
91861.19,40,2738.8,2286.4,2074.4
91861.23,40,2769.6,2373.6,2098.2
91861.27,40,2707,2487.2,2132.6
91861.31,40,2588.4,2598.2,2185
91861.35,40,2463.8,2672.2,2239.4
91861.39,40,2362.2,2693.2,2299
91861.43,40,2321.8,2671.8,2320.6
91861.47,40,2344.8,2619.2,2282.2
91861.51,40,2421.2,2577.2,2238.2
91861.55,40,2549.2,2510.6,2182.6
91861.59,40,2717,2452.4,2141.4
91861.63,40,2759.8,2354.4,2104.4
91861.67,40,2728.2,2277.2,2078.4
91861.71,40,2674.4,2219.6,2062.4
91861.75,40,2602.2,2179.4,2047
91861.79,40,2546.4,2152.6,2043.8
91861.83,40,2515.8,2145.2,2042.6
91861.87,40,2505,2146.6,2040.8
91861.91,40,2577.4,2158.4,2044.6
91861.95,40,2620.4,2179.6,2050
91861.99,40,2674.4,2209.8,2056
91862.03,40,2746.4,2258.4,2067.6
91862.07,40,2796,2322.8,2081.8
91862.11,40,2790.2,2415,2111.6
91862.15,40,2726.4,2528.4,2148
91862.19,40,2605,2642.8,2190.6
91862.23,40,2494.2,2715.4,2246.8
91862.27,40,2399.6,2743.6,2299
91862.31,40,2378.6,2724.4,2304.2
91862.35,40,2407.2,2639.6,2256.8
91862.39,40,2491.8,2543.6,2201.8
91862.43,40,2621.2,2466.4,2152
91862.47,40,2733.6,2398.8,2121.4
91862.51,40,2755,2322.8,2091.8
91862.55,40,2687.8,2252.4,2075.4
91862.59,40,2602,2209.2,2065.4
91862.63,40,2530.2,2178,2052
91862.67,40,2506.4,2165,2048.4
91862.71,40,2519.8,2163.4,2051.4
91862.75,40,2556.2,2181.2,2052
91862.79,40,2607.2,2204.4,2057
91862.83,40,2659.4,2237.2,2066.8
91862.87,40,2693,2287.2,2079.6
91862.91,40,2691.8,2343,2099.2
91862.95,40,2674,2422.8,2123.6
91862.99,40,2600.6,2505.8,2154.8
91863.03,40,2508.8,2580.4,2197.6
91863.07,40,2411.8,2627.6,2248.2
91863.11,40,2340.6,2646,2287.2
91863.15,40,2306.4,2639.2,2310.8
91863.19,40,2350.6,2663.4,2301
91863.23,40,2435.8,2601.6,2234.6
91863.27,40,2580.8,2530,2179.4
91863.31,40,2772,2480,2145.2
91863.35,40,2770.8,2355.6,2101.6
91863.39,40,2760.2,2278.2,2079
91863.43,40,2695.4,2221,2060.8
91863.47,40,2620.8,2183.4,2054.2
91863.51,40,2569.6,2161.4,2046.2
91863.55,40,2491.2,2144.2,2042.6
91863.59,40,2508.8,2150.8,2041.4
91863.63,40,2589.4,2165.4,2046.2
91863.67,40,2649,2190,2045.8
91863.71,40,2722.4,2230.8,2056.2
91863.75,40,2808.2,2294.8,2071
91863.79,40,2855,2388.4,2095.6
91863.83,40,2807,2505.8,2130
91863.87,40,2701.2,2644.8,2175.6
91863.91,40,2550.4,2748.8,2238.2
91863.95,40,2430.8,2797,2299.4
91863.99,40,2355.4,2770,2339.8
91864.03,40,2351.8,2698.8,2310
91864.07,40,2413.8,2651.8,2265
91864.11,40,2513.4,2544.6,2195.6
91864.15,40,2659.4,2468.8,2148.6
91864.19,40,2822.4,2405.4,2119.8
91864.23,40,2724.8,2290.6,2084
91864.27,40,2643,2226.2,2066.8
91864.31,40,2573.6,2187.4,2054.6
91864.35,40,2508.8,2163.2,2050.2
91864.39,40,2474,2148.8,2046
91864.43,40,2499.8,2156,2045.8
91864.47,40,2554.8,2172.8,2054.6
91864.51,40,2611.8,2211.2,2055
91864.55,40,2673.2,2243.6,2068.2
91864.59,40,2709,2302,2082
91864.63,40,2694.8,2375,2108.8
91864.67,40,2642.8,2465.8,2140
91864.71,40,2553.8,2550.2,2182
91864.75,40,2454.2,2613.2,2220.2
91864.79,40,2368.6,2637.6,2272.4
91864.83,40,2314.8,2627,2299.2
91864.87,40,2314.8,2652,2315.2
91864.91,40,2389.2,2637.4,2272.4
91864.95,40,2516.6,2593.2,2213.6
91864.99,40,2735.8,2542.4,2166.4
91865.03,40,2791.4,2403.6,2118
91865.07,40,2825,2316.8,2088.6
91865.11,40,2772.6,2243.2,2065
91865.15,40,2683.4,2190.2,2055
91865.19,40,2502.4,2149,2045.6
91865.23,40,2439.4,2133.2,2040.2
91865.27,40,2477.8,2133,2038.6
91865.31,40,2614.6,2155,2038
91865.35,40,2674.8,2176.6,2044.4
91865.39,40,2768.2,2209.2,2049.4
91865.43,40,2852,2264,2061
91865.47,40,2934.4,2344.4,2079.2
91865.51,40,2926.2,2459.6,2104.6
91865.55,40,2819.2,2606.6,2149
91865.59,40,2655.4,2751,2205.4
91865.63,40,2505.2,2837.6,2274
91865.67,40,2397.2,2831.6,2331.6
91865.71,40,2358.8,2762.2,2327.8
91865.75,40,2390,2700.6,2290
91865.79,40,2477.4,2619.2,2228.4
91865.83,40,2670.8,2571,2179.6
91865.87,40,2777,2436.6,2132
91865.91,40,2768.2,2326.2,2095
91865.95,40,2664.2,2239.8,2071
91865.99,40,2572.6,2187,2056.6
91866.03,40,2487.2,2160,2047.8
91866.07,40,2428,2139.2,2043.4
91866.11,40,2406,2127,2040.2
91866.15,40,2427.6,2137.2,2039.6
91866.19,40,2469.2,2149.2,2046.2
91866.23,40,2521,2172.8,2051.2
91866.27,40,2584.2,2201.6,2059
91866.31,40,2659,2240,2065
91866.35,40,2699.8,2304.4,2085
91866.39,40,2714.4,2377.2,2107.8
91866.43,40,2673.4,2467,2133
91866.47,40,2609.6,2557.4,2173.2
91866.51,40,2518,2655.8,2218
91866.55,40,2442.4,2731.6,2268
91866.59,40,2390.2,2765.2,2314.6
91866.63,40,2409.8,2746,2295.6
91866.67,40,2525.2,2689,2237
91866.71,40,2673.4,2586.4,2180.4
91866.75,40,2787.6,2458,2133.6
91866.79,40,2774,2347,2102.4
91866.83,40,2719,2273.4,2077.6
91866.87,40,2629,2225,2066.6
91866.91,40,2556.6,2182.8,2051.4
91866.95,40,2509,2163.8,2051.6
91866.99,40,2492.2,2151.2,2044.8
91867.03,40,2526.4,2163,2046
91867.07,40,2575,2185,2051.8
91867.11,40,2635.2,2204,2055.8
91867.15,40,2687.6,2244.2,2064.2
91867.19,40,2750.4,2299,2074.4
91867.23,40,2778.6,2371.8,2095
91867.27,40,2761.6,2478.8,2124.6
91867.31,40,2695.8,2594.6,2160.4
91867.35,40,2601,2713.2,2208.6
91867.39,40,2530.4,2807.2,2264.2
91867.43,40,2474.4,2824.8,2291.8
91867.47,40,2519,2757.8,2252.2
91867.51,40,2622.4,2633.8,2201.2
91867.55,40,2728.4,2501.2,2150.8
91867.59,40,2831.4,2401.6,2115.4
91867.63,40,2714,2287,2086
91867.67,40,2634,2235.2,2068.6
91867.71,40,2557.6,2188,2057
91867.75,40,2498.4,2168.6,2053.2
91867.79,40,2462.6,2152.6,2046.6
91867.83,40,2481.4,2160.6,2050
91867.87,40,2528.2,2181.6,2052.4
91867.91,40,2594.6,2208.2,2061.8
91867.95,40,2647.2,2242.6,2063.8
91867.99,40,2689.2,2283,2081
91868.03,40,2703.6,2350.4,2099.8
91868.07,40,2684.8,2430.8,2119.8
91868.11,40,2615.4,2514.8,2161.4
91868.15,40,2527.2,2597.4,2197.8
91868.19,40,2444.8,2655.8,2247.6
91868.23,40,2375.8,2676,2284.4
91868.27,40,2358,2681.6,2296.2
91868.31,40,2415,2662.2,2261.4
91868.35,40,2499.4,2559,2204.4
91868.39,40,2621.8,2464.2,2148
91868.43,40,2778.2,2402.4,2118.8
91868.47,40,2718.8,2301.4,2084.8
91868.51,40,2677.8,2242,2067
91868.55,40,2604,2190.6,2050.4
91868.59,40,2547.2,2163.8,2044.6
91868.63,40,2538.8,2155.8,2043.6
91868.67,40,2538.6,2154.4,2044.8
91868.71,40,2577.2,2167.6,2048.2
91868.75,40,2656.4,2188.2,2049.2
91868.79,40,2730.4,2223.6,2056.6
91868.83,40,2832.6,2279.8,2065.4
91868.87,40,2924.4,2367,2090
91868.91,40,2943.6,2489.6,2115.2
91868.95,40,2855.6,2642,2155.4
91868.99,40,2742.6,2813.8,2209.8
91869.03,40,2606.4,2930.4,2268.2
91869.07,40,2502.6,2947.2,2319.4
91869.11,40,2461,2867.2,2310.8
91869.15,40,2516.8,2843.8,2283
91869.19,40,2561.6,2617.6,2203.8
91869.23,40,2723.6,2530.6,2160.6
91869.27,40,2742.4,2394.4,2121
91869.31,40,2762.2,2309.8,2091.6
91869.35,40,2679.8,2245,2070.2
91869.39,40,2567,2193.4,2057.4
91869.43,40,2484,2157.4,2050.2
91869.47,40,2450.4,2151,2045.4
91869.51,40,2460,2153.2,2047.4
91869.55,40,2513.8,2166.4,2049.2
91869.59,40,2583.2,2189.8,2053.2
91869.63,40,2658,2227.6,2061.2
91869.67,40,2704.4,2275,2075.2
91869.71,40,2725.2,2343.6,2094.2
91869.75,40,2712.8,2433,2120.2
91869.79,40,2629,2532.6,2151.8
91869.83,40,2534,2616,2205.6
91869.87,40,2446.4,2679.4,2250.4
91869.91,40,2386.2,2711.6,2290.2
91869.95,40,2394.8,2703.2,2287.2
91869.99,40,2484.6,2658.2,2242.2
91870.03,40,2608.8,2574,2189
91870.07,40,2770.2,2490,2142.4
91870.11,40,2775.2,2376,2111.4
91870.15,40,2764.6,2300,2079
91870.19,40,2691.2,2238.8,2063
91870.23,40,2622,2199.2,2058
91870.27,40,2582.2,2182,2052.6
91870.31,40,2565.4,2174,2050.8
91870.35,40,2588.6,2181.8,2052
91870.39,40,2621,2194.4,2054
91870.43,40,2648.4,2224.2,2059.6
91870.47,40,2730.4,2266.8,2070.8
91870.51,40,2782.4,2336,2088.8
91870.55,40,2774.6,2432.2,2113.4
91870.59,40,2719.6,2548.8,2155.2
91870.63,40,2612.8,2677.6,2200.8
91870.67,40,2510,2771,2262.2
91870.71,40,2421.6,2818,2313.6
91870.75,40,2394.2,2792,2318
91870.79,40,2442.4,2725,2273.8
91870.83,40,2540.6,2631.6,2216
91870.87,40,2693.2,2548.2,2169.2
91870.91,40,2762.4,2438,2129.2
91870.95,40,2775.8,2353.6,2098.6
91870.99,40,2701,2276.6,2080
91871.03,40,2648.8,2223.6,2067.4
91871.07,40,2588.6,2194.8,2057.8
91871.11,40,2538,2176.4,2052.6
91871.15,40,2540.4,2171.4,2047.4
91871.19,40,2555.4,2180.4,2049.6
91871.23,40,2595.8,2205,2058
91871.27,40,2654.2,2231.4,2064.4
91871.31,40,2692.8,2281.6,2077.4
91871.35,40,2718.6,2335.2,2093.6
91871.39,40,2693.8,2408,2120.6
91871.43,40,2639.6,2490.4,2145
91871.47,40,2565.6,2573.6,2186.8
91871.51,40,2480.4,2635.6,2227.4
91871.55,40,2410.6,2678.4,2268
91871.59,40,2379.8,2687.2,2287.2
91871.63,40,2421.2,2660.8,2257.2
91871.67,40,2533.2,2609.6,2209
91871.71,40,2689.8,2545.8,2162.4
91871.75,40,2828.8,2448.4,2131
91871.79,40,2790.8,2337.2,2095.4
91871.83,40,2750.4,2269.2,2078.4
91871.87,40,2676.4,2223.2,2063.6
91871.91,40,2596.4,2190,2057
91871.95,40,2558,2175.2,2048
91871.99,40,2562.4,2172.4,2050
91872.03,40,2594.4,2188.6,2049.2
91872.07,40,2632,2214.4,2056.4
91872.11,40,2680.4,2251.2,2070
91872.15,40,2722.2,2305.8,2080.4
91872.19,40,2722,2369.8,2096.4
91872.23,40,2679.2,2457.8,2129.8
91872.27,40,2600,2541.6,2167.8
91872.31,40,2502.6,2619.2,2210.6
91872.35,40,2414,2654.6,2252.2
91872.39,40,2359.2,2651.4,2284
91872.43,40,2355.4,2635.2,2280.2
91872.47,40,2405.6,2578.6,2235.4
91872.51,40,2502.6,2525,2186.8
91872.55,40,2662,2475.4,2152.8
91872.59,40,2797.6,2411.4,2118
91872.63,40,2777.2,2315,2090
91872.67,40,2755.2,2250.4,2071.6
91872.71,40,2677,2203.2,2057.2
91872.75,40,2612.6,2172.2,2047.8
91872.79,40,2493.6,2149.2,2039.4
91872.83,40,2495.8,2145,2040
91872.87,40,2603.4,2165.8,2042.4
91872.91,40,2638.8,2184.8,2047.6
91872.95,40,2704.8,2221,2059.4
91872.99,40,2778,2268.4,2064.4
91873.03,40,2822.6,2334,2080.4
91873.07,40,2820.2,2423.2,2106.8
91873.11,40,2758.4,2546.8,2141
91873.15,40,2654.2,2668.8,2191.6
91873.19,40,2534.8,2760.6,2243.6
91873.23,40,2437,2808.4,2301.4
91873.27,40,2408,2781.6,2311.2
91873.31,40,2467.4,2720.2,2263.8
91873.35,40,2581,2629.4,2212.6
91873.39,40,2700.4,2522.6,2162.2
91873.43,40,2784,2417.4,2127.8
91873.47,40,2752,2322.6,2096
91873.51,40,2710.4,2260.2,2074
91873.55,40,2630.4,2213.2,2065
91873.59,40,2570.8,2179.6,2049.6
91873.63,40,2532.8,2161.8,2047.2
91873.67,40,2543.2,2165.8,2047.8
91873.71,40,2580.2,2175.6,2047.2
91873.75,40,2625.4,2195.8,2053.6
91873.79,40,2673.4,2226.6,2060.2
91873.83,40,2733.2,2271.4,2068.2
91873.87,40,2768,2333.2,2086.2
91873.91,40,2767,2410.8,2111.2
91873.95,40,2711,2501.4,2136.8
91873.99,40,2623.4,2602.6,2179.2
91874.03,40,2530.2,2677.4,2222
91874.07,40,2452.8,2715,2264.6
91874.11,40,2423.2,2711.6,2275.4
91874.15,40,2466.2,2644.8,2239.2
91874.19,40,2563.2,2581.4,2191.8
91874.23,40,2700.8,2510.4,2155.2
91874.27,40,2798.4,2430.8,2125.2
91874.31,40,2775,2341,2099.4
91874.35,40,2756.6,2288.4,2081.6
91874.39,40,2721,2255.8,2070
91874.43,40,2678.6,2222,2064.2
91874.47,40,2654.8,2216.8,2060
91874.51,40,2662.4,2218.8,2062.8
91874.55,40,2674.8,2235.4,2063
91874.59,40,2673.4,2246.8,2073.2
91874.63,40,2686.6,2270.2,2073.6
91874.67,40,2720.4,2302,2083.2
91874.71,40,2726.2,2337.2,2091.6
91874.75,40,2725.4,2388,2106
91874.79,40,2700.2,2451.6,2124.8
91874.83,40,2648,2523,2150.2
91874.87,40,2579.6,2599.6,2192.8
91874.91,40,2518.4,2648,2215.6
91874.95,40,2572.8,2696.4,2220.2
91874.99,40,2661.2,2594.6,2177.6
91875.03,40,2777,2506.4,2139.8
91875.07,40,2875.8,2415.2,2111.4
91875.11,40,2887.6,2329.6,2093.4
91875.15,40,2797.4,2265.4,2071.4
91875.19,40,2714.2,2220.4,2060.6
91875.23,40,2643.6,2192.2,2053.4
91875.27,40,2597.8,2176.6,2045.8
91875.31,40,2579,2168.8,2047.8
91875.35,40,2601.8,2177,2051.8
91875.39,40,2645.2,2186.6,2051
91875.43,40,2706,2205.6,2055
91875.47,40,2814.6,2245.6,2060.6
91875.51,40,2877.2,2301.8,2077
91875.55,40,2943.4,2392.8,2090.2
91875.59,40,2959.2,2533,2119
91875.63,40,2883.2,2722.4,2165
91875.67,40,2759.2,2904.4,2221.2
91875.71,40,2649.4,3013.6,2277.8
91875.75,40,2667.4,3021.8,2276.2
91875.79,40,2819.6,2975.8,2238.6
91875.83,40,3059,2835.8,2184.4
91875.87,40,3237.6,2633.2,2139.6
91875.91,40,3285.2,2464.8,2104.4
91875.95,40,3106.4,2334.4,2083
91875.99,40,2866.6,2244.2,2061
91876.03,40,2696.8,2189.4,2052
91876.07,40,2565.6,2154.8,2044.6
91876.11,40,2484,2133.2,2042.4
91876.15,40,2442.8,2130.2,2038.6
91876.19,40,2478.8,2134.8,2039.2
91876.23,40,2487.2,2140.4,2039
91876.27,40,2539.8,2161.8,2046.8
91876.31,40,2681.6,2201,2052.8
91876.35,40,2838.2,2253.6,2060.8
91876.39,40,2960,2347,2080.4
91876.43,40,2975.8,2477.6,2110.8
91876.47,40,2895.6,2668.2,2155
91876.51,40,2739.8,2868.8,2218.8
91876.55,40,2585.4,3010.6,2295.8
91876.59,40,2495.8,3079.6,2355.6
91876.63,40,2574.2,3064.2,2317.2
91876.67,40,2733.8,2982.6,2253.4
91876.71,40,3003.4,2815.6,2182
91876.75,40,3283,2609.6,2132.8
91876.79,40,3291.6,2427.2,2100
91876.83,40,3057.6,2295.6,2070.4
91876.87,40,2826.8,2215.8,2053.8
91876.91,40,2632.8,2169.2,2048
91876.95,40,2512.6,2143,2041.2
91876.99,40,2468.4,2136.8,2045
91877.03,40,2494.8,2146,2041
91877.07,40,2565.2,2160.8,2043.8
91877.11,40,2651.2,2191,2050.6
91877.15,40,2734.2,2227,2054.8
91877.19,40,2851.6,2286.4,2073.6
91877.23,40,2964.8,2391.2,2087.4
91877.27,40,2983.4,2532.6,2121
91877.31,40,2885.4,2734.6,2169.6
91877.35,40,2721.8,2924.4,2230.8
91877.39,40,2576.4,3068.6,2307.8
91877.43,40,2502.8,3107.2,2355.2
91877.47,40,2553.6,3077.6,2322.4
91877.51,40,2689.8,2993,2259.8
91877.55,40,2936.4,2873.8,2197.8
91877.59,40,3249.8,2683.2,2150.2
91877.63,40,3385.8,2498.8,2108
91877.67,40,3177,2338.4,2081
91877.71,40,2917.4,2244.8,2065.4
91877.75,40,2713,2195.2,2051.4
91877.79,40,2573.2,2157.2,2042.4
91877.83,40,2522.2,2147.2,2042.6
91877.87,40,2546.4,2151.8,2043.6
91877.91,40,2581.8,2165.2,2045.6
91877.95,40,2597.4,2179,2050
91877.99,40,2711.6,2215.6,2056
91878.03,40,2853.4,2270.2,2062.8
91878.07,40,2964.8,2352.2,2083.8
91878.11,40,2998,2476.8,2108.2
91878.15,40,2934,2645.2,2144.2
91878.19,40,2811,2837,2199.2
91878.23,40,2657,2987.6,2259.6
91878.27,40,2564.2,3079.2,2320
91878.31,40,2615.6,3044.2,2290.2
91878.35,40,2763.2,2935,2236
91878.39,40,3002.6,2761.2,2172.8
91878.43,40,3243.2,2573,2129.8
91878.47,40,3309.2,2411.8,2096.8
91878.51,40,3055,2283.2,2067.4
91878.55,40,2783.4,2209.4,2051
91878.59,40,2613.8,2170,2049.4
91878.63,40,2477.8,2137.6,2039.4
91878.67,40,2453.4,2128.4,2039.6
91878.71,40,2472,2135.4,2037.2
91878.75,40,2525,2149.4,2040.8
91878.79,40,2575.8,2168,2048.8
91878.83,40,2641,2190.8,2050
91878.87,40,2792.8,2242.2,2059.8
91878.91,40,2974.8,2325,2070.4
91878.95,40,3056.6,2446.4,2099.4
91878.99,40,2997.2,2610.8,2133.2
91879.03,40,2860.4,2802,2183.8
91879.07,40,2714.6,2964.6,2238.6
91879.11,40,2597.6,3072.2,2299.4
91879.15,40,2630.4,3086,2296.4
91879.19,40,2778.2,3012.4,2243.6
91879.23,40,3021,2862.2,2192.4
91879.27,40,3344.6,2670.4,2137
91879.31,40,3387.8,2476.2,2108.4
91879.35,40,3153.2,2336.6,2075.6
91879.39,40,2921.6,2248,2062.2
91879.43,40,2716.8,2187.4,2053
91879.47,40,2588.4,2165,2046.4
91879.51,40,2552,2154.2,2042.6
91879.55,40,2569.2,2157,2044.8
91879.59,40,2610.8,2173.6,2046.6
91879.63,40,2700.8,2195,2049.8
91879.67,40,2728.2,2225.8,2056.2
91879.71,40,2847,2276,2067.2
91879.75,40,3025,2367.8,2082.4
91879.79,40,3068.8,2496.2,2103.6
91879.83,40,3002,2665.4,2140.8
91879.87,40,2876.4,2860.6,2199.4
91879.91,40,2727.4,3020.4,2249.8
91879.95,40,2610.4,3105,2303.8
91879.99,40,2606.6,3110.6,2304.6
91880.03,40,2718.6,3022.2,2258.6
91880.07,40,2957.6,2887.6,2196.6
91880.11,40,3277,2707,2143.8
91880.15,40,3465.4,2526.8,2105.6
91880.19,40,3240.6,2362.8,2079
91880.23,40,2981.8,2263,2060.2
91880.27,40,2764.2,2206.4,2050.4
91880.31,40,2615.6,2169.4,2045
91880.35,40,2534.2,2153.4,2038
91880.39,40,2546.6,2156.4,2044.2
91880.43,40,2601,2169.8,2044.8
91880.47,40,2662,2184.4,2046.2
91880.51,40,2761.8,2213.8,2052
91880.55,40,2792,2250.6,2062
91880.59,40,2901.6,2316.6,2074.2
91880.63,40,2995,2418.2,2095
91880.67,40,3032.8,2577.4,2123.8
91880.71,40,2948.4,2782,2167.2
91880.75,40,2807.6,2975.2,2225
91880.79,40,2668.2,3084.8,2277.4
91880.83,40,2620.8,3104,2299.6
91880.87,40,2746.4,3045,2255.8
91880.91,40,2952.6,2863.4,2194
91880.95,40,3219,2645.6,2137.4
91880.99,40,3359.2,2464.6,2100.4
91881.03,40,3261.8,2326.2,2074.4
91881.07,40,2963.4,2235.4,2061.4
91881.11,40,2741.2,2188.4,2047.4
91881.15,40,2597.8,2153,2042.4
91881.19,40,2564.2,2144.2,2041.6
91881.23,40,2588.6,2153.6,2042.6
91881.27,40,2648.8,2165.6,2045.4
91881.31,40,2686,2191,2050.6
91881.35,40,2790.2,2229.2,2053
91881.39,40,2955.6,2295.8,2068
91881.43,40,3056.8,2399,2085.2
91881.47,40,3052.6,2545.4,2116.6
91881.51,40,2949.8,2728.4,2161.4
91881.55,40,2788.6,2921.8,2219.6
91881.59,40,2632.8,3065.6,2287.2
91881.63,40,2529.6,3131.4,2344
91881.67,40,2553.6,3100,2327.8
91881.71,40,2689.2,3012.6,2265.4
91881.75,40,2921.6,2834.6,2196.2
91881.79,40,3208,2638.8,2137.8
91881.83,40,3370,2469.4,2102.8
91881.87,40,3232.2,2332.6,2073.8
91881.91,40,2956.8,2242.6,2059.6
91881.95,40,2736.8,2191.6,2050.4
91881.99,40,2581.6,2160.4,2045.2
91882.03,40,2516.2,2140.6,2040
91882.07,40,2520.6,2145.2,2034.2
91882.11,40,2571.2,2158,2044.8
91882.15,40,2597.2,2170,2046.2
91882.19,40,2658.2,2201.4,2053.2
91882.23,40,2836.6,2247.8,2058.2
91882.27,40,3026.2,2334.6,2072.4
91882.31,40,3091.4,2459.2,2099.2
91882.35,40,3030.6,2623.8,2130.8
91882.39,40,2900.4,2815.6,2179.6
91882.43,40,2738.4,2969.4,2243.8
91882.47,40,2617.6,3072.8,2293
91882.51,40,2566.2,3094.2,2317.2
91882.55,40,2670,3042.8,2274.6
91882.59,40,2900,2885,2205.8
91882.63,40,3176,2654.2,2145
91882.67,40,3320.6,2467.8,2104.6
91882.71,40,3174.6,2319.2,2076.2
91882.75,40,2906.8,2232.4,2052.6
91882.906,156,2494.2,2135.4,2037.2
91882.946,40,2535,2146.6,2036.4
91882.986,40,2617.2,2169.6,2045.6
91883.026,40,2726.4,2205,2051
91883.066,40,2848,2258.8,2060.4
91883.106,40,2978,2343.2,2078.2
91883.146,40,3034.8,2466,2101.6
91883.186,40,2994.4,2636.2,2135.4
91883.226,40,2866.2,2812.8,2184.8
91883.266,40,2740.2,3007,2240.2
91883.306,40,2622.6,3119.4,2294.2
91883.346,40,2614.6,3122.6,2304
91883.386,40,2745.8,3051.8,2255.2
91883.426,40,2957,2868.4,2197.2
91883.466,40,3236.6,2663.4,2141.8
91883.506,40,3400.2,2480.4,2105.2
91883.546,40,3273.6,2334.4,2072.6
91883.586,40,2958.4,2238.4,2058.4
91883.626,40,2724.8,2185.2,2042
91883.666,40,2574,2148.6,2040
91883.706,40,2523,2144,2042
91883.746,40,2523.6,2148.4,2040.2
91883.786,40,2577.2,2154.2,2041
91883.826,40,2628.8,2168.4,2041.2
91883.866,40,2688.4,2186,2048.8
91883.906,40,2732,2216.8,2055.2
91883.946,40,2899.8,2265.4,2061.8
91883.986,40,3040.6,2344.2,2075.6
91884.026,40,3085.6,2462.4,2100
91884.066,40,3033.2,2605.6,2130.4
91884.106,40,2937.6,2770.8,2166.4
91884.149,43,2797.2,2921.4,2216.4
91884.189,40,2704.4,3010.2,2257.6
91884.229,40,2689.8,3021.2,2257
91884.269,40,2756.2,2937.6,2231.8
91884.309,40,2870.2,2810,2192.8
91884.349,40,3047.8,2671.4,2150.8
91884.389,40,3253.4,2545.4,2120.2
91884.429,40,3417,2439.4,2093.4
91884.469,40,3156,2334.4,2077.8
91884.509,40,2953.8,2269.8,2064.4
91884.549,40,2806.6,2226.6,2056.4
91884.589,40,2740.8,2213,2054.2
91884.629,40,2744.4,2214.8,2057
91884.669,40,2779.4,2238.8,2058.2
91884.709,40,2818,2265,2069.4
91884.749,40,2844.4,2304.6,2071.4
91884.789,40,2892.8,2363.2,2089.6
91884.829,40,2892,2450.6,2107.4
91884.869,40,2849.4,2548.8,2134.6
91884.909,40,2773.8,2661.6,2170
91884.949,40,2678.2,2762.4,2209.6
91884.989,40,2614.6,2822.4,2238
91885.029,40,2601,2860.2,2248.4
91885.069,40,2712.8,2884.4,2234.4
91885.109,40,2907.2,2811.8,2191.8
91885.149,40,2919.6,2576.4,2143.2
91885.189,40,2981.8,2440.8,2110.8
91885.229,40,3039,2357.6,2088.2
91885.269,40,3089.6,2293.6,2072.2
91885.309,40,2944,2240.2,2057.2
91885.349,40,2782.2,2209.4,2054.8
91885.389,40,2691.4,2187.4,2046.2
91885.429,40,2661.6,2189.4,2047
91885.469,40,2675,2204.2,2051.8
91885.509,40,2690.8,2209.4,2052.2
91885.549,40,2727.2,2226.2,2056.2
91885.589,40,2787.8,2243.6,2061.8
91885.629,40,2878,2281.6,2067.4
91885.669,40,2967.2,2335.8,2078
91885.709,40,3076.6,2418.2,2089.2
91885.749,40,3000.6,2511,2115
91885.789,40,2950.4,2655.2,2141.8
91885.829,40,2892.2,2860.2,2190.2
91885.869,40,2782.6,3037.8,2237.8
91885.909,40,2686.2,3081,2273.6
91885.949,40,2719,3054.2,2258.4
91885.989,40,2873.2,3031.2,2228.2
91886.029,40,3082,2934,2189.8
91886.069,40,3254.2,2773.4,2157.4
91886.109,40,3357.4,2613.4,2127.4
91886.149,40,3338,2482.4,2106
91886.189,40,3206.2,2380.6,2090.4
91886.229,40,3032.2,2308,2075
91886.269,40,2877.8,2255.4,2063.2
91886.309,40,2774.8,2232.6,2059
91886.349,40,2699.8,2210,2057.6
91886.389,40,2659.6,2205.6,2058
91886.429,40,2666.6,2215.2,2057.2
91886.469,40,2676.2,2223.8,2061.6
91886.509,40,2694.8,2233.6,2059.6
91886.549,40,2720,2243.4,2057.8
91886.589,40,2750.8,2263.2,2064
91886.629,40,2795,2284.8,2068.8
91886.669,40,2857.8,2312,2076.4
91886.709,40,2918.6,2359,2082.8
91886.749,40,2973.4,2424.6,2102.6
91886.789,40,3028,2505.6,2110
91886.829,40,3055,2595.4,2127.6
91886.869,40,2949.2,2616,2138.4
91886.909,40,2958,2652.8,2140.6
91886.949,40,3079.2,2701.4,2146.6
91886.989,40,3050.4,2694.4,2146.2
91887.029,40,3022.4,2697.2,2150.2
91887.069,40,3018.2,2679.8,2147.2
91887.109,40,3007.4,2633,2138.6
91887.149,40,2994.4,2589.4,2131.8
91887.189,40,2964.6,2535.2,2128.8
91887.229,40,2929.8,2492.2,2118.4
91887.269,40,2880.8,2464,2113
91887.309,40,2827.2,2443.4,2112.4
91887.349,40,2781.8,2432,2113.2
91887.389,40,2745.6,2431.4,2121
91887.429,40,2734.2,2444.8,2121.2
91887.469,40,2721.2,2451.4,2124.2
91887.509,40,2708.4,2463.4,2125.8
91887.549,40,2707.4,2475.2,2131.6
91887.589,40,2708.4,2487.8,2136.2
91887.629,40,2712.6,2494.6,2138.6
91887.669,40,2719.4,2508,2138.8
91887.709,40,2729.6,2518.6,2141.8
91887.749,40,2736.6,2523.2,2140.4
91887.789,40,2756.6,2533.2,2138
91887.829,40,2766.4,2544.6,2141.4
91887.869,40,2788.4,2554.2,2143.6
91887.909,40,2813.8,2566,2145
91887.949,40,2835.8,2580.8,2145
91887.989,40,2878,2602,2144.6
91888.029,40,2908,2625.4,2143.8
91888.069,40,2951.4,2651.2,2147.4
91888.109,40,2984.2,2669.6,2148.6
91888.149,40,3009.4,2689,2151.2
91888.189,40,3033.8,2705.2,2151.6
91888.229,40,3048.6,2726.8,2152.8
91888.269,40,3057.4,2742.8,2156.2
91888.309,40,3067.8,2759.2,2162.2
91888.349,40,3069.2,2767.6,2153.8
91888.389,40,3057.4,2781.2,2161
91888.429,40,3038.4,2787.4,2159.6
91888.469,40,3016.6,2792.4,2167.2
91888.509,40,2994.2,2794,2169.2
91888.549,40,2968.4,2810,2169.8
91888.589,40,2961.8,2822,2177
91888.629,40,2939.4,2836.8,2183.2
91888.669,40,2920,2837.8,2186.2
91888.709,40,2899.8,2850.6,2184.8
91888.749,40,2867.6,2843.2,2186.4
91888.789,40,2850,2846.8,2191.8
91888.829,40,2821.8,2848.6,2198.4
91888.869,40,2808.8,2852,2201.2
91888.909,40,2786.6,2846,2204
91888.949,40,2762.8,2836.6,2204.6
91888.989,40,2742,2843,2206.4
91889.029,40,2723.4,2834.6,2211.8
91889.069,40,2701.2,2837.8,2216.4
91889.109,40,2687.2,2840.8,2225.8
91889.149,40,2668.8,2840.8,2228.4
91889.189,40,2654.2,2841.6,2231
91889.229,40,2638.2,2840.8,2237.8
91889.269,40,2621.6,2839.6,2233.6
91889.309,40,2606,2844.8,2239
91889.349,40,2597.6,2842.6,2245
91889.389,40,2584,2838.2,2248.2
91889.429,40,2570.2,2836,2248.6
91889.469,40,2560.4,2841.2,2256.2
91889.509,40,2542.2,2842.4,2261.2
91889.549,40,2529.6,2839.2,2259
