236065.896,40,2184.8,2826.6,2920
236065.936,40,2175,2814.4,2927
236065.976,40,2177.2,2812.4,2947.2
236066.016,40,2180.4,2786.4,2917.6
236066.056,40,2178.8,2756,2876.2
236066.096,40,2180.4,2733.4,2845.6
236066.136,40,2178.2,2719.6,2829.8
236066.176,40,2180.2,2710,2819
236066.216,40,2180.4,2704.4,2823.2
236066.256,40,2180.2,2711.6,2812.8
236066.296,40,2183.8,2710.2,2820.2
236066.336,40,2181.2,2708.2,2820.6
236066.376,40,2179.8,2711.4,2819.2
236066.416,40,2180.6,2706.6,2817.4
236066.456,40,2186.2,2727.8,2837
236066.496,40,2189,2770,2856.6
236066.536,40,2206.6,2795.4,2810.2
236066.576,40,2237.8,2839.6,2759.2
236066.616,40,2279.4,2895.4,2710.2
236066.656,40,2330.8,2953.4,2641
236066.696,40,2397.8,2992.2,2574.8
236066.736,40,2493.4,3026.4,2511.6
236066.776,40,2614,3039.8,2442.6
236066.816,40,2753.2,3009.4,2364.4
236066.856,40,2927.4,2946,2294.8
236066.896,40,3093,2820.6,2236.4
236066.936,40,3223,2697.2,2187.4
236066.976,40,3300.4,2586,2152
236067.016,40,3340,2497.8,2130.2
236067.056,40,3335,2444.8,2112
236067.096,40,3305,2420.6,2106.8
236067.136,40,3336.6,2446.2,2111.6
236067.176,40,3402.4,2486.6,2116.8
236067.216,40,3422.4,2538.8,2128.4
236067.256,40,3433.6,2621,2145.2
236067.296,40,3392.8,2712.4,2161.2
236067.336,40,3369.6,2861.8,2191.4
236067.376,40,3265.8,3011.2,2229.4
236067.416,40,3117,3151.4,2274.4
236067.456,40,2934.4,3267.8,2329.8
236067.496,40,2748,3312.6,2397.2
236067.536,40,2580.8,3241.2,2467.2
236067.576,40,2455.2,3157.2,2534.6
236067.616,40,2366,3055.6,2593
236067.656,40,2303.4,2957.6,2624.2
236067.696,40,2278.6,2886.4,2631.6
236067.736,40,2279.2,2856.6,2612.4
236067.776,40,2288.2,2840.6,2577.2
236067.816,40,2328.6,2859.6,2529.2
236067.856,40,2415,2929.8,2480.6
236067.896,40,2552.8,2958,2407.4
236067.936,40,2764,2991.6,2343
236067.976,40,3016.2,2963.4,2279.8
236068.016,40,3206.4,2876.8,2236
236068.056,40,3314,2799.6,2203.8
236068.096,40,3365.2,2756.4,2188
236068.136,40,3344,2767.2,2191.4
236068.176,40,3336,2842.6,2206.6
236068.216,40,3223.6,2941.2,2235.6
236068.256,40,3051,3072.2,2285.4
236068.296,40,2848.4,3254.4,2366.2
236068.336,40,2656.4,3456,2492.6
236068.376,40,2492.4,3473.2,2624.4
236068.416,40,2403.8,3411.2,2726.6
236068.456,40,2371.4,3358.6,2755.2
236068.496,40,2413.2,3388.8,2693.2
236068.536,40,2521,3310.6,2549.6
236068.576,40,2677,3182,2417.6
236068.616,40,2940,3128,2325.6
236068.656,40,3094.6,2881.8,2250
236068.696,40,3134.2,2708.2,2199.8
236068.736,40,3142.4,2610.8,2167.2
236068.776,40,3135,2564.4,2157.2
236068.816,40,3096.8,2603.4,2166.8
236068.856,40,3071.4,2675.2,2187
236068.896,40,2990,2775,2219.8
236068.936,40,2825.8,2895.4,2275.8
236068.976,40,2650.6,3059.4,2367.8
236069.016,40,2489.8,3092.8,2471.4
236069.056,40,2374.2,3059,2586.4
236069.096,40,2303.6,3007.2,2664
236069.136,40,2313.8,3011.8,2664.6
236069.176,40,2407.2,3080.2,2562
236069.216,40,2560,3075.4,2444.2
236069.256,40,2790.4,3042.2,2347
236069.296,40,3002.8,2900.2,2266.4
236069.336,40,3128.8,2758,2208
236069.376,40,3199.6,2658.6,2178
236069.416,40,3246.6,2610.2,2158.8
236069.456,40,3228.4,2628.6,2165.2
236069.496,40,3206.8,2694.8,2180.4
236069.536,40,3121.8,2798.6,2212.2
236069.576,40,2954.8,2936.4,2261.6
236069.616,40,2731.4,3134,2363.6
236069.656,40,2524.2,3242,2502.2
236069.696,40,2366.2,3175,2670.4
236069.736,40,2283.2,3107,2817.6
236069.776,40,2374.6,3358.8,2763.2
236069.816,40,2552.4,3175.2,2507.6
236069.856,40,2816.6,3242,2406.4
236069.896,40,3031.6,3072.2,2309.8
236069.936,40,3121,2863,2243.2
236069.976,40,3176.4,2739.4,2203.4
236070.016,40,3255.4,2684.2,2182.2
236070.056,40,3216.2,2666.4,2176
236070.096,40,3177.4,2718.6,2192.4
236070.136,40,3116,2797,2212.8
236070.176,40,2923,2932.2,2269.8
236070.216,40,2716.2,3108.6,2366.6
236070.256,40,2493,3215.8,2522.4
236070.296,40,2337,3163.6,2711.2
236070.336,40,2249.6,3080.8,2910.6
236070.376,40,2317.8,3313.4,2858.8
236070.416,40,2513.4,3291,2579.6
236070.456,40,2758.4,3316.6,2449.4
236070.496,40,3008,3171,2341.4
236070.536,40,3167.4,2983.6,2267.2
236070.576,40,3183.2,2813.8,2217.8
236070.616,40,3283.4,2758.6,2195
236070.656,40,3303,2755.8,2192.6
236070.696,40,3238.4,2825,2212.6
236070.736,40,3149.8,2927.6,2239.6
236070.776,40,2951.8,3091.6,2305.8
236070.816,40,2712.6,3259,2411.4
236070.856,40,2492.4,3397.2,2588
236070.896,40,2343.6,3313.4,2790.8
236070.936,40,2258.4,3197.4,2973.2
236070.976,40,2342.2,3419,2860
236071.016,40,2536.8,3286.4,2552.6
236071.056,40,2828.2,3397,2440.6
236071.096,40,3098,3210,2328
236071.136,40,3248.4,2984.2,2257.8
236071.176,40,3289.6,2811.6,2211
236071.216,40,3365,2753.4,2189.2
236071.256,40,3287.2,2763.8,2192.8
236071.296,40,3205.2,2867.2,2220
236071.336,40,3045.2,3025.6,2270
236071.376,40,2802,3232,2367.2
236071.416,40,2561.4,3388,2519
236071.456,40,2383.8,3383.8,2733
236071.496,40,2261.6,3204,2966.6
236071.536,40,2237,3159,3040.2
236071.576,40,2397.4,3684.8,2904.8
236071.616,40,2639.2,3506.4,2571.4
236071.656,40,2902,3337.4,2413.6
236071.696,40,3184.4,3184,2311.8
236071.736,40,3258.8,2916,2237.8
236071.776,40,3295.8,2778.2,2197.8
236071.816,40,3281.6,2768,2195.8
236071.856,40,3220.6,2852,2219.8
236071.896,40,3139.6,2977,2249.8
236071.936,40,2934.4,3133.4,2314.4
236071.976,40,2692,3262.6,2408.8
236072.016,40,2488.8,3331,2567.4
236072.056,40,2344.6,3259.4,2746.8
236072.096,40,2258.4,3181.4,2929.8
236072.136,40,2314,3357.2,2899.2
236072.176,40,2536.4,3494,2620
236072.217,41,2818.6,3473,2454.8
236072.257,40,3112.8,3279.6,2335
236072.297,40,3262,3002.4,2252
236072.337,40,3332.2,2843,2204.2
236072.377,40,3486,2769,2181.2
236072.418,41,3505,2760,2172.6
236072.458,40,3496.4,2844.2,2190.8
236072.498,40,3430.2,2969.6,2213.8
236072.538,40,3209.4,3171.8,2275.2
236072.578,40,2939.4,3374.2,2355.8
236072.618,40,2712.4,3511.6,2468.4
236072.658,40,2558.8,3529.8,2574.8
236072.698,40,2471.4,3519,2656.6
236072.738,40,2456.6,3471.8,2655.2
236072.778,40,2524.6,3526.6,2605.2
236072.82,42,2670,3473,2490.6
236072.86,40,2870.6,3391.4,2394
236072.9,40,3135.2,3290.6,2316.8
236072.94,40,3320.6,3059.8,2254.6
236072.98,40,3430.4,2892.6,2210.8
236073.02,40,3490,2784,2184.2
236073.06,40,3497.8,2727,2171.4
236073.1,40,3492.2,2747.4,2173.4
236073.14,40,3495,2860.4,2190.8
236073.18,40,3328.2,2979.4,2228.6
236073.22,40,3050.8,3094,2286.8
236073.26,40,2768.2,3208.8,2367.8
236073.3,40,2545,3228.4,2475.2
236073.34,40,2414.6,3144.4,2567
236073.38,40,2338.4,3048.6,2619
236073.42,40,2326,2997.2,2615.6
236073.46,40,2370,3026,2563.6
236073.5,40,2470,3025.4,2471.8
236073.54,40,2616.4,2980.2,2381.2
236073.58,40,2826.2,2956.6,2310.6
236073.62,40,2993.8,2832.8,2252.6
236073.66,40,3109,2753.4,2214.2
236073.7,40,3180.2,2725.8,2199.2
236073.74,40,3229.2,2798.2,2205.4
236073.78,40,3202.6,2905.6,2227.4
236073.82,40,3103.4,3039.2,2270.2
236073.86,40,2951.2,3186,2329.2
236073.9,40,2775.2,3358.8,2407.2
236073.94,40,2599.4,3483,2524.4
236073.98,40,2465,3470,2644.8
236074.02,40,2384.6,3414,2752.6
236074.06,40,2357.6,3357.4,2791.2
236074.1,40,2388.4,3380.4,2733.4
236074.14,40,2480.6,3378,2613.2
236074.18,40,2622.4,3319.6,2486.2
236074.22,40,2827.4,3242.6,2380
236074.26,40,3057,3106.2,2302.8
236074.3,40,3185.2,2914.8,2247.8
236074.34,40,3284.8,2826.2,2211.6
236074.38,40,3259.8,2774.6,2198.2
236074.42,40,3224.8,2846.6,2216
236074.46,40,3125.4,2936,2247.4
236074.5,40,2956,3025.4,2291.2
236074.54,40,2794.8,3129.4,2354
236074.58,40,2620.2,3188.6,2432.4
236074.62,40,2481,3231.2,2534.2
236074.66,40,2396.8,3198.8,2620
236074.7,40,2359.4,3153.2,2658.2
236074.74,40,2361.2,3120.6,2629.6
236074.78,40,2410.8,3098.2,2561
236074.82,40,2513.8,3075.4,2467
236074.86,40,2669.6,3059.8,2387
236074.9,40,2839.2,2963.6,2311.2
236074.94,40,2990.4,2864.4,2256.2
236074.98,40,3083.8,2781.2,2224.8
236075.02,40,3107,2787.4,2222.2
236075.06,40,3054.6,2861,2236.8
236075.1,40,2960.8,2945.2,2273.8
236075.14,40,2817.6,3026.8,2323.4
236075.18,40,2658.2,3068.6,2379.8
236075.22,40,2515.4,3112.2,2464
236075.26,40,2416.6,3104.8,2542.4
236075.3,40,2350.2,3047.6,2610
236075.34,40,2332.8,3009.6,2626.2
236075.38,40,2337.4,3000.4,2602.8
236075.42,40,2381.8,2968.6,2529.2
236075.46,40,2465.6,2973.6,2454.8
236075.5,40,2595.8,2974.6,2390.4
236075.54,40,2759.8,2953.4,2330
236075.58,40,2908.2,2899.2,2278.4
236075.62,40,3007.8,2871.4,2258.2
236075.66,40,3020.4,2902.6,2262.2
236075.7,40,2995,3017,2295.4
236075.74,40,2924,3129.6,2331.6
236075.78,40,2810.6,3246,2386.8
236075.82,40,2673.4,3333.8,2463.8
236075.86,40,2537.8,3368.8,2554
236075.9,40,2447.6,3355.8,2643.8
236075.94,40,2404.2,3379.8,2712.6
236075.98,40,2416.4,3408.6,2712
236076.02,40,2494,3510.2,2655
236076.06,40,2624.2,3483.8,2536.8
236076.1,40,2799.6,3430.8,2437.2
236076.14,40,3005.6,3305.8,2346.8
236076.18,40,3189,3149.2,2287.2
236076.22,40,3280.2,3000,2249.4
236076.26,40,3328.2,2976.8,2237.2
236076.3,40,3294.4,3051.8,2252
236076.34,40,3219,3199.6,2290.6
236076.38,40,3040.6,3338,2342.8
236076.42,40,2793.6,3461,2435.6
236076.46,40,2565.6,3445.2,2552.8
236076.5,40,2421,3392,2701.6
236076.54,40,2321.4,3284.2,2816
236076.58,40,2286.8,3192.6,2866
236076.62,40,2310.2,3184.6,2783.6
236076.66,40,2403.8,3229.8,2646.6
236076.7,40,2585.8,3299,2509
236076.74,40,2823.2,3146.2,2369
236076.78,40,3113.4,3036,2283.2
236076.82,40,3234.6,2833.2,2218.4
236076.86,40,3309.8,2765.6,2192.8
236076.9,40,3279.8,2815.4,2207.6
236076.94,40,3203.8,2953.8,2237
236076.98,40,3002,3097,2300.4
236077.02,40,2765.8,3240.8,2384.2
236077.06,40,2547,3272.6,2510
236077.1,40,2394,3263.6,2654.4
236077.14,40,2305.6,3153.4,2774
236077.18,40,2277.6,3103.8,2811.6
236077.22,40,2362.8,3153.2,2663.6
236077.26,40,2569.2,3261.2,2513.4
236077.3,40,2848,3190.2,2371.6
236077.34,40,3152.2,3039.6,2281.2
236077.38,40,3232,2832.6,2217
236077.42,40,3232.2,2794.2,2204.4
236077.46,40,3169.2,2871.8,2227.6
236077.5,40,3033,2971.8,2268.6
236077.54,40,2832.2,3067,2329.8
236077.58,40,2609.6,3094.4,2410.2
236077.62,40,2438.4,3129,2536
236077.66,40,2335.2,3064.6,2658
236077.7,40,2271.2,2993.8,2735.4
236077.74,40,2350.8,3118.4,2666.8
236077.78,40,2607,3267.6,2488.4
236077.82,40,2979.2,3157.2,2334.6
236077.86,40,3266,2915.6,2234.8
236077.9,40,3400.6,2781.8,2190.8
236077.94,40,3360.6,2726.2,2178
236077.98,40,3397.6,2799.8,2190.2
236078.02,40,3390.6,2875.8,2210.4
236078.06,40,3340.8,2943,2221.2
236078.1,40,3201.6,3045.8,2257.4
236078.14,40,3013.8,3256,2321.8
236078.18,40,2750.4,3532.4,2458.8
236078.22,40,2509.2,3600.8,2650.8
236078.26,40,2357.8,3457.4,2842.4
236078.3,40,2331,3367.2,2858.6
236078.34,40,2465.8,3584.2,2708.8
236078.38,40,2741.4,3495.4,2474.6
236078.42,40,3107.6,3246.6,2320.4
236078.46,40,3417,2983.8,2235
236078.5,40,3472.4,2826.2,2190.8
236078.54,40,3502.8,2809.8,2186.2
236078.58,40,3494.6,2907.6,2202.4
236078.62,40,3507.4,3047,2223.6
236078.66,40,3400,3117.8,2238.8
236078.7,40,3234.8,3214.8,2276.2
236078.74,40,3051.4,3360.8,2331.6
236078.78,40,2815,3530.6,2425.6
236078.82,40,2588.4,3612.8,2573.8
236078.86,40,2418.6,3542,2745.8
236078.9,40,2337.6,3403.2,2856.2
236078.94,40,2421.8,3470.2,2725.4
236078.98,40,2668.6,3528.4,2519
236079.02,40,2985.2,3287.4,2353.2
236079.06,40,3297,3062.2,2265.2
236079.1,40,3364.4,2845,2207.6
236079.14,40,3361.4,2806.2,2200
236079.18,40,3249.2,2879.8,2224.6
236079.22,40,3134,2984.6,2258.2
236079.26,40,2953.6,3078.2,2305
236079.3,40,2783.4,3180.4,2371.2
236079.34,40,2581.4,3172.6,2447.6
236079.38,40,2457.2,3168.2,2535.8
236079.42,40,2384,3103.4,2590.2
236079.46,40,2362.8,3063.8,2592.6
236079.5,40,2400.2,3027.8,2537.2
236079.54,40,2467.6,3021.4,2476.6
236079.58,40,2573.4,3052.2,2424.2
236079.62,40,2699.6,3097.2,2379.8
236079.66,40,2830.8,3118.8,2349.4
236079.7,40,2928.8,3126.6,2324.4
236079.74,40,3044.4,3235.6,2321.6
236079.78,40,3006,3302.6,2343.8
236079.82,40,2951.2,3443,2387
236079.86,40,2831.6,3484.2,2430.6
236079.9,40,2713.4,3516.8,2477.6
236079.94,40,2618,3522.8,2546
236079.98,40,2556.6,3532.2,2582.2
236080.02,40,2575.6,3542.2,2578
236080.06,40,2640.8,3568.8,2531.8
236080.1,40,2741.4,3564,2479.2
236080.14,40,2868.4,3496.2,2417.8
236080.18,40,3007.8,3419.8,2364.6
236080.22,40,3123.4,3342.6,2331.2
236080.26,40,3154,3279.6,2314
236080.3,40,3103.2,3282.2,2320.8
236080.34,40,3017.6,3381.6,2367.2
236080.38,40,2877.2,3472.2,2409.8
236080.42,40,2714.6,3539,2493.6
236080.46,40,2576.6,3557.4,2579.4
236080.5,40,2499.2,3509.2,2638.2
236080.54,40,2496.8,3518.6,2637.4
236080.58,40,2562.8,3589,2600.2
236080.62,40,2683,3553.4,2506.8
236080.66,40,2862.6,3418,2402.6
236080.7,40,3106,3251.6,2316.8
236080.74,40,3315.2,3032.6,2249.2
236080.78,40,3384.6,2835.4,2206
236080.82,40,3405.6,2741,2180.8
236080.86,40,3342,2720,2182
236080.9,40,3237.8,2787.2,2205.2
236080.94,40,3064,2850.2,2233.6
236080.98,40,2878,2961.2,2294.2
236081.02,40,2698,3051.4,2362.8
236081.06,40,2536.6,3138.6,2454.8
236081.1,40,2441.4,3138.2,2534.2
236081.14,40,2396.8,3115.4,2576.2
236081.18,40,2412.6,3102.6,2556.6
236081.22,40,2466,3037.4,2477.6
236081.26,40,2560.2,3016.4,2407.2
236081.3,40,2696.4,2953.6,2343
236081.34,40,2842.6,2868.8,2279.6
236081.38,40,2937.2,2772.4,2238.4
236081.42,40,2977.2,2709.4,2214.8
236081.46,40,3000.8,2749.6,2216.4
236081.5,40,2975.4,2844.2,2249.4
236081.54,40,2869.2,2964.4,2298.6
236081.58,40,2689,3093,2372.2
236081.62,40,2508.6,3192.2,2496.4
236081.66,40,2401,3169.4,2606
236081.7,40,2343,3126.8,2671.6
236081.74,40,2360.8,3121.8,2630.8
236081.78,40,2444,3131.8,2549.4
236081.82,40,2591.2,3176.6,2456
236081.86,40,2811,3121.2,2358.6
236081.9,40,3046,2976.2,2277.8
236081.94,40,3193.2,2803.8,2214.6
236081.98,40,3262.6,2696.8,2181
236082.02,40,3315.8,2682.8,2176
236082.06,40,3252,2756,2195
236082.1,40,3146,2893.8,2234
236082.14,40,2936.4,3044.8,2296.2
236082.18,40,2681.8,3153.2,2391.6
236082.22,40,2505.4,3233.8,2515
236082.26,40,2397,3190.2,2625.6
236082.3,40,2335,3136,2695.2
236082.34,40,2334.8,3113.2,2675.2
236082.38,40,2391.8,3097,2582.2
236082.42,40,2505.6,3109.4,2487.6
236082.46,40,2659.6,3052.2,2391
236082.5,40,2839.6,2949.2,2311
236082.54,40,3015.2,2827.2,2243.6
236082.58,40,3121,2713.8,2202
236082.62,40,3233,2661,2176.6
236082.66,40,3311.6,2668.8,2171.2
236082.7,40,3369.4,2740,2183
236082.74,40,3374.4,2846.8,2201.4
236082.78,40,3217.4,2999.6,2246.2
236082.82,40,2979.4,3182.8,2317.2
236082.86,40,2714,3347,2424.2
236082.9,40,2498.6,3356.2,2564.6
236082.94,40,2372,3290.8,2707.2
236082.98,40,2309.4,3168.8,2782.4
236083.02,40,2301.4,3112.2,2758.8
236083.06,40,2364.6,3140.8,2668.8
236083.1,40,2474.2,3117.4,2524.4
236083.14,40,2648.8,3083.2,2406
236083.18,40,2861,2980.6,2311.8
236083.22,40,3014,2827.4,2247.6
236083.26,40,3099.4,2701,2197.8
236083.3,40,3138.6,2629.6,2168.6
236083.34,40,3198.4,2662.4,2177.4
236083.38,40,3203.6,2770,2203.2
236083.42,40,3116.8,2914,2243.2
236083.46,40,2932,3098.2,2309.8
236083.5,40,2684.6,3214,2404.8
236083.54,40,2503.8,3298.6,2539.2
236083.58,40,2383.8,3259.8,2670.8
236083.62,40,2329.8,3196,2744.2
236083.66,40,2345.2,3165,2689.8
236083.7,40,2423.4,3179.8,2588.8
236083.74,40,2569.2,3180.4,2473.8
236083.78,40,2760.4,3100,2367.2
236083.82,40,2950.6,2948,2285.4
236083.86,40,3083.8,2801,2234.6
236083.9,40,3168,2707.6,2193.2
236083.94,40,3320,2675.8,2170.6
236083.98,40,3353.6,2693.2,2170
236084.02,40,3401.4,2812,2191.6
236084.06,40,3297,2940.6,2225.6
236084.1,40,3077,3091.4,2279.2
236084.14,40,2882.6,3233,2344.8
236084.18,40,2720.8,3342.4,2423
236084.22,40,2619,3347.2,2472.8
236084.26,40,2580.8,3311.2,2481.2
236084.3,40,2618.8,3261.2,2450
236084.34,40,2676.8,3194.6,2404.8
236084.38,40,2763.8,3101.8,2352.4
236084.42,40,2855.2,3000.2,2303.4
236084.46,40,2948.6,2935,2269
236084.5,40,3025,2898.4,2251.4
236084.54,40,3104.8,2888.8,2238.4
236084.58,40,3156.6,2921.8,2238.4
236084.62,40,3145.6,2972.2,2252
236084.66,40,3173,3057.8,2265.2
236084.7,40,3146.6,3122.2,2279.2
236084.74,40,3107.4,3206.8,2300
236084.78,40,3046.2,3311.2,2326.8
236084.82,40,2896.2,3264,2346.8
236084.86,40,2824.8,3235.2,2364.8
236084.9,40,2858.8,3300.2,2364.4
236084.94,40,2941.4,3392.4,2365.2
236084.98,40,3005.2,3285,2333
236085.02,40,3073.8,3123.8,2289.4
236085.06,40,3119.2,2955,2249.6
236085.1,40,3124,2809.4,2220.4
236085.14,40,3057.8,2715,2204.2
236085.18,40,3021.4,2728.6,2207
236085.22,40,2949.8,2780.8,2236.4
236085.26,40,2859.2,2853.4,2263.8
236085.3,40,2725.8,2949.8,2319.2
236085.34,40,2586,3061.8,2402.8
236085.38,40,2469.2,3132.2,2511.2
236085.42,40,2387.4,3105.2,2587
236085.46,40,2361,3098.4,2619
236085.5,40,2415.4,3105.6,2561.6
236085.54,40,2521.6,3044.6,2444.6
236085.58,40,2666.8,2985.4,2361.8
236085.62,40,2823.4,2917.6,2297.2
236085.66,40,2944.8,2830,2259.4
236085.7,40,2975.4,2753,2225.8
236085.74,40,2971,2752.4,2221.8
236085.78,40,2924.2,2792.6,2240.2
236085.82,40,2871.4,2846,2267.8
236085.86,40,2758.8,2919.6,2310
236085.9,40,2625,2994.8,2375.6
236085.94,40,2501.6,3057.6,2453.8
236085.98,40,2451.2,3115,2519.4
236086.02,40,2509,3077.6,2451.6
236086.06,40,2639.8,3018,2371.2
236086.1,40,2827.4,2945,2300.6
236086.14,40,2961.8,2805.4,2243.6
236086.18,40,3048.2,2725.4,2210.8
236086.22,40,3113.8,2701.6,2196.8
236086.26,40,3191.6,2749.2,2200.6
236086.3,40,3176.2,2810.2,2213.6
236086.34,40,3188.2,2892.4,2234.6
236086.38,40,3101.4,2954.2,2256
236086.42,40,2962,3035,2293.8
236086.46,40,2743.8,3097.2,2359.2
236086.5,40,2531.8,3157.6,2475.6
236086.54,40,2388.4,3148.2,2614
236086.58,40,2362,3124,2637.6
236086.62,40,2511,3081.8,2471.4
236086.66,40,2743.4,3035.8,2354.4
236086.7,40,2952.8,2898.6,2267.6
236086.74,40,3071.2,2766.4,2225.6
236086.78,40,3125,2734.8,2198.2
236086.82,40,3170.4,2768.4,2206.8
236086.86,40,3235.4,2864.4,2224.4
236086.9,40,3184.2,2938.6,2244.2
236086.94,40,3167.2,3035,2262.4
236086.98,40,3027.4,3131.2,2306.6
236087.02,40,2856.6,3326,2381.8
236087.06,40,2634.4,3500.4,2518.4
236087.1,40,2486,3554.2,2666.4
236087.14,40,2495.6,3511.4,2633.8
236087.18,40,2643.6,3378.6,2484.6
236087.22,40,2780.8,3119.2,2370.6
236087.26,40,2875.2,2933,2292
236087.3,40,2929,2800.2,2247.6
236087.34,40,2966.2,2755.8,2231.2
236087.38,40,3002.2,2770,2227.2
236087.42,40,3006,2807.4,2234.4
236087.46,40,3046.6,2858.6,2238.6
236087.5,40,3051,2862,2241.6
236087.54,40,3080.6,2940.6,2259.4
236087.58,40,3022.2,3090,2299.4
236087.62,40,2834.6,3285.6,2378.8
236087.66,40,2601,3435.2,2512.2
236087.7,40,2447.8,3452,2659.8
236087.74,40,2434.4,3392.8,2658.8
236087.78,40,2545.2,3348.4,2534.4
236087.82,40,2662.6,3164,2412.4
236087.86,40,2782.8,3024.6,2335.4
236087.9,40,2865.6,2907.4,2289.6
236087.94,40,2893.6,2825,2260.8
236087.98,40,2915.4,2801.2,2250.4
236088.02,40,2913.2,2823.2,2256
236088.06,40,2909.2,2872.8,2264.6
236088.1,40,2889.6,2906.8,2282.4
236088.14,40,2858.6,2970.2,2303.2
236088.18,40,2764.4,3067.4,2351.4
236088.22,40,2608.2,3158.8,2433
236088.26,40,2453.2,3192,2552.2
236088.3,40,2357,3189,2667.4
236088.34,40,2340.4,3166.8,2699.4
236088.38,40,2421,3179.4,2588
236088.42,40,2554,3168.8,2475.2
236088.46,40,2692.6,3074.6,2382
236088.5,40,2809.8,2996.8,2325.6
236088.54,40,2895.8,2930.6,2287.2
236088.58,40,2917.2,2899.4,2276.6
236088.62,40,2899.8,2905,2283.4
236088.66,40,2836.8,2931.2,2300.4
236088.7,40,2788,2975.6,2325.2
236088.74,40,2682.2,3022.8,2371.8
236088.78,40,2527.6,3055.8,2452.4
236088.82,40,2376.6,3031,2557.4
236088.86,40,2329,3057.2,2660.8
236088.9,40,2366.8,3099.2,2616
236088.94,40,2507.4,3164.4,2506.2
236088.98,40,2697.2,3172.8,2407.2
236089.02,40,2927.2,3146.2,2339.2
236089.06,40,3066.2,2999.2,2278.8
236089.1,40,3158.2,2908.2,2240.4
236089.14,40,3173.6,2844.6,2230.4
236089.18,40,3165.4,2852,2231.8
236089.22,40,3114,2905.2,2245.8
236089.26,40,3039.4,2939,2266.8
236089.3,40,2918.6,3002,2304.8
236089.34,40,2778.6,3108.2,2362
236089.38,40,2597.6,3152.2,2439
236089.42,40,2460.6,3155.2,2535.2
236089.46,40,2394.4,3177,2615.8
236089.5,40,2425.4,3152.2,2570.4
236089.54,40,2525.8,3118.6,2467.6
236089.58,40,2687.6,3104,2389.8
236089.62,40,2826.2,2986,2315.2
236089.66,40,2960.6,2907.4,2270.6
236089.7,40,3038.6,2844.6,2245.2
236089.74,40,3038.4,2858.8,2246.4
236089.78,40,2985.8,2951.4,2276.4
236089.82,40,2896.4,3043,2315
236089.86,40,2781,3181,2373.4
236089.9,40,2636.4,3278.2,2462.6
236089.94,40,2527.6,3343,2549.6
236089.98,40,2481.2,3334,2584.6
236090.02,40,2558.2,3405.8,2548.8
236090.06,40,2685.6,3445.2,2476
236090.1,40,2871,3430.4,2399.6
236090.14,40,3070.8,3337.6,2333.2
236090.18,40,3227.6,3195.2,2287.6
236090.22,40,3312.6,3095.4,2259.8
236090.26,40,3325.4,3083.6,2255
236090.3,40,3220.6,3137,2278.6
236090.34,40,3093.8,3223.6,2316.2
236090.38,40,2929.4,3351.6,2370.8
236090.42,40,2757,3536,2464.2
236090.46,40,2569.8,3567.4,2585.6
236090.5,40,2459.4,3516,2677.8
236090.54,40,2466.6,3557,2687
236090.58,40,2611.4,3654,2582.6
236090.62,40,2841.2,3620.2,2450
236090.66,40,3112.6,3449.4,2351.2
236090.7,40,3345.6,3210.6,2273.4
236090.74,40,3481.6,3004.4,2228.4
236090.78,40,3580.2,2871.8,2195.2
236090.82,40,3596,2793,2173.4
236090.86,40,3601,2750,2169.2
236090.9,40,3570.8,2757.8,2170.8
236090.94,40,3541.6,2818.2,2187.4
236090.98,40,3521.8,2904,2204.8
236091.02,40,3374.2,2970.8,2227
236091.06,40,3182,3140,2277.6
236091.1,40,2886.2,3362.8,2371.8
236091.14,40,2576.2,3418,2522
236091.18,40,2409.8,3362.8,2689
236091.22,40,2387.6,3380,2727.4
236091.26,40,2554.6,3302.6,2525.6
236091.3,40,2814.4,3200.4,2378.8
236091.34,40,3093.2,3033,2280
236091.38,40,3266.6,2847,2221.6
236091.42,40,3265,2691.8,2178.4
236091.46,40,3319.2,2650,2165.4
236091.5,40,3325.2,2656.6,2167.6
236091.54,40,3334,2720.4,2180.2
236091.58,40,3330.2,2771.4,2191.4
236091.62,40,3267.4,2879.2,2216.8
236091.66,40,3108.4,3053.6,2269.6
236091.7,40,2826.2,3273.6,2368.4
236091.74,40,2576.6,3440.2,2529.8
236091.78,40,2397.6,3419.2,2733
236091.82,40,2339.2,3353,2820.6
236091.86,40,2517.8,3544.2,2628.4
236091.9,40,2819.2,3419,2426.6
236091.94,40,3157.6,3177.2,2303.2
236091.98,40,3420,2941.4,2226.8
236092.02,40,3450.6,2732,2176.2
236092.06,40,3512,2644.2,2150.8
236092.1,40,3514.4,2634.6,2146.2
236092.14,40,3418.6,2701.6,2165.2
236092.18,40,3367.4,2795.8,2186.4
236092.22,40,3220.8,2890.8,2218.8
236092.26,40,3029.4,3050,2273.8
236092.3,40,2776,3224,2368.4
236092.34,40,2541.6,3323.2,2511.2
236092.38,40,2371.2,3239.6,2685.6
236092.42,40,2280.8,3147.2,2830
236092.46,40,2400.4,3352,2716.2
236092.5,40,2668.4,3326.4,2481.2
236092.54,40,2986.6,3184.2,2342
236092.58,40,3247.4,2975.2,2259.4
236092.62,40,3323.2,2766.2,2194.6
236092.66,40,3324.6,2642.4,2166.2
236092.7,40,3401.2,2622.4,2149.4
236092.74,40,3357.4,2652.4,2163.8
236092.78,40,3299,2724,2179.4
236092.82,40,3146,2821,2215.4
236092.86,40,2943.2,3018.8,2284.8
236092.9,40,2719.4,3260.2,2395.2
236092.94,40,2497.4,3369.4,2572.6
236092.98,40,2339,3320,2795.8
236093.02,40,2266,3235.6,2991
236093.06,40,2352.8,3432,2852.4
236093.1,40,2535.4,3424.4,2597.4
236093.14,40,2764,3379.2,2448.4
236093.18,40,2987.8,3242.4,2353.8
236093.22,40,3167.8,3095,2291.2
236093.26,40,3191.4,2928,2243.6
236093.3,40,3277.8,2893.6,2229.2
236093.34,40,3237,2888.6,2229.6
236093.38,40,3184.6,2984.4,2254.2
236093.42,40,3019.8,3088.4,2300.8
236093.46,40,2781.6,3259.4,2397.2
236093.5,40,2546.6,3362.4,2530
236093.54,40,2369.6,3303.8,2725
236093.58,40,2266.6,3161.8,2896
236093.62,40,2228.6,3087.4,2982.2
236093.66,40,2324,3240.2,2794.4
236093.7,40,2490.4,3240.2,2569.2
236093.74,40,2699.8,3216.4,2434
236093.78,40,2881.6,3079.2,2338.2
236093.82,40,2998.4,2931.8,2278.4
236093.86,40,3077.6,2847.8,2240.8
236093.9,40,3097.2,2809.2,2230
236093.94,40,3064.4,2856.6,2241.6
236093.98,40,2968.4,2957.2,2281.4
236094.02,40,2818.4,3083,2339.8
236094.06,40,2623.6,3234.4,2452.6
236094.1,40,2418.4,3257.8,2617.8
236094.14,40,2300.6,3176.2,2799.2
236094.18,40,2232,3063.8,2950.2
236094.22,40,2273.4,3209,2917.6
236094.26,40,2424.4,3282.8,2663
236094.3,40,2650.8,3363.4,2502.8
236094.34,40,2916.2,3276,2385.6
236094.38,40,3143,3101.8,2300
236094.501,121,3284.8,2820,2202.4
236094.541,40,3171.4,2902.8,2237.4
236094.581,40,2976.4,3007.6,2280.8
236094.621,40,2757.2,3116.4,2359.2
236094.661,40,2544,3186.2,2473.4
236094.701,40,2395.2,3211.2,2628.2
236094.741,40,2293.6,3122.2,2780
236094.781,40,2233.4,3022.6,2926
236094.821,40,2230.6,3034.4,2937.8
236094.861,40,2360.8,3190.2,2716.4
236094.901,40,2581.4,3345,2545.2
236094.941,40,2852,3254.6,2397
236094.981,40,3111.4,3086.4,2300
236095.021,40,3220.2,2879.4,2231.6
236095.061,40,3299.6,2746.8,2193.2
236095.101,40,3344.6,2682.4,2176.6
236095.141,40,3321.2,2706.4,2173.2
236095.181,40,3241.8,2802.2,2207.6
236095.221,40,3057.6,2929.8,2247
236095.261,40,2807.4,3121.8,2342.2
236095.301,40,2569.4,3305.4,2485.6
236095.341,40,2393,3310.2,2685.4
236095.381,40,2275.4,3186.4,2903.2
236095.421,40,2208,3054.6,3077
236095.461,40,2235.6,3140.8,3043.4
236095.501,40,2346.6,3328.8,2827.8
236095.541,40,2510.8,3449.2,2639
236095.581,40,2730.4,3320.6,2455
236095.621,40,2987.4,3209,2354.6
236095.661,40,3112.8,2963.8,2271.8
236095.701,40,3216.4,2838.4,2224
236095.741,40,3240.2,2784.2,2205.2
236095.781,40,3140.6,2829.2,2226
236095.821,40,3035.2,2940.6,2256
236095.861,40,2831,3045.4,2319
236095.901,40,2636.6,3132,2407.2
236095.941,40,2462.8,3216.6,2543.2
236095.981,40,2362.2,3148.2,2645.8
236096.021,40,2317.2,3107.6,2700
236096.061,40,2350.8,3108.2,2651.2
236096.101,40,2421.6,3143.8,2577.4
236096.141,40,2523.2,3122.8,2481.4
236096.181,40,2645.2,3098.4,2409.4
236096.221,40,2752.6,3034.6,2351.8
236096.261,40,2836.4,2980.4,2314.4
236096.301,40,2886.8,2924,2293
236096.341,40,2884.6,2911.4,2291.6
236096.381,40,2821.4,2942.2,2313.2
236096.421,40,2744.8,3023,2349.8
236096.461,40,2645.2,3077,2402.4
236096.501,40,2527.8,3141.4,2486.8
236096.541,40,2435,3181.2,2579.8
236096.581,40,2385.2,3202.2,2653.4
236096.621,40,2411.6,3299.6,2654.2
236096.661,40,2535,3365.6,2558.8
236096.701,40,2735.8,3343.4,2435.2
236096.741,40,2948.4,3160.6,2332.8
236096.781,40,3166,2995.4,2265.6
236096.821,40,3220.2,2802.8,2217.4
236096.861,40,3249,2702.6,2187
236096.901,40,3215,2663.8,2175.4
236096.941,40,3171.6,2725.6,2194.8
236096.981,40,3071.6,2845.8,2230.4
236097.021,40,2900.8,3010.4,2289.2
236097.061,40,2709.6,3195.4,2387.4
236097.101,40,2543.6,3346.6,2519.4
236097.141,40,2447,3407.8,2643.2
236097.181,40,2438,3497.6,2699.4
236097.221,40,2551.6,3674.6,2631.2
236097.261,40,2774.6,3712.8,2493.4
236097.301,40,3072.6,3515.8,2360.8
236097.341,40,3364,3225,2276.2
236097.381,40,3546,2974.6,2216.8
236097.421,40,3600.2,2815.2,2179
236097.461,40,3561.4,2725.6,2165.6
236097.501,40,3544.2,2750.2,2164.6
236097.541,40,3480,2842.6,2191.4
236097.581,40,3371.2,3005.8,2231.2
236097.621,40,3193.8,3251.8,2287.6
236097.661,40,2952.4,3477.4,2371
236097.701,40,2786.8,3660.8,2455.6
236097.741,40,2688.2,3683.6,2518.2
236097.781,40,2741.6,3730.4,2499.8
236097.821,40,2897,3728.4,2434.8
236097.861,40,3063.2,3549.8,2364.2
236097.901,40,3217.2,3333,2302.4
236097.941,40,3335.4,3134.4,2259.8
236097.981,40,3363.4,2958.6,2230.6
236098.021,40,3303.8,2820.4,2204.8
236098.061,40,3223.6,2758,2198.2
236098.101,40,3150.2,2760.4,2208.4
236098.141,40,3036.8,2819.2,2233.2
236098.181,40,2928.2,2887.8,2265.2
236098.221,40,2786.8,2980.4,2314.2
236098.261,40,2654.8,3034.8,2367.8
236098.301,40,2568.8,3107.2,2432.4
236098.341,40,2527.4,3166.4,2477.6
236098.381,40,2558,3197.4,2468.6
236098.421,40,2660.4,3239.6,2434
236098.461,40,2802.8,3229,2377.2
236098.501,40,2979,3151.8,2316
236098.541,40,3150,3012.6,2261
236098.581,40,3286.6,2863,2216.6
236098.621,40,3332,2739.6,2184.6
236098.661,40,3315,2661.2,2173.2
236098.701,40,3283,2659.6,2170.2
236098.741,40,3191.6,2691.6,2180
236098.781,40,3121,2755.2,2204.6
236098.821,40,3021,2853.6,2232.6
236098.861,40,2913.8,2953,2275.4
236098.901,40,2820.4,3068.8,2320.2
236098.941,40,2759.4,3166.2,2358
236098.981,40,2755,3223.2,2377.8
236099.021,40,2797.2,3232.2,2366.6
236099.061,40,2849.8,3251.4,2355
236099.101,40,2939.8,3281.2,2341.6
236099.141,40,3046,3251.6,2314.6
236099.181,40,3186.2,3186.2,2274.8
236099.221,40,3291,3070.8,2244.6
236099.261,40,3393.8,2980.4,2222
236099.301,40,3486.2,2934.8,2205.8
236099.341,40,3490.8,2898.8,2200.4
236099.381,40,3470.2,2897.8,2199
236099.421,40,3410.4,2924,2207.6
236099.461,40,3393,2966.8,2219.4
236099.501,40,3419,2997.8,2222.8
236099.541,40,3404.2,3007.8,2225.2
236099.581,40,3379.6,3024.6,2230.8
236099.621,40,3421.8,3058.2,2232.8
236099.661,40,3403.8,3080,2236.4
236099.701,40,3394.4,3127,2246
236099.741,40,3382.8,3141.6,2250.8
236099.781,40,3379.4,3160.8,2248.8
236099.821,40,3357.8,3188.4,2255
236099.861,40,3347.6,3199.8,2256.8
236099.901,40,3334.6,3232.4,2264.6
236099.941,40,3300.2,3246.6,2269.8
236099.981,40,3273.2,3271.8,2276.8
236100.021,40,3249.4,3301.2,2283.2
236100.061,40,3204.2,3324,2298.4
236100.101,40,3177.8,3359.4,2306
236100.141,40,3134.2,3385.6,2313
236100.181,40,3094,3443,2335.2
236100.221,40,3026.2,3529.8,2354.8
236100.261,40,2927.6,3629.6,2393.2
236100.301,40,2840.4,3754.4,2451
236100.341,40,2750.2,3812.2,2507.4
236100.381,40,2672.2,3850.6,2571.4
236100.421,40,2626.6,3892.8,2608.4
236100.461,40,2619,3872.8,2609.2
236100.501,40,2619.2,3816.4,2599.6
236100.541,40,2613.2,3701.4,2575.2
236100.581,40,2656.8,3648.8,2530
236100.621,40,2726.6,3567.4,2476.6
236100.661,40,2796,3520.8,2435.6
236100.701,40,2886,3532.2,2407.4
236100.741,40,2969.8,3526.2,2385.6
236100.781,40,3037,3532.6,2365.6
236100.821,40,3065.4,3544.2,2364.4
236100.861,40,3067,3581.2,2367.2
236100.901,40,3040.4,3634.6,2380.8
236100.941,40,3017.4,3701,2396.4
236100.981,40,2989,3756.8,2411.4
236101.021,40,2950,3781,2428.6
236101.061,40,2921,3793.6,2441.2
236101.101,40,2893.8,3797.6,2454.6
236101.141,40,2863.2,3822.8,2470
236101.181,40,2833.2,3824.8,2480.8
236101.221,40,2789.6,3799.8,2489.8
236101.261,40,2754.2,3782.8,2505.6
236101.301,40,2717.8,3757.2,2520.4
236101.341,40,2683,3721,2532.6
236101.381,40,2650.4,3690.4,2547
236101.421,40,2622.4,3646.6,2555.6
236101.461,40,2570.2,3613.6,2587.2
236101.501,40,2518.6,3590.8,2626.4
236101.541,40,2455.2,3566.4,2697.4
236101.581,40,2382.2,3522.2,2796.8
236101.621,40,2326.6,3453.6,2905.6
236101.661,40,2290.4,3393,2982
236101.701,40,2288,3393.2,2984.4
236101.741,40,2342.2,3468.6,2885
236101.781,40,2473.4,3596.2,2702.2
236101.821,40,2710.4,3553.2,2509.6
236101.861,40,3010,3338.8,2363.8
236101.901,40,3300.6,3089.6,2268.4
236101.941,40,3395.2,2862,2211.2
236101.981,40,3440,2774.4,2186.8
236102.021,40,3527.4,2818.6,2185.4
236102.061,40,3628,2959.8,2195.8
236102.101,40,3647.4,3111,2217.2
236102.141,40,3382.2,3256,2252.2
236102.181,40,3174,3506.6,2314.2
236102.221,40,2937.6,3793.6,2412.2
236102.261,40,2683,3858.6,2555.8
236102.301,40,2474,3671.4,2710.8
236102.341,40,2353,3414.6,2809.6
236102.381,40,2302.4,3187.2,2805.2
236102.421,40,2303.6,3031.4,2704.4
236102.461,40,2342.6,3054.2,2647.4
236102.501,40,2424.2,3071,2548.6
236102.541,40,2565.2,3129,2467.6
236102.581,40,2788.6,3230.4,2402.4
236102.621,40,3023.8,3150.8,2323.6
236102.661,40,3268,3058.2,2267.8
236102.701,40,3379.4,2944.8,2225.2
236102.741,40,3406.6,2914.2,2217
236102.781,40,3404.6,3058.4,2239.6
236102.821,40,3318.6,3268.2,2283.4
236102.861,40,3014.2,3410.2,2358
236102.901,40,2746.6,3516.4,2462.8
236102.941,40,2535.2,3584.8,2621.2
236102.981,40,2388.4,3455,2769.8
236103.021,40,2310.2,3333.4,2885.6
236103.061,40,2293.6,3221.6,2854.2
236103.101,40,2357.6,3258.6,2726.4
236103.141,40,2475.8,3225,2567.6
236103.181,40,2652.2,3187,2444.8
236103.221,40,2846.8,3110.2,2350.2
236103.261,40,2989.4,2970.6,2289
236103.301,40,3074.4,2908.8,2254
236103.341,40,3084.2,2936.2,2264
236103.381,40,3005.6,3021,2294.2
236103.421,40,2877.2,3088,2334
236103.461,40,2672.2,3130.4,2410
236103.501,40,2484.2,3119.4,2507.2
236103.541,40,2336.2,3016.8,2622.8
236103.581,40,2258.2,2890.2,2696
236103.621,40,2220.6,2791.2,2705.6
236103.661,40,2243,2795.4,2644.6
236103.701,40,2320.6,2852,2560.8
236103.741,40,2440.8,2957.8,2489
236103.781,40,2591.8,3004.2,2421.6
236103.821,40,2743.8,2993,2355.6
236103.861,40,2894,2982.2,2308.6
236103.901,40,2997,2987,2292.2
236103.941,40,3029.8,3058.4,2302.4
236103.981,40,2995.8,3172.4,2339.6
236104.021,40,2879.4,3296.4,2393.4
236104.061,40,2708.4,3405.4,2476.2
236104.101,40,2530.2,3408.8,2600.8
236104.141,40,2390.6,3336.4,2741.6
236104.181,40,2312.2,3225,2841.4
236104.221,40,2300.6,3203.8,2849.2
236104.261,40,2359.2,3215.4,2727.2
236104.301,40,2479.4,3256.6,2593.6
236104.341,40,2649.4,3296.6,2479.6
236104.381,40,2833.6,3227.2,2387.2
236104.421,40,3012.4,3145.6,2330.2
236104.461,40,3122.6,3100,2304
236104.501,40,3084.4,3124.2,2315.2
236104.541,40,2994.2,3203.2,2347.8
236104.581,40,2847.2,3227.2,2387.4
236104.621,40,2645.4,3217.8,2458.6
236104.661,40,2461.2,3189.4,2574.6
236104.701,40,2314,3018,2674.4
236104.741,40,2234.6,2885,2766
236104.781,40,2224,2839.4,2756.4
236104.821,40,2283.8,2906.8,2662.6
236104.861,40,2386.6,2962.6,2543.4
236104.901,40,2548.4,3040.6,2450.8
236104.941,40,2733,3005.8,2364.8
236104.981,40,2908,2969.6,2307.2
236105.021,40,3018,2898,2265.4
236105.061,40,3113.2,2896.8,2244.4
236105.101,40,3094.2,2936.4,2257.6
236105.141,40,3038.2,3010.6,2286.8
236105.181,40,2911,3068,2320.4
236105.221,40,2748,3163.8,2388.8
236105.261,40,2538.6,3155.2,2479.2
236105.301,40,2372.6,3079.6,2605
236105.341,40,2290,3000.8,2711.2
236105.381,40,2243.6,2923.2,2767
236105.421,40,2269.4,2914.2,2696
236105.461,40,2357,3007.4,2599.2
236105.501,40,2488.2,3080.4,2501.4
236105.541,40,2657,3081.8,2411.4
236105.581,40,2825.8,3052.8,2347
236105.621,40,2976.8,3038.4,2307.4
236105.661,40,3065.6,3027.4,2291.6
236105.701,40,3077.4,3075.4,2301.6
236105.741,40,3035.4,3146,2321.8
236105.781,40,2938.6,3222.4,2359.2
236105.821,40,2776.6,3290,2421.6
236105.861,40,2596.8,3325.8,2519.8
236105.901,40,2425.2,3288.4,2660.6
236105.941,40,2299,3109,2768.6
236105.981,40,2244.4,3021,2868.8
236106.021,40,2253.2,2976.4,2803.4
236106.061,40,2321.6,3032.6,2675.4
236106.101,40,2432,3101.8,2563.6
236106.141,40,2567.6,3095.6,2460.4
236106.181,40,2717.4,3046.8,2385.4
236106.221,40,2836.2,2994.6,2329.4
236106.261,40,2941.2,2965,2293.4
236106.301,40,2957.6,2944.8,2288.8
236106.341,40,2910.6,2979.6,2306.4
236106.381,40,2832,3046.6,2344.6
236106.421,40,2704,3078.4,2391.2
236106.461,40,2574.4,3131.2,2461.4
236106.501,40,2428,3095.4,2555.6
236106.541,40,2320.4,3000.6,2653.6
236106.581,40,2255.8,2938.6,2751.2
236106.621,40,2237.8,2909.6,2775.4
236106.661,40,2286.8,2956.8,2691.2
236106.701,40,2374.8,3034.4,2587.8
236106.741,40,2493.8,3079.2,2502
236106.781,40,2633.8,3127.6,2439
236106.821,40,2760.2,3116.2,2384.4
236106.861,40,2834.4,3090.6,2358
236106.901,40,2891.2,3137.8,2355.6
236106.941,40,2866.4,3181,2375.8
236106.981,40,2809.6,3235.4,2400.4
236107.021,40,2731.8,3286.4,2444.4
236107.061,40,2620.4,3321.2,2501.6
236107.101,40,2512.8,3363.2,2598
236107.141,40,2412.6,3304,2696
236107.181,40,2333.4,3121.8,2737.2
236107.221,40,2294.6,3076.6,2792
236107.261,40,2301.2,3134.6,2818.6
236107.301,40,2334.2,3137.2,2732.2
236107.341,40,2400.6,3177.2,2642.8
236107.381,40,2478.4,3146.8,2551.2
236107.421,40,2536.2,3105,2479.2
236107.461,40,2572.4,3035.2,2437.6
236107.501,40,2589.6,3003,2415
236107.541,40,2574,2988.4,2415.2
236107.581,40,2537.6,2972.2,2427.4
236107.621,40,2505.6,2961.6,2443.2
236107.661,40,2494,2960.2,2450
236107.701,40,2481.6,2951,2454
236107.741,40,2465.6,2946.4,2461
236107.781,40,2457.8,2951.2,2465
236107.821,40,2450,2945.2,2470.6
236107.861,40,2443.6,2952.6,2483.4
236107.901,40,2430.2,2955.8,2486.6
236107.941,40,2429,2968,2494.8
236107.981,40,2419.8,2973.2,2502
236108.021,40,2421,2984,2512.4
236108.061,40,2426.2,2994.8,2512.6
236108.101,40,2446.8,3024.4,2514.2
236108.141,40,2478.4,3022,2488.8
236108.181,40,2521.4,3019.4,2458.4
236108.221,40,2598.6,3031.6,2413.2
236108.261,40,2734.2,3042.2,2368.4
236108.301,40,2872.8,2985,2320.4
236108.341,40,2997.2,2889.8,2266.8
236108.381,40,3080.2,2779,2223.4
236108.421,40,3163.2,2707,2193
236108.461,40,3201.8,2640,2170.6
236108.501,40,3243.2,2602.8,2162.4
236108.541,40,3268,2583.6,2150.4
236108.581,40,3295.4,2575.4,2153.4
236108.621,40,3321,2597.4,2152.4
236108.661,40,3341.6,2618.6,2158.2
236108.701,40,3357.4,2636.6,2160
236108.741,40,3365.8,2647.6,2159.6
236108.781,40,3367.8,2664.4,2164.6
236108.821,40,3373,2675.4,2173
236108.861,40,3393.6,2694.4,2169.2
236108.901,40,3388,2719,2172.4
236108.941,40,3359.2,2751.8,2180.4
236108.981,40,3294.6,2783,2193.4
236109.021,40,3199.6,2854.8,2216.4
236109.061,40,3050.8,2953.8,2257.2
236109.101,40,2857.6,3032.2,2302
236109.141,40,2681.2,3114.8,2373.8
236109.181,40,2563.8,3223,2469.2
236109.221,40,2445,3230.8,2571
236109.261,40,2375.4,3180.8,2648
236109.301,40,2346.6,3156.4,2681.4
236109.341,40,2375.8,3161,2646.6
236109.381,40,2444.4,3182.6,2564.8
236109.421,40,2569.2,3201.8,2477.2
236109.461,40,2778,3208.4,2385.6
236109.501,40,3044.2,3122.8,2305
236109.541,40,3236.8,2917.4,2238.6
236109.581,40,3402,2772,2194
236109.621,40,3433.8,2643.8,2159.2
236109.661,40,3502.2,2571.4,2134.6
236109.701,40,3469.6,2531.2,2129.6
236109.741,40,3447.4,2560.8,2132.6
236109.781,40,3409.8,2626.4,2149.4
236109.821,40,3329.4,2731.4,2177.6
236109.861,40,3131.4,2873.8,2223.6
236109.901,40,2913,3065,2289.4
236109.941,40,2696.2,3244.6,2405.4
236109.981,40,2496.8,3269.8,2534.8
236110.021,40,2367,3186.6,2659.6
236110.061,40,2303.2,3078.6,2739.2
236110.101,40,2302.8,3062.8,2724.2
236110.141,40,2361.6,3103,2644.2
236110.181,40,2468.8,3126.8,2521.8
236110.221,40,2661.2,3159.6,2427.4
236110.261,40,2905.4,3069.4,2329.6
236110.301,40,3116.4,2889.2,2253.2
236110.341,40,3174,2699.8,2191.4
236110.381,40,3224.2,2586.6,2157.4
236110.421,40,3224.8,2513,2137.8
236110.461,40,3195.2,2477.8,2124.2
236110.501,40,3226,2500.2,2130.8
236110.541,40,3265.8,2564.8,2147.6
236110.581,40,3279.8,2649.8,2163.2
236110.621,40,3205,2772.2,2190.8
236110.661,40,3041.4,2924.2,2240.4
236110.701,40,2889,3130.6,2313.8
236110.741,40,2712.2,3280.2,2404.2
236110.781,40,2566.6,3351,2503.4
236110.821,40,2481.4,3342.4,2592.2
236110.861,40,2440.8,3339.6,2625
236110.901,40,2496.2,3356.2,2564.2
236110.941,40,2617.4,3290.6,2469.6
236110.981,40,2801,3261.4,2389.2
236111.021,40,3023.2,3121.6,2308.6
236111.061,40,3246,2935.6,2238.2
236111.101,40,3340.4,2752,2190
236111.141,40,3412.6,2639.6,2163.2
236111.181,40,3402.4,2570.8,2142.4
236111.221,40,3421,2559.2,2139.2
236111.261,40,3397.8,2606.6,2144
236111.301,40,3350.2,2698.6,2171.6
236111.341,40,3215.8,2819.4,2207.8
236111.381,40,2999.6,2957.4,2259.4
236111.421,40,2812.2,3148.6,2340.4
236111.461,40,2624.8,3270,2438.4
236111.501,40,2473.8,3283,2566.2
236111.541,40,2382.4,3207.8,2654.6
236111.581,40,2343.6,3148.8,2686
236111.621,40,2360.6,3135.4,2645.6
236111.661,40,2419.6,3089.8,2554.6
236111.701,40,2511.2,3075.2,2466.2
236111.741,40,2665.2,3054.2,2387.2
236111.781,40,2843.6,2984.8,2316
236111.821,40,3000,2858,2256.6
236111.861,40,3111.8,2741.4,2206.8
236111.901,40,3195.4,2655,2178
236111.941,40,3273.2,2601.2,2159.2
236111.981,40,3273.6,2585,2148.2
236112.021,40,3256.2,2610.4,2163.4
236112.061,40,3228.2,2670.2,2173.2
236112.101,40,3150.2,2745.6,2199.4
236112.141,40,3022,2850.4,2235.8
236112.181,40,2838.8,2954.6,2285.2
236112.221,40,2680.8,3100.2,2365
236112.261,40,2549.8,3174.4,2453
236112.301,40,2455.2,3171,2535.2
236112.341,40,2401.8,3146,2585.2
236112.381,40,2395.2,3118.2,2589.8
236112.421,40,2425.8,3109.8,2544.4
236112.461,40,2490.4,3057.4,2471.4
236112.501,40,2603.8,3010,2389.6
236112.541,40,2757.8,2952.6,2323.2
236112.581,40,2925.4,2848.6,2265.8
236112.621,40,3059.8,2736.8,2220
236112.661,40,3130.4,2645.2,2178.4
236112.701,40,3164.2,2570,2155.8
236112.741,40,3186.8,2531.2,2141.4
236112.781,40,3206.6,2539.6,2147
236112.821,40,3198.6,2588.6,2152.8
236112.861,40,3176.6,2644.6,2173.4
236112.901,40,3108,2738,2194
236112.941,40,3003.4,2859.6,2235.4
236112.981,40,2850,3001.2,2292.4
236113.021,40,2706.4,3135,2361
236113.061,40,2599,3207.4,2439.8
236113.101,40,2520.4,3219.6,2495.4
236113.141,40,2482,3231.8,2530.2
236113.181,40,2488.6,3234.2,2529.2
236113.221,40,2508.2,3235.4,2517
236113.261,40,2576,3190.4,2455.4
236113.301,40,2738.6,3161.4,2378.8
236113.341,40,2953.6,3041.6,2301
236113.381,40,3136.4,2860.2,2228.8
236113.421,40,3253.4,2700,2187.2
236113.461,40,3273.6,2592,2155.2
236113.501,40,3239.8,2518.2,2136.4
236113.541,40,3260.2,2486.2,2128.6
236113.581,40,3268.4,2492.6,2126.6
236113.621,40,3280.4,2525.4,2136
236113.661,40,3290.8,2577.4,2144.2
236113.701,40,3308.2,2616.4,2149.8
236113.741,40,3399.6,2677.2,2158.2
236113.781,40,3488.2,2735.2,2163
236113.821,40,3486.6,2755.2,2165.8
236113.861,40,3453,2739.4,2167
236113.901,40,3499.4,2757.8,2168
236113.941,40,3441.2,2777.4,2178.4
236113.981,40,3439.2,2806.2,2179.6
236114.021,40,3389.4,2803.4,2180.4
236114.061,40,3340,2809,2186.6
236114.101,40,3294.2,2821.4,2195.2
236114.141,40,3271.8,2823,2192.4
236114.181,40,3229,2785.4,2191
236114.221,40,3188,2753.8,2191
236114.261,40,3170.6,2747,2184.6
236114.301,40,3146.8,2748.8,2193.4
236114.341,40,3117.6,2793.6,2205.6
236114.381,40,3065.4,2835,2217
236114.421,40,3004.4,2914.4,2240.8
236114.461,40,2929.4,3018.8,2277
236114.501,40,2829.2,3149,2330.2
236114.541,40,2697.8,3245,2400.2
236114.581,40,2580.4,3312,2478.8
236114.621,40,2492,3338.4,2560.8
236114.661,40,2445.2,3294.6,2603.2
236114.701,40,2440,3268.8,2598.4
236114.741,40,2477.2,3244,2552.6
236114.781,40,2546.2,3225.6,2489.4
236114.821,40,2681.4,3208.6,2415.8
236114.861,40,2863.8,3145.8,2342.8
236114.901,40,3038.2,3014.6,2282.8
236114.941,40,3135.4,2852.6,2232.4
236114.981,40,3245.4,2746,2199.2
236115.021,40,3325,2676.6,2172.4
236115.061,40,3347,2630.4,2158.6
236115.101,40,3369.8,2631.2,2160.4
236115.141,40,3343,2673.2,2167.2
236115.181,40,3310.2,2739.8,2180
236115.221,40,3212,2804.6,2203
236115.261,40,3092.2,2893.6,2238.2
236115.301,40,2953.2,3004.8,2281
236115.341,40,2800.2,3087.2,2328.8
236115.381,40,2698.2,3189.8,2391
236115.421,40,2620.6,3218.4,2436.6
236115.461,40,2595.2,3230.6,2451.8
236115.501,40,2615.6,3220.6,2438.8
236115.541,40,2666.8,3179.4,2401
236115.581,40,2769,3128.6,2347.8
236115.621,40,2930,3035,2293.2
236115.661,40,3124.8,2908.8,2242.6
236115.701,40,3195.6,2730.8,2197.2
236115.741,40,3288.4,2629.8,2162.4
236115.781,40,3297.2,2550.2,2142.4
236115.821,40,3263.4,2500.4,2126.4
236115.861,40,3283.6,2490.2,2124
236115.901,40,3287.8,2513,2128
236115.941,40,3310.8,2563.2,2140.8
236115.981,40,3298.6,2632.2,2154
236116.021,40,3226.2,2736,2182
236116.061,40,3097,2871.2,2228.2
236116.101,40,2964,3054.2,2285
236116.141,40,2811.8,3211,2350
236116.181,40,2690.6,3276.2,2406.6
236116.221,40,2633.4,3305.2,2452.4
236116.261,40,2618.8,3312.6,2459
236116.301,40,2636.4,3286.4,2442.6
236116.341,40,2650.8,3279.2,2437.8
236116.381,40,2686.8,3258.4,2411.8
236116.421,40,2796.6,3218,2363.6
236116.461,40,2940,3103.8,2304.8
236116.501,40,3102.4,2946,2247
236116.541,40,3229.6,2795.4,2199.4
236116.581,40,3339.6,2672.6,2168
236116.621,40,3378.8,2579.4,2144.8
236116.661,40,3391.8,2508,2133.2
236116.701,40,3341.6,2456.8,2116
236116.741,40,3296,2419,2108.8
236116.781,40,3277.4,2420.4,2105.8
236116.821,40,3285.4,2452,2117.6
236116.861,40,3304.4,2498.6,2123.2
236116.901,40,3304.4,2572.6,2142.2
236116.941,40,3278.4,2691.6,2167.8
236116.981,40,3173.2,2827.4,2207.8
236117.021,40,3026,2954.2,2249.8
236117.061,40,2950.4,3078,2287.8
236117.101,40,2911.4,3141.4,2310.6
236117.141,40,2937.6,3147.4,2303.8
236117.181,40,3006,3120.2,2284.8
236117.221,40,3100.2,3050.6,2259.8
236117.261,40,3270,2941.6,2218.6
236117.301,40,3434.8,2780.2,2179.8
236117.341,40,3538.6,2630.6,2147.6
236117.381,40,3533.4,2496.2,2114.8
236117.421,40,3408.8,2392.2,2094.4
236117.461,40,3238.6,2320.4,2079.8
236117.501,40,3090.8,2270.4,2070.4
236117.541,40,2971.6,2235.6,2074.2
236117.581,40,2984.4,2243.2,2066.2
236117.621,40,3102.2,2307.6,2078.6
236117.661,40,3278.4,2434.2,2108.4
236117.701,40,3294.2,2627.8,2146.8
236117.741,40,3097.4,2846,2217.8
236117.781,40,2839.8,3014,2297
236117.821,40,2649.8,3079.4,2375.8
236117.861,40,2567.4,3082.4,2419.2
236117.901,40,2594.8,3021.8,2385.8
236117.941,40,2716,2961.8,2324
236117.981,40,2869.6,2871.8,2268.8
236118.021,40,3055,2772.8,2219.2
236118.061,40,3205.6,2658.4,2179
236118.101,40,3305.2,2544.2,2144
236118.141,40,3283.8,2438.6,2116.4
236118.181,40,3237.4,2360.4,2093.2
236118.221,40,3121,2302.6,2080.4
236118.261,40,2998.8,2258.4,2073
236118.301,40,2974.4,2260.4,2071
236118.341,40,3033.2,2295.8,2078.4
236118.381,40,3127,2373.2,2098.6
236118.421,40,3133.6,2513.6,2132.6
236118.461,40,3096.8,2714.6,2181.2
236118.501,40,2907.6,2878.2,2250.2
236118.541,40,2735,2981.6,2319
236118.581,40,2636.2,3000.4,2360.8
236118.621,40,2650.4,2963.6,2342.8
236118.661,40,2779.4,2915.2,2297
236118.701,40,2909,2801.6,2237.4
236118.741,40,3089.6,2706.4,2198.6
236118.781,40,3201.6,2585.4,2157.6
236118.821,40,3248.8,2475.2,2122.6
236118.861,40,3128.4,2379,2099.6
236118.901,40,3075.4,2318.4,2085.8
236118.941,40,2997.4,2284.6,2074.4
236118.981,40,2993.2,2280,2073
236119.021,40,3107.6,2332.2,2088.2
236119.061,40,3176.2,2437.4,2109.2
236119.101,40,3210.6,2638,2155.8
236119.141,40,3050.4,2868.6,2228
236119.181,40,2813,3056.2,2314.8
236119.221,40,2612.6,3124.6,2404
236119.261,40,2510.4,3133.2,2468.6
236119.301,40,2513.6,3099.6,2457.2
236119.341,40,2666,3098,2390.8
236119.381,40,2818,2920.4,2299.6
236119.421,40,3026.2,2780.6,2227.6
236119.461,40,3180.6,2628,2173
236119.501,40,3189.6,2485.8,2129.2
236119.541,40,3108,2373.6,2100.8
236119.581,40,2991.4,2297.4,2081
236119.621,40,2859.2,2242,2069
236119.661,40,2809.8,2214.4,2057
236119.701,40,2868.6,2230,2062.4
236119.741,40,3054.8,2296.2,2073.4
236119.781,40,3288.2,2429,2103.8
236119.821,40,3331.4,2649.6,2150.4
236119.861,40,3144.8,2921,2225.4
236119.901,40,2863.4,3148.2,2318.6
236119.941,40,2653.8,3258,2427.4
236119.981,40,2533.2,3262.2,2504.8
236120.021,40,2511.4,3250.4,2514.4
236120.061,40,2635.6,3284.4,2460.8
236120.101,40,2799,3101.8,2340.4
236120.141,40,3042.4,2937.4,2264.8
236120.181,40,3231.8,2741.6,2199
236120.221,40,3299.8,2573,2149
236120.261,40,3248.4,2437.8,2119.4
236120.301,40,3136,2345.4,2091.2
236120.341,40,2959.6,2277.6,2077.8
236120.381,40,2885.6,2241.4,2066.6
236120.421,40,2871.2,2235.8,2068.8
236120.461,40,2979.6,2274.6,2074.8
236120.501,40,3106.4,2364.4,2093.4
236120.541,40,3255.2,2538.2,2129.4
236120.581,40,3157.8,2776.2,2191.8
236120.621,40,2909.4,3021.4,2284.2
236120.661,40,2667.8,3163.4,2390.6
236120.701,40,2494,3195.2,2504.2
236120.741,40,2415.6,3169.4,2571.6
236120.781,40,2440,3091.4,2513.6
236120.821,40,2532.8,3056.6,2433.6
236120.861,40,2664.6,2965,2353.6
236120.901,40,2805.6,2839.4,2281.4
236120.941,40,2925.6,2691.4,2215.8
236120.981,40,3022,2571,2169.8
236121.021,40,3067.4,2463.4,2130.4
236121.061,40,3035.2,2374.2,2107.6
236121.101,40,2978.2,2310,2086.2
236121.141,40,2920,2267.2,2076.8
236121.181,40,2905,2255,2070.8
236121.221,40,3001.4,2287.8,2078.6
236121.261,40,3108.8,2353.8,2096.2
236121.301,40,3253,2507.8,2122.6
236121.341,40,3222.2,2716.6,2177.2
236121.381,40,2996.6,2929.2,2244
236121.421,40,2771.8,3075.8,2330.6
236121.461,40,2604.2,3131.8,2410.6
236121.501,40,2514.8,3124,2466.4
236121.541,40,2502.6,3080,2454
236121.581,40,2597.2,3049.4,2400.4
236121.621,40,2728.4,2956.4,2323.2
236121.661,40,2900.2,2866,2261.6
236121.701,40,3039.8,2744.6,2209.4
236121.741,40,3141.6,2634.2,2178.8
236121.781,40,3261,2561,2145
236121.821,40,3210.2,2467.8,2123.4
236121.861,40,3193,2410.8,2112.4
236121.901,40,3150.2,2368.8,2097.2
236121.941,40,3158.6,2364,2098
236121.981,40,3278,2422.8,2107.4
236122.021,40,3389,2542.2,2126.4
236122.061,40,3260.8,2754.2,2179.8
236122.101,40,3102.4,3049.8,2256.8
236122.141,40,2814.6,3284.6,2365.6
236122.181,40,2609.8,3389.4,2489.6
236122.221,40,2488.4,3373.2,2586.2
236122.261,40,2523.4,3404,2567.6
236122.301,40,2694.2,3352.4,2450.8
236122.341,40,2930.8,3195.2,2338.6
236122.381,40,3153.6,2951.4,2254.2
236122.421,40,3375.2,2757.8,2191.6
236122.461,40,3347.2,2555.8,2144.8
236122.501,40,3303.8,2431.2,2112.6
236122.541,40,3185.4,2349.4,2093
236122.581,40,3056.6,2296.2,2081.2
236122.621,40,3038.4,2281.2,2076.8
236122.661,40,3084.8,2299.4,2081.4
236122.701,40,3197.2,2361.6,2089.4
236122.741,40,3278,2485.4,2118
236122.781,40,3331.6,2692.2,2161
236122.821,40,3148.6,2959.2,2230.8
236122.861,40,2900.2,3235.4,2331
236122.901,40,2679,3415,2456.4
236122.941,40,2532,3485.8,2579.8
236122.981,40,2552.2,3552.6,2587.2
236123.021,40,2766,3601,2480.6
236123.061,40,3056.6,3382.6,2347
236123.101,40,3357,3060.8,2255.6
236123.141,40,3505.8,2768.8,2185
236123.181,40,3414,2544.6,2135.4
236123.221,40,3396,2421.2,2105.8
236123.261,40,3134.8,2321.2,2085.4
236123.301,40,2976.6,2269.2,2072.4
236123.341,40,2857.8,2240.4,2061.6
236123.381,40,2822.6,2228.2,2064.2
236123.421,40,2891,2246.6,2071
236123.461,40,3043.4,2311.4,2076.6
236123.501,40,3207.4,2426.2,2100.6
236123.541,40,3210,2610.6,2152
236123.581,40,3036.6,2865.6,2225.2
236123.621,40,2783.2,3112,2335.6
236123.661,40,2561.4,3251.8,2474.4
236123.701,40,2442,3305.2,2609.2
236123.741,40,2443.4,3378,2649.2
236123.781,40,2588.2,3450.6,2542.6
236123.821,40,2832.8,3390.8,2410
236123.861,40,3149,3201.8,2303.8
236123.901,40,3337.2,2921.4,2230.2
236123.941,40,3407.8,2708.2,2175.4
236123.981,40,3354.6,2551.2,2140.8
236124.021,40,3180,2430.6,2114
236124.061,40,3039.6,2358.8,2094.6
236124.101,40,2968.6,2318.2,2092.2
236124.141,40,2934.4,2304.4,2087.8
236124.181,40,2962.8,2323.8,2088.6
236124.221,40,3040.6,2369.8,2100.2
236124.261,40,3111.2,2462.8,2123.2
236124.301,40,3151.2,2662.6,2166
236124.341,40,2998,2897.8,2244.8
236124.381,40,2769.4,3141,2349.6
236124.421,40,2568.4,3298,2488.8
236124.461,40,2441.2,3346.2,2638.8
236124.501,40,2397.4,3391.8,2729
236124.541,40,2504.4,3539.8,2647.4
236124.581,40,2745.2,3548,2489.8
236124.621,40,3018,3248,2344
236124.661,40,3343.8,3005.8,2247.8
236124.701,40,3394.6,2717.4,2178.8
236124.741,40,3376.8,2539.4,2131.8
236124.781,40,3244.8,2413.4,2109.6
236124.821,40,3053.6,2330.8,2089.4
236124.861,40,2943.4,2283.6,2080.6
236124.901,40,2858,2251.6,2070.2
236124.941,40,2867.2,2250.6,2071
236124.981,40,2969.2,2284.8,2074.2
236125.021,40,3144.8,2377.4,2096.4
236125.061,40,3275.6,2543.2,2132.6
236125.101,40,3167.2,2788.4,2194
236125.141,40,2924,3052.6,2289.6
236125.181,40,2683.6,3249,2406.8
236125.221,40,2510.8,3340.2,2545.6
236125.261,40,2412.4,3384.8,2682.2
236125.301,40,2460,3526,2695.6
236125.341,40,2669.6,3705.6,2565.2
236125.381,40,3014,3551.4,2393.6
236125.421,40,3358.4,3163,2269.8
236125.461,40,3613,2845.2,2192.4
236125.501,40,3527.8,2592.8,2139.2
236125.541,40,3490.6,2435.8,2108
236125.581,40,3256.6,2330.8,2086.2
236125.621,40,3035.2,2263.8,2072.6
236125.661,40,2940.6,2240,2062.2
236125.701,40,2949,2237.2,2060.8
236125.741,40,3036.6,2268.2,2068.2
236125.781,40,3151.6,2326.8,2078.2
236125.821,40,3210.8,2416,2106.2
236125.861,40,3426.2,2568,2132.8
236125.901,40,3392.6,2745.4,2170
236125.941,40,3261,2924.4,2208
236125.981,40,3127.2,3107.8,2262.4
236126.021,40,2993.8,3238.6,2308.8
236126.061,40,2924,3347.4,2348.8
236126.101,40,2907.4,3416,2364.4
236126.141,40,2960.8,3437.6,2355.4
236126.181,40,3010.2,3446,2345.6
236126.221,40,3003.4,3479.4,2355.4
236126.261,40,2980,3480.4,2360.8
236126.301,40,2968.2,3516.8,2366.6
236126.341,40,2930.4,3530.8,2382
236126.381,40,2899.8,3530,2390.2
236126.421,40,2876,3527.8,2399.8
236126.461,40,2845.8,3525.2,2406.8
236126.501,40,2822,3522.4,2417.4
236126.541,40,2787,3506.4,2426
236126.581,40,2759.8,3495.8,2435
236126.621,40,2728.2,3489.6,2447
236126.661,40,2707.8,3474.4,2452.8
236126.701,40,2685.4,3452.6,2463.8
236126.741,40,2657,3438,2473
236126.781,40,2635.8,3428.6,2479.2
236126.821,40,2612.2,3417,2495.8
236126.861,40,2590.6,3397.6,2502.8
236126.901,40,2561,3385.4,2521
236126.941,40,2534.4,3362,2532.4
236126.981,40,2518.2,3329,2536.4
236127.021,40,2508.4,3300.2,2538
236127.061,40,2510.8,3277.6,2523.4
236127.101,40,2561.4,3226.8,2472.8
236127.141,40,2677.6,3166.6,2396.6
236127.181,40,2858.6,3098.2,2326.6
236127.221,40,3100.6,2992.4,2266.2
236127.261,40,3284.2,2822.6,2206.6
236127.301,40,3398,2674,2169.8
236127.341,40,3414.6,2558.2,2138.4
236127.381,40,3415.8,2496.8,2117.2
236127.421,40,3371.2,2478.4,2117
236127.461,40,3426.6,2541.8,2126.8
236127.501,40,3466.6,2645.2,2147.8
236127.541,40,3434.6,2827.2,2178.2
236127.581,40,3296.4,3059.4,2237.2
236127.621,40,3101,3403,2314.6
236127.661,40,2896.6,3713,2423
236127.701,40,2708,3783.2,2525.8
236127.741,40,2617.4,3742.4,2583
236127.781,40,2635,3707.8,2557
236127.821,40,2720.8,3615.4,2490.2
236127.861,40,2840.2,3406.2,2400.2
236127.901,40,3063.6,3289.2,2321.2
236127.941,40,3243.2,3025,2249.6
236127.981,40,3424.4,2811.8,2194.2
236128.021,40,3444.6,2626.2,2154.2
236128.061,40,3351.6,2490,2127.4
236128.101,40,3236.4,2409.6,2105.8
236128.141,40,3195,2390.8,2097
236128.181,40,3232,2428,2107.8
236128.221,40,3301.4,2507,2122.6
236128.261,40,3348.8,2653,2150.4
236128.301,40,3273.2,2853.8,2197.8
236128.341,40,3107.6,3103.6,2265.2
236128.381,40,2882,3383.8,2362.8
236128.421,40,2680.4,3589,2492.2
236128.461,40,2553.4,3683.6,2617
236128.501,40,2550.2,3749.4,2644.6
236128.541,40,2688.2,3833.6,2550.6
236128.581,40,2919,3751,2439.8
236128.621,40,3194.8,3487.6,2333.6
236128.661,40,3469.6,3174.2,2254.4
236128.701,40,3612.6,2885.4,2194.6
236128.741,40,3675.2,2697.8,2150.8
236128.781,40,3525.6,2534,2126.2
236128.821,40,3407.4,2450.2,2110.6
236128.861,40,3350.2,2438.2,2105.8
236128.901,40,3408.6,2500.6,2118
236128.941,40,3437.4,2603.6,2137.8
236128.981,40,3363.8,2796.4,2179.4
236129.021,40,3216,3053.8,2238.2
236129.061,40,2969,3364.2,2340.4
236129.101,40,2701.6,3587,2476.4
236129.141,40,2521,3685,2655.4
236129.181,40,2458,3714,2741.4
236129.221,40,2563.8,3784.8,2648
236129.261,40,2789.6,3776.8,2492.8
236129.301,40,3143,3611,2358.4
236129.341,40,3523.2,3262.4,2257.6
236129.381,40,3685.4,2921.2,2194.2
236129.421,40,3709,2714.6,2158.2
236129.461,40,3667.6,2573.6,2130.2
236129.501,40,3507.4,2491.2,2115.6
236129.541,40,3466.2,2464.8,2111.4
236129.581,40,3458.8,2503.4,2118.8
236129.621,40,3489,2566,2131.8
236129.661,40,3485.2,2665.6,2151
236129.701,40,3483.4,2853.6,2184.8
236129.741,40,3361.8,3149,2238.6
236129.781,40,3136.6,3488.8,2317
236129.821,40,2839.2,3602.8,2419
236129.861,40,2674.2,3717,2540.6
236129.901,40,2610.4,3882,2628
236129.941,40,2709.8,3892.8,2556.8
236129.981,40,2922.6,3749.2,2438.4
236130.021,40,3177.8,3395.2,2328.2
236130.061,40,3302,3001,2245
236130.101,40,3320.8,2754.2,2189.6
236130.141,40,3200.8,2582,2159.2
236130.181,40,3146.8,2495.2,2137.4
236130.221,40,3231.6,2491.6,2131.2
236130.261,40,3105.2,2460.4,2132
236130.301,40,3126.4,2488.2,2132.6
236130.341,40,3148,2521.4,2140.6
236130.381,40,3197,2601.8,2159
236130.421,40,3229.2,2740,2184.6
236130.461,40,3164,2961.8,2235.4
236130.501,40,2998,3240.2,2303.6
236130.541,40,2826.2,3458.4,2397.2
236130.581,40,2684.4,3640.2,2497.6
236130.621,40,2613.4,3766.6,2579.6
236130.661,40,2667,3835.8,2569.6
236130.701,40,2850.2,3789.4,2462.4
236130.741,40,3118.6,3635,2359.4
236130.781,40,3457.6,3352.2,2272.6
236130.821,40,3734.6,3025,2209
236130.861,40,3816.4,2787.8,2164.4
236130.901,40,3761.2,2626.4,2136.4
236130.941,40,3668,2531,2119.4
236130.981,40,3581.4,2492.2,2113.8
236131.021,40,3556.2,2510.6,2120.4
236131.061,40,3557.6,2578.8,2127.8
236131.101,40,3531.8,2686.4,2152.6
236131.141,40,3435.6,2852,2188.6
236131.181,40,3251.2,3108.6,2250.6
236131.221,40,3012.8,3364.2,2325
236131.261,40,2780.6,3555,2436.8
236131.301,40,2615.4,3639.6,2553.8
236131.341,40,2502.2,3658.8,2666.2
236131.381,40,2484.4,3669,2689.2
236131.421,40,2616.8,3774,2597
236131.461,40,2897,3734.2,2442.4
236131.501,40,3274.8,3406.8,2306.2
236131.541,40,3629,3054.6,2219.8
236131.581,40,3762.2,2786.4,2167.6
236131.621,40,3762.6,2612.4,2131.8
236131.661,40,3687.8,2517.4,2118
236131.701,40,3640.6,2479.6,2105.8
236131.741,40,3645.4,2498.6,2112.6
236131.781,40,3632.8,2549.8,2122.2
236131.821,40,3643.8,2624.2,2138.2
236131.861,40,3569.4,2745,2161.2
236131.901,40,3453,2954,2204.6
236131.941,40,3212.4,3222.2,2271.2
236131.981,40,2993.2,3527,2360.4
236132.021,40,2762.4,3720.2,2484.2
236132.061,40,2615.8,3868.8,2616.2
236132.101,40,2579,3889.2,2655.4
236132.141,40,2697,3866,2557.8
236132.181,40,2906.4,3613,2418.2
236132.221,40,3155.4,3325.6,2315.6
236132.261,40,3336.6,3033.6,2242
236132.301,40,3372.8,2787.2,2192.2
236132.341,40,3319.8,2629.8,2165
236132.381,40,3231.8,2531.8,2147
236132.421,40,3159.4,2479.4,2133.6
236132.461,40,3117.2,2460.2,2127
236132.501,40,3114.2,2473,2132.4
236132.541,40,3136.4,2514.8,2140.2
236132.581,40,3135.4,2570.8,2152.8
236132.621,40,3108.6,2662,2173.4
236132.661,40,3009.4,2805,2219
236132.701,40,2868.2,3016,2293.6
236132.741,40,2666.6,3157.4,2388.8
236132.781,40,2508,3186.8,2485
236132.821,40,2445.2,3153,2541
236132.861,40,2497.8,3135,2496.8
236132.901,40,2654.4,3202.8,2424.8
236132.941,40,2910.2,3204.8,2342
236132.981,40,3212.6,3069.2,2266.8
236133.021,40,3465.8,2881.4,2207.4
236133.061,40,3570.8,2703.6,2162.8
236133.101,40,3615.8,2584.2,2138.2
236133.141,40,3567.2,2493.6,2116.6
236133.181,40,3453.6,2441,2105.6
236133.221,40,3399.4,2430.4,2105
236133.261,40,3421.6,2475,2114.2
236133.301,40,3478.6,2565.2,2131.2
236133.341,40,3437,2698.6,2157.8
236133.381,40,3241.6,2892.2,2208.2
236133.421,40,3031.4,3168.8,2291.4
236133.461,40,2762.8,3374.6,2406.8
236133.501,40,2557.8,3456.2,2549.8
236133.541,40,2473.8,3433,2626.4
236133.581,40,2559.8,3460.6,2561
236133.621,40,2780.6,3475.2,2439.4
236133.661,40,3062.6,3256.2,2322
236133.701,40,3340.2,2978.4,2241.2
236133.741,40,3446.4,2728,2177
236133.781,40,3485.8,2574,2141.4
236133.821,40,3413,2464.6,2113.4
236133.861,40,3265.8,2399.8,2101
236133.904,43,3246.6,2386.6,2094.2
236133.944,40,3280.8,2411.6,2101.6
236133.984,40,3343.4,2478.4,2117.2
236134.099,115,3259.2,2913.4,2214
236134.242,143,2447.8,3437,2656.2
236134.385,143,3242.2,3138.6,2282.6
236134.491,106,3392.6,2501.2,2124.4
236134.531,40,3229.8,2400,2104.4
236134.571,40,3107.4,2350.2,2093.6
236134.611,40,3090.4,2337.8,2089.8
236134.651,40,3104.8,2357.8,2096.4
236134.691,40,3171,2381.6,2106.8
236134.731,40,3231.6,2428.8,2109.6
236134.771,40,3331,2519.2,2125.8
236134.811,40,3363.8,2680.2,2155.2
236134.851,40,3293.2,2914.8,2206.8
236134.891,40,3066.6,3227.8,2295.2
236134.931,40,2784.8,3484.2,2423.2
236134.971,40,2550.6,3585.8,2592
236135.011,40,2451.6,3582.8,2722.4
236135.051,40,2534.6,3667,2660
236135.091,40,2745.8,3721.2,2516.4
236135.131,40,3009.6,3460.4,2381.6
236135.171,40,3344.6,3192.6,2277
236135.211,40,3496,2881.2,2206.8
236135.251,40,3506.8,2672.8,2160
236135.291,40,3478.4,2531.2,2131.6
236135.331,40,3309.8,2435,2114.4
236135.371,40,3195.6,2382,2099.6
236135.411,40,3146.8,2368.2,2098
236135.451,40,3170.2,2388.4,2098.2
236135.491,40,3237.4,2420.4,2104.6
236135.531,40,3305.2,2457.8,2113
236135.571,40,3403,2518.2,2120.6
236135.611,40,3552.4,2617.8,2132.8
236135.651,40,3632.6,2733.2,2149.2
236135.691,40,3669.4,2885,2171.4
236135.731,40,3450.6,3018.8,2210.8
236135.771,40,3452.2,3303,2249.2
236135.811,40,3290,3526,2303.8
236135.851,40,3111,3640.8,2348.6
236135.891,40,3001.8,3610.4,2369.4
236135.931,40,2968.6,3522.2,2371
236135.971,40,2936.6,3448.6,2361.2
236136.011,40,2921.8,3354.2,2348.8
236136.051,40,2940.2,3253.2,2334.2
236136.091,40,2964,3140.4,2306
236136.131,40,2978.6,3025.6,2280.2
236136.171,40,2978.8,2908,2253.2
236136.211,40,2980.8,2837,2239.4
236136.251,40,2973.8,2788.8,2229.4
236136.291,40,2956,2767.6,2226.4
236136.331,40,2942.2,2772.2,2223.2
236136.371,40,2911.6,2801,2238
236136.411,40,2905.6,2834,2248
236136.451,40,2925.2,2863.8,2253
236136.491,40,2951.2,2902,2260.8
236136.531,40,2979.6,2939.8,2259
236136.571,40,2990,2974.2,2262.2
236136.611,40,3004,3013.2,2270.6
236136.651,40,3006,3043.8,2283.4
236136.691,40,3029.2,3097.2,2282.2
236136.731,40,3038,3122.4,2288.2
236136.771,40,3043,3160.6,2295
236136.811,40,3048.6,3191.6,2298.6
236136.851,40,3026,3228,2305
236136.891,40,2991.2,3255.4,2317
236136.931,40,2955.2,3294.4,2335.4
236136.971,40,2903.8,3329.4,2350.4
236137.011,40,2835.6,3387.4,2385.2
236137.051,40,2725.2,3474.8,2441.8
236137.091,40,2602.6,3528.6,2522.6
236137.131,40,2523.6,3538.6,2601.2
236137.171,40,2508.4,3541,2613.6
236137.211,40,2628.6,3553.8,2529.8
236137.251,40,2827.6,3511,2422.6
236137.291,40,3072,3330.8,2331.8
236137.331,40,3273,3159.8,2273.2
236137.371,40,3390.8,3026.2,2234
236137.411,40,3396.4,2969.4,2224.6
236137.451,40,3358.2,3041.4,2241.2
236137.491,40,3218.6,3133,2274.4
236137.531,40,2976.4,3221.2,2334
236137.571,40,2690.4,3315.2,2438
236137.611,40,2473.2,3343.6,2587.8
236137.651,40,2411,3272,2637.8
236137.691,40,2538.6,3234.6,2503.6
236137.731,40,2792.2,3282.2,2399
236137.771,40,3007.2,3104,2311
236137.811,40,3215.6,2994.4,2253.2
236137.851,40,3278.6,2864,2220.2
236137.891,40,3316.2,2811,2203.8
236137.931,40,3285.4,2812.8,2203.8
236137.971,40,3202.6,2859.6,2223.2
236138.011,40,3096.6,2952,2256.2
236138.051,40,2877.6,3100.8,2325.6
236138.091,40,2639.6,3334,2456
236138.131,40,2459.8,3439.4,2641.8
236138.171,40,2543.2,3681.8,2665.8
236138.211,40,2770.8,3476.6,2469.6
236138.251,40,3017.2,3253.6,2348.8
236138.291,40,3180.2,3030.6,2272.2
236138.331,40,3290.4,2878.6,2224.8
236138.371,40,3275.6,2765.4,2198.8
236138.411,40,3284.2,2747.8,2192.4
236138.451,40,3187.4,2803,2212.8
236138.491,40,3019.8,2951,2265.8
236138.531,40,2767,3082,2347.8
236138.571,40,2538.4,3252.8,2494.6
236138.611,40,2377.2,3222.2,2653.4
236138.651,40,2298.2,3098.4,2758.8
236138.691,40,2371,3238.4,2706
236138.731,40,2530,3223.2,2527.6
236138.771,40,2758.4,3203.2,2413.4
236138.811,40,2966.6,3056.2,2318
236138.851,40,3086.6,2900.4,2256.4
236138.891,40,3193,2822.2,2220.6
236138.931,40,3191.6,2793.6,2209.2
236138.971,40,3125.6,2880.4,2236.8
236139.011,40,3015.4,3011.2,2278.8
236139.051,40,2783.6,3205,2368.2
236139.091,40,2543.4,3349,2523.4
236139.131,40,2383.8,3333.6,2709.8
236139.171,40,2301,3253,2856.4
236139.211,40,2375,3440.8,2789.8
236139.251,40,2580.4,3644.2,2614
236139.291,40,2793.6,3369.8,2429.6
236139.331,40,3025.8,3199,2337.6
236139.461,130,3200.8,2844.2,2228
236139.501,40,3077,2919.2,2254
236139.541,40,2898.6,3052.8,2316.2
236139.581,40,2659.6,3148,2412
236139.621,40,2459.4,3260,2572.4
236139.661,40,2344.8,3242.2,2731.6
236139.701,40,2291.6,3204.6,2862.8
236139.741,40,2356,3448.8,2828.8
236139.781,40,2552.8,3414,2570.2
236139.821,40,2793.6,3283.6,2408.4
236139.861,40,3029.4,3112.6,2313.8
236139.901,40,3192.8,2943.8,2253.4
236139.941,40,3249.4,2813.8,2218.2
236139.981,40,3270.8,2764.8,2198.4
236140.021,40,3165.8,2826.6,2216.8
236140.061,40,3037.8,2984.6,2271.2
236140.101,40,2806.4,3163.6,2348.6
236140.141,40,2599,3365.8,2483.6
236140.181,40,2450.6,3422.6,2644.4
236140.221,40,2351.4,3392.8,2811.6
236140.261,40,2326.4,3402.8,2868.4
236140.301,40,2440.8,3529.2,2722.4
236140.341,40,2609.8,3528.2,2557
236140.381,40,2779.2,3387.2,2430.6
236140.421,40,2917.2,3236,2359.8
236140.461,40,3004.2,3121,2313.6
236140.501,40,3037.8,3078.6,2300.2
236140.541,40,2976.4,3056.8,2305.4
236140.581,40,2907.2,3091,2331.4
236140.621,40,2858.2,3098,2344.6
236140.661,40,2883.4,3117.8,2339.8
236140.701,40,2891.6,3108.4,2339.2
236140.741,40,2892.4,3166,2354.2
236140.781,40,2896.8,3218.2,2364.2
236140.821,40,2917.2,3258.8,2367.6
236140.861,40,2924,3309.2,2375.6
236140.901,40,2943.8,3364.6,2382
236140.941,40,2974,3431.2,2385.8
236140.981,40,2973.8,3477.2,2390.8
236141.021,40,2954.4,3460.4,2394.4
236141.061,40,2993.8,3533.8,2393.4
236141.101,40,3064,3581.8,2388.4
236141.141,40,3148.8,3527.8,2356
236141.181,40,3275,3409,2316.4
236141.221,40,3421,3260.4,2274
236141.261,40,3528.6,3100.2,2236.2
236141.301,40,3609,2981.2,2212
236141.341,40,3649,2912,2199.6
236141.381,40,3607.6,2903.6,2201
236141.421,40,3554,2981.8,2213.2
236141.461,40,3505.4,3104.2,2237.6
236141.501,40,3326.4,3242.4,2278.4
236141.541,40,3095,3396.4,2334.4
236141.581,40,2878.6,3574.2,2423.8
236141.621,40,2665.8,3590.6,2516.6
236141.661,40,2531.8,3562.6,2607.6
236141.701,40,2473.6,3537,2667.8
236141.741,40,2475.4,3499.2,2647.4
236141.781,40,2522.2,3485.2,2596.2
236141.821,40,2612.4,3430,2511.4
236141.861,40,2748.6,3416.2,2441.2
236141.901,40,2894.6,3272.8,2366.6
236141.941,40,3056,3129.6,2308.2
236141.981,40,3165.8,2980.6,2255.8
236142.021,40,3242.6,2880.6,2229.4
236142.061,40,3278.8,2853.4,2217.8
236142.101,40,3213.2,2873.6,2233.2
236142.141,40,3193.4,2980.2,2253.4
236142.181,40,3106.2,3088.6,2285.4
236142.221,40,2990.6,3257.6,2340
236142.261,40,2835.4,3416,2409.6
236142.301,40,2682.2,3500,2489.8
236142.341,40,2581.2,3551.8,2569
236142.381,40,2546.2,3540.4,2590.4
236142.421,40,2573.8,3533.2,2568
236142.461,40,2629,3490,2513.6
236142.501,40,2728.2,3469,2454.8
236142.541,40,2872.6,3351.8,2383
236142.581,40,3060.6,3215.2,2314.6
236142.621,40,3250.6,3049.8,2259.8
236142.661,40,3342.4,2887,2218.2
236142.701,40,3432.6,2812.2,2198.4
236142.741,40,3394.6,2789.2,2190.8
236142.781,40,3331.2,2826.6,2200.8
236142.821,40,3290.6,2926.6,2225
236142.861,40,3154.2,3017.4,2256.8
236142.901,40,2979.6,3134.4,2308.4
236142.941,40,2779.4,3242.2,2378.4
236142.981,40,2591,3266.8,2470.6
236143.021,40,2467.6,3259.6,2554.4
236143.061,40,2417.2,3197,2598.2
236143.101,40,2413,3135.8,2571.6
236143.141,40,2451.8,3068,2502.8
236143.181,40,2521.8,3022.8,2434
236143.221,40,2631.8,3000,2371.2
236143.261,40,2768.6,2946.8,2317.6
236143.301,40,2922.6,2876.6,2270.8
236143.341,40,3039.6,2795.6,2233.2
236143.381,40,3149.4,2744.8,2202.4
236143.421,40,3241.2,2731.8,2193.6
236143.461,40,3256,2748.2,2194.8
236143.501,40,3261.4,2828,2209.8
236143.541,40,3214.2,2941.8,2238.6
236143.581,40,3052.2,3081.2,2284.6
236143.621,40,2831.8,3213,2360.8
236143.661,40,2605.2,3275.4,2467.2
236143.701,40,2466.2,3283.4,2588.8
236143.741,40,2365.2,3190.4,2674.2
236143.781,40,2322.4,3112.4,2709.2
236143.821,40,2339.8,3060,2644.4
236143.861,40,2397.8,3034.8,2548.4
236143.901,40,2502.8,3038,2462.4
236143.941,40,2637.8,3005,2382.6
236143.981,40,2812.6,2980.8,2327.2
236144.021,40,2949.4,2879,2268.4
236144.061,40,3049.2,2791.8,2233.2
236144.101,40,3143.2,2737.6,2204.8
236144.141,40,3185,2698.4,2184.8
236144.181,40,3214.4,2717.6,2190.2
236144.221,40,3202.8,2800,2205.2
236144.261,40,3160.2,2901.8,2235
236144.301,40,3019,3044.4,2278.4
236144.341,40,2818.2,3172,2349.4
236144.381,40,2611.8,3259,2452.4
236144.421,40,2467,3230.2,2553.6
236144.461,40,2369.2,3163.2,2649.6
236144.501,40,2317.6,3082.2,2700.8
236144.541,40,2306,3021.4,2679.8
236144.581,40,2334,2998.8,2618.2
236144.621,40,2400.8,3002.4,2531.8
236144.661,40,2506.4,2984.2,2437.4
236144.701,40,2659.8,2979.8,2366.6
236144.741,40,2829.4,2924.2,2304.8
236144.781,40,2982.8,2842.4,2256.4
236144.821,40,3083.2,2763,2219.6
236144.861,40,3185.8,2721.8,2195.2
236144.901,40,3233.2,2721.2,2188.4
236144.941,40,3247.8,2798.4,2202.6
236144.981,40,3195.8,2910.2,2231
236145.021,40,3051.2,3051.2,2276.2
236145.061,40,2812,3154.8,2349.6
236145.101,40,2606,3268.6,2460
236145.141,40,2444.8,3214.4,2570.6
236145.181,40,2337.4,3111,2665.2
236145.221,40,2277,2992.6,2732
236145.261,40,2258,2902.4,2701.4
236145.301,40,2287,2916.4,2647.4
236145.341,40,2356.6,2926.8,2549.6
236145.381,40,2467.4,2958.4,2462
236145.421,40,2621.2,2949,2376.2
236145.461,40,2777,2890.8,2313
236145.501,40,2897.4,2806.8,2255.8
236145.541,40,3024.6,2744.4,2218.6
236145.581,40,3098.8,2701,2199.4
236145.621,40,3130.4,2717.6,2193
236145.661,40,3142,2786.6,2211.6
236145.701,40,3107.6,2889.4,2242.2
236145.741,40,2948.8,2998.8,2288.8
236145.781,40,2738.8,3092.4,2358.6
236145.821,40,2525.8,3104.4,2456.4
236145.861,40,2387.2,3050.4,2567
236145.901,40,2298.8,2952.2,2644.4
236145.941,40,2262.2,2847.8,2657
236145.981,40,2264.6,2818.2,2618
236146.021,40,2310.2,2815.6,2537
236146.061,40,2384.4,2860,2475.8
236146.101,40,2510.8,2926.8,2422.2
236146.141,40,2663,2944.8,2366
236146.181,40,2811,2874.2,2301
236146.221,40,2974.8,2824.4,2251
236146.261,40,3114.8,2773.8,2215.4
236146.301,40,3249.8,2735.4,2190.2
236146.341,40,3344.8,2723.8,2187.4
236146.381,40,3248.6,2741.2,2185.8
236146.421,40,3281.6,2874,2204.4
236146.461,40,3237.6,3078.6,2250.8
236146.501,40,3006.8,3297.4,2326.6
236146.541,40,2689.2,3324.8,2425.4
236146.581,40,2481.2,3189.4,2526.6
236146.621,40,2355.8,3037.4,2597
236146.661,40,2292.6,2900,2628.4
236146.701,40,2282.6,2829.6,2591.2
236146.741,40,2317.6,2812.4,2517.2
236146.781,40,2395,2817.6,2443.6
236146.821,40,2515.2,2915.2,2409.8
236146.861,40,2664,2915.2,2348
236146.901,40,2814,2887.6,2300.6
236146.941,40,2974.2,2865,2263.8
236146.981,40,3104.8,2833.2,2237.2
236147.021,40,3222.4,2817.6,2216.4
236147.061,40,3291,2826.4,2210.8
236147.101,40,3278.2,2871.2,2211.4
236147.141,40,3327.6,3007.8,2226.2
236147.181,40,3316,3163,2247.2
236147.221,40,3210.8,3454.4,2311.8
236147.261,40,2890.8,3527,2394.6
236147.301,40,2630.6,3450.6,2490.6
236147.341,40,2478.8,3291.8,2558
236147.381,40,2394.4,3140.4,2587.6
236147.421,40,2364.2,2989.4,2552.2
236147.461,40,2348.8,2908,2526.4
236147.501,40,2342.6,2862.8,2506.8
236147.541,40,2366.6,2877.6,2490.2
236147.581,40,2410,2917.8,2469.8
236147.621,40,2481.4,2995.8,2453.6
236147.661,40,2573.6,3072.2,2427.4
236147.701,40,2713.2,3238.4,2410.8
236147.741,40,2876.2,3400.2,2398
236147.781,40,2917.2,3276,2354.8
236147.821,40,2971.2,3291.4,2341.4
236147.861,40,3013.8,3408.2,2352.6
236147.901,40,3060.6,3608.4,2380.6
236147.941,40,2991.8,3695.4,2407.6
236147.981,40,2904,3680,2435.2
236148.021,40,2833.4,3638,2454.4
236148.061,40,2757.8,3574.6,2473.8
236148.101,40,2681.6,3569.8,2511.4
236148.141,40,2593.8,3530.2,2554.4
236148.181,40,2519.8,3475.6,2598.2
236148.221,40,2493.4,3472.4,2620.4
236148.261,40,2510.6,3471,2603.2
236148.301,40,2582.8,3464.2,2542.8
236148.341,40,2716.2,3436,2464.8
236148.381,40,2895.4,3324.2,2377
236148.421,40,3072.2,3168.6,2306.8
236148.461,40,3173.8,3009.4,2260.8
236148.501,40,3202.2,2901.4,2237.6
236148.541,40,3199.8,2892.6,2233.6
236148.581,40,3087,2954.2,2259
236148.621,40,2935.2,3076.8,2309.4
236148.661,40,2683.6,3180,2405.6
236148.701,40,2482.4,3247.8,2544.8
236148.741,40,2368,3259.2,2709.2
236148.781,40,2442.2,3519.2,2708.2
236148.821,40,2659,3322.2,2467.4
236148.861,40,2950.8,3243.8,2349.6
236148.901,40,3226.6,3057,2269.4
236148.941,40,3330.2,2857.6,2217.2
236148.981,40,3410.4,2747.4,2179.2
236149.021,40,3425.4,2719,2171.2
236149.061,40,3328.2,2790.6,2195
236149.101,40,3226.8,2977.2,2234.4
236149.141,40,2928.2,3209.4,2323.8
236149.181,40,2617.2,3425,2488
236149.221,40,2423,3497.2,2711.2
236149.261,40,2328.2,3423.2,2887.2
236149.301,40,2476,3582.8,2690.2
236149.341,40,2718.6,3391.2,2454
236149.381,40,3001.8,3220.6,2340.2
236149.421,40,3247.4,3024,2260.4
236149.461,40,3360.2,2844.6,2205.8
236149.501,40,3379.2,2742.8,2186.4
236149.541,40,3327.2,2726,2176.4
236149.581,40,3220.6,2806,2202.2
236149.621,40,3117.2,2984.8,2252.8
236149.661,40,2855.8,3145.8,2329
236149.701,40,2599.8,3405.6,2490.4
236149.741,40,2418.6,3414,2685.8
236149.781,40,2301.4,3328.8,2880.2
236149.821,40,2391,3469.2,2767.6
236149.861,40,2600.2,3358.8,2517
236149.901,40,2869.6,3323.2,2397
236149.941,40,3123.2,3155,2308.8
236149.981,40,3323.6,3001.8,2245.8
236150.021,40,3408.4,2870,2208.2
236150.061,40,3435.2,2824.2,2198.8
236150.101,40,3339.8,2881,2211.8
236150.141,40,3242.8,3055.8,2252.6
236150.181,40,2937.4,3253.8,2342.8
236150.221,40,2628,3512,2509.8
236150.261,40,2424,3555.2,2745.6
236150.301,40,2299,3383.4,2970
236150.341,40,2364,3525.8,2859
236150.381,40,2539.2,3450.6,2592.8
236150.421,40,2784.4,3424.6,2443.2
236150.461,40,3040.6,3262,2340.8
236150.501,40,3200.6,3051,2275
236150.541,40,3268.2,2900.6,2230.2
236150.581,40,3348,2855.8,2211.2
236150.621,40,3300.6,2888,2218.6
236150.661,40,3195.4,2984.8,2254.4
236150.701,40,3021,3153.8,2308.6
236150.741,40,2737.6,3370.6,2430.6
236150.781,40,2477.8,3424.4,2609.6
236150.821,40,2331.4,3335.8,2817.2
236150.861,40,2274.2,3221.8,2913.2
236150.901,40,2375.8,3386,2765.6
236150.941,40,2617.2,3443.6,2539.6
236150.981,40,2863.6,3176.2,2364.6
236151.021,40,3118,3004.4,2282.2
236151.061,40,3206.4,2810.8,2217
236151.101,40,3258.2,2720,2189.8
236151.141,40,3239.2,2714.2,2184.4
236151.181,40,3217.8,2829.4,2212.4
236151.221,40,3112.6,2965.8,2249
236151.261,40,2879.8,3164,2329.6
236151.301,40,2602.8,3347.8,2476.2
236151.341,40,2400.8,3318.2,2671.8
236151.381,40,2285.6,3195.6,2860.8
236151.421,40,2356.8,3348,2769.2
236151.461,40,2568.6,3465,2576
236151.501,40,2827.8,3331.6,2416.4
236151.541,40,3072.6,3136.6,2314.2
236151.581,40,3298.6,2993.4,2251.8
236151.621,40,3288,2805.6,2202.4
236151.661,40,3348.2,2755.6,2194.8
236151.701,40,3268.6,2807.2,2207.4
236151.741,40,3212.2,3000.4,2247
236151.781,40,2970.8,3139.6,2310
236151.821,40,2673.6,3366.8,2446
236151.861,40,2442,3435.4,2661.4
236151.901,40,2289,3299.8,2927.2
236151.941,40,2244.2,3214.4,3025.6
236151.981,40,2328.2,3309.6,2836.6
236152.021,40,2459,3458.8,2688.4
236152.061,40,2617.8,3417.8,2534.2
236152.101,40,2772,3326.2,2434.2
236152.141,40,2869.8,3162,2364.6
236152.181,40,2991.2,3123.2,2329
236152.221,40,3026,3060.4,2308
236152.261,40,2977,3018.2,2303.2
236152.301,40,2916.8,3118.8,2334.6
236152.341,40,2782.4,3176,2388.2
236152.381,40,2633.6,3230.8,2460.2
236152.421,40,2507.4,3217.2,2538.2
236152.461,40,2425,3167.4,2593
236152.501,40,2391,3165,2634
236152.541,40,2403.6,3186.4,2627.4
236152.581,40,2428.6,3187.8,2600.8
236152.621,40,2445.4,3238.8,2603
236152.661,40,2458.6,3222.2,2575
236152.701,40,2470.2,3181.2,2552.6
236152.741,40,2473.4,3140,2533.4
236152.781,40,2482.4,3135.2,2521.2
236152.821,40,2481,3104,2509.4
236152.861,40,2475.8,3092.8,2511.4
236152.901,40,2468.2,3079.8,2514.8
236152.941,40,2450.8,3056.6,2514.4
236152.981,40,2436.6,3042,2519.2
236153.021,40,2428.2,3030.4,2520.4
236153.061,40,2421.8,3025,2527.4
236153.101,40,2414.6,3030.4,2529
236153.141,40,2420,3043.4,2531.2
236153.181,40,2432,3061.2,2529.4
236153.221,40,2462.4,3095,2524.2
236153.261,40,2488.8,3095.4,2497.4
236153.301,40,2529.6,3120.4,2479
236153.341,40,2586.2,3146.4,2456
236153.381,40,2641.2,3186.8,2444.2
236153.421,40,2703.6,3239.8,2433.4
236153.461,40,2753.2,3291.2,2419.2
236153.501,40,2798.8,3319.6,2413.6
236153.541,40,2830.2,3340,2408.8
236153.581,40,2853.8,3366,2403.8
236153.621,40,2871.6,3381.6,2404.6
236153.661,40,2877,3402.8,2406.2
236153.701,40,2883.4,3390.4,2402
236153.741,40,2884,3390,2403.4
236153.781,40,2872.8,3370.6,2400
236153.821,40,2867.4,3354.6,2398.4
236153.861,40,2860,3346.2,2400
236153.901,40,2853.6,3303.6,2395.6
236153.941,40,2839.8,3274.2,2389.4
236153.981,40,2835.6,3247.6,2386.8
236154.021,40,2832,3219,2386.8
236154.061,40,2818.2,3186.4,2379
